ID	Waveform	Period	Phase	Nadir	Tau	P
-0.5903576803247852	cosine	8.0	0.0	4.0	0.39477101697586137	0.03699704127429398
-0.10914654357915424	cosine	8.0	4.0	0.0	0.03289758474798845	0.44082120393931895
0.03131618421412983	cosine	8.0	8.0	4.0	0.06700252101728081	0.38085378504795675
0.21717892839431213	cosine	8.0	4.0	8.0	0.33501260508640407	0.0647348936883515
-0.4845857615789066	cosine	8.0	8.0	4.0	0.20100756305184242	0.1814857225539041
-1.0454086360140236	cosine	8.0	4.0	8.0	0.06700252101728081	0.38085378504795675
-0.172261886619041	cosine	8.0	4.0	8.0	0.16750630254320203	0.22419615145873356
-1.044453840206594	cosine	8.0	4.0	8.0	0.30151134457776363	0.08619310660327584
-1.7453960140509197	cosine	8.0	8.0	4.0	0.4355163866123253	0.024358800530983115
-1.8234623499700835	cosine	8.0	4.0	8.0	0.40201512610368484	0.03442252599351862
-1.709099311227463	cosine	8.0	8.0	4.0	0.23450882356048283	0.14426833538783368
1.6583233082577462	cosine	8.0	4.0	0.0	0.3289758474798845	0.0682601490394303
-0.9466793295884595	cosine	8.0	8.0	4.0	0.0	0.5
-1.4407410828366485	cosine	8.0	0.0	4.0	0.0657951694959769	0.38293745122977874
0.8084412998602049	cosine	8.0	4.0	8.0	0.20100756305184242	0.1814857225539041
0.03879467534099654	cosine	8.0	8.0	4.0	0.06700252101728081	0.38085378504795675
0.32877510791797415	cosine	8.0	8.0	4.0	0.13400504203456162	0.27209855448987996
0.8696897742246803	cosine	8.0	8.0	4.0	0.40201512610368484	0.03442252599351862
-1.3968271245164698	cosine	8.0	4.0	0.0	0.03289758474798845	0.44082120393931895
-0.7109521721843582	cosine	8.0	0.0	4.0	0.592156525463792	0.0036813837070469946
1.7360762973890662	cosine	8.0	4.0	0.0	0.09869275424396534	0.3275593850007441
-1.2888838478274922	cosine	8.0	4.0	0.0	0.4605661864718383	0.01856076533880384
-0.2279134625618047	cosine	8.0	8.0	4.0	0.20100756305184242	0.1814857225539041
1.3184802102586335	cosine	8.0	0.0	4.0	0.09869275424396534	0.3275593850007441
1.0601698031848896	cosine	8.0	4.0	8.0	0.23450882356048283	0.14426833538783368
0.08425687938611776	cosine	8.0	8.0	4.0	0.10050378152592121	0.3246054073583539
-0.3152423875617573	cosine	8.0	8.0	4.0	0.23450882356048283	0.14426833538783368
0.6099573905112912	cosine	8.0	0.0	4.0	0.296078262731896	0.0901247100752523
-0.26199656766619944	cosine	8.0	4.0	8.0	0.6365239496641677	0.0019835093942865535
-0.37328488820450195	cosine	8.0	4.0	8.0	0.5360201681382465	0.0076349509802290235
0.6623729391134191	cosine	8.0	4.0	8.0	0.10050378152592121	0.3246054073583539
-0.6448353078909826	cosine	8.0	8.0	4.0	0.30151134457776363	0.08619310660327584
0.8055444477066269	cosine	8.0	8.0	4.0	0.10050378152592121	0.3246054073583539
0.13240448310640426	cosine	8.0	4.0	8.0	0.33501260508640407	0.0647348936883515
0.7735831236746683	cosine	8.0	4.0	0.0	0.4605661864718383	0.01856076533880384
-2.6411922446477423	cosine	8.0	4.0	8.0	0.26801008406912324	0.11257316160194203
1.944708195732283	cosine	8.0	8.0	4.0	0.06700252101728081	0.38085378504795675
-1.7260137701811014	cosine	8.0	8.0	4.0	0.16750630254320203	0.22419615145873356
-1.074864043396562	cosine	8.0	0.0	4.0	0.1315903389919538	0.27573794886251457
0.023253168447104205	cosine	8.0	4.0	8.0	0.20100756305184242	0.1814857225539041
-1.1871234432045557	cosine	8.0	0.0	4.0	0.09869275424396534	0.3275593850007441
-0.7111111268056173	cosine	8.0	8.0	4.0	0.10050378152592121	0.3246054073583539
1.171240931786014	cosine	8.0	8.0	4.0	0.16750630254320203	0.22419615145873356
0.06185816125702211	cosine	8.0	4.0	8.0	0.10050378152592121	0.3246054073583539
-0.28952702474162506	cosine	8.0	0.0	4.0	0.296078262731896	0.0901247100752523
0.23029730288278788	cosine	8.0	4.0	0.0	0.6250541102117805	0.002335688748637901
-0.7495640458360928	cosine	8.0	8.0	4.0	0.46901764712096566	0.01689057007847118
1.309452749400746	cosine	8.0	0.0	4.0	0.16448792373994225	0.22830592549268558
-1.9546385665318182	cosine	8.0	8.0	4.0	0.06700252101728081	0.38085378504795675
-0.6721567522675664	cosine	8.0	4.0	8.0	0.36851386559504445	0.04767616394306396
0.8930779151631544	cosine	8.0	4.0	8.0	0.33501260508640407	0.0647348936883515
0.06361987104702065	cosine	8.0	4.0	8.0	0.06700252101728081	0.38085378504795675
-1.0863522153883138	cosine	8.0	4.0	0.0	0.16448792373994225	0.22830592549268558
-1.4094923664158714	cosine	8.0	4.0	8.0	0.10050378152592121	0.3246054073583539
-0.6682209235382077	cosine	8.0	0.0	4.0	0.296078262731896	0.0901247100752523
-0.6630753392197101	cosine	8.0	8.0	4.0	0.23450882356048283	0.14426833538783368
-0.2779984231471752	cosine	8.0	8.0	4.0	0.16750630254320203	0.22419615145873356
-0.7768107559920923	cosine	8.0	4.0	0.0	0.39477101697586137	0.03699704127429398
1.8187503414997586	cosine	8.0	8.0	4.0	0.40201512610368484	0.03442252599351862
-0.3339440591963344	cosine	8.0	0.0	4.0	0.39477101697586137	0.03699704127429398
-2.8890151945812925	cosine	8.0	8.0	4.0	0.13400504203456162	0.27209855448987996
0.6718465144026721	cosine	8.0	4.0	8.0	0.16750630254320203	0.22419615145873356
-0.1933720193475051	cosine	8.0	4.0	8.0	0.20100756305184242	0.1814857225539041
-0.3835550283911072	cosine	8.0	4.0	8.0	0.23450882356048283	0.14426833538783368
-0.07691316731328778	cosine	8.0	4.0	8.0	0.26801008406912324	0.11257316160194203
-0.6020735377225579	cosine	8.0	0.0	4.0	0.1315903389919538	0.27573794886251457
0.6751154000712903	cosine	8.0	0.0	4.0	0.5263613559678152	0.008604775407453868
0.7341625925610193	cosine	8.0	0.0	4.0	0.1315903389919538	0.27573794886251457
-0.518383963431783	cosine	8.0	8.0	4.0	0.33501260508640407	0.0647348936883515
0.6457186253837975	cosine	8.0	8.0	4.0	0.10050378152592121	0.3246054073583539
-0.782524265595969	cosine	8.0	4.0	0.0	0.36187343222787294	0.05073562797633993
1.2810032000215137	cosine	8.0	8.0	4.0	0.23450882356048283	0.14426833538783368
0.8138639068668911	cosine	8.0	4.0	8.0	0.16750630254320203	0.22419615145873356
1.6541399897561735	cosine	8.0	0.0	4.0	0.1315903389919538	0.27573794886251457
-0.10663749056307668	cosine	8.0	4.0	8.0	0.06700252101728081	0.38085378504795675
-1.8686076368902018	cosine	8.0	8.0	4.0	0.26801008406912324	0.11257316160194203
1.2210824974258756	cosine	8.0	4.0	0.0	0.1315903389919538	0.27573794886251457
1.720319291703445	cosine	8.0	8.0	4.0	0.16750630254320203	0.22419615145873356
-0.9351949788396773	cosine	8.0	4.0	8.0	0.40201512610368484	0.03442252599351862
-0.7108621241580124	cosine	8.0	4.0	8.0	0.26801008406912324	0.11257316160194203
-0.2542041053288719	cosine	8.0	4.0	8.0	0.10050378152592121	0.3246054073583539
-1.2446213948533869	cosine	8.0	0.0	4.0	0.2631806779839076	0.11680717101068677
0.12818691666115692	cosine	8.0	8.0	4.0	0.20100756305184242	0.1814857225539041
-0.23260045295062928	cosine	8.0	8.0	4.0	0.06700252101728081	0.38085378504795675
1.2877713277811642	cosine	8.0	0.0	4.0	0.0657951694959769	0.38293745122977874
-1.0428339066494063	cosine	8.0	4.0	0.0	0.03289758474798845	0.44082120393931895
0.5998913017996503	cosine	8.0	8.0	4.0	0.23450882356048283	0.14426833538783368
0.4430306528588419	cosine	8.0	8.0	4.0	0.46901764712096566	0.01689057007847118
-0.041108988880429534	cosine	8.0	8.0	4.0	0.10050378152592121	0.3246054073583539
-1.299368234293792	cosine	8.0	4.0	8.0	0.46901764712096566	0.01689057007847118
-0.7561264943411267	cosine	8.0	4.0	8.0	0.06700252101728081	0.38085378504795675
-0.7497703405340501	cosine	8.0	4.0	8.0	0.16750630254320203	0.22419615145873356
-0.6054636763615554	cosine	8.0	4.0	0.0	0.23028309323591914	0.14865659075244408
-0.8127787224398952	cosine	8.0	4.0	8.0	0.26801008406912324	0.11257316160194203
-1.1648932816658228	cosine	8.0	0.0	4.0	0.1315903389919538	0.27573794886251457
1.5069042365643697	cosine	8.0	4.0	8.0	0.40201512610368484	0.03442252599351862
0.5629979546576788	cosine	8.0	8.0	4.0	0.0	0.5
-1.2118578117835224	cosine	8.0	8.0	4.0	0.20100756305184242	0.1814857225539041
-0.1169852832583131	cosine	8.0	8.0	4.0	0.13400504203456162	0.27209855448987996
-0.1873912276409351	cosine	8.0	8.0	4.0	0.10050378152592121	0.3246054073583539
-1.0789577433545072	cosine	8.0	0.0	4.0	0.03289758474798845	0.44082120393931895
0.4272755102597524	cosine	8.0	0.0	4.0	0.5263613559678152	0.008604775407453868
0.29282599817315524	cosine	8.0	8.0	4.0	0.33501260508640407	0.0647348936883515
-0.04885802968892743	cosine	8.0	8.0	4.0	0.10050378152592121	0.3246054073583539
1.048443386611852	cosine	8.0	4.0	8.0	0.30151134457776363	0.08619310660327584
0.16334167590303306	cosine	8.0	4.0	8.0	0.33501260508640407	0.0647348936883515
0.42392800853597584	cosine	8.0	8.0	4.0	0.10050378152592121	0.3246054073583539
-0.29684469446739575	cosine	8.0	0.0	4.0	0.1315903389919538	0.27573794886251457
1.1979849258787587	cosine	8.0	8.0	4.0	0.33501260508640407	0.0647348936883515
1.3443293890496308	cosine	8.0	4.0	8.0	0.10050378152592121	0.3246054073583539
0.1889040034257218	cosine	8.0	0.0	4.0	0.19738550848793068	0.18584158306669563
-1.5775264897123416	cosine	8.0	4.0	0.0	0.09869275424396534	0.3275593850007441
0.5919261895416221	cosine	8.0	8.0	4.0	0.40201512610368484	0.03442252599351862
-0.26436319249823875	cosine	8.0	8.0	4.0	0.23450882356048283	0.14426833538783368
1.9116646290176202	cosine	8.0	4.0	8.0	0.26801008406912324	0.11257316160194203
0.10597663343109134	cosine	8.0	4.0	8.0	0.10050378152592121	0.3246054073583539
-0.10360096941283896	cosine	8.0	8.0	4.0	0.26801008406912324	0.11257316160194203
-0.21385190553483088	cosine	8.0	4.0	8.0	0.5360201681382465	0.0076349509802290235
1.240836603331494	cosine	8.0	4.0	0.0	0.0657951694959769	0.38293745122977874
0.09847021476589657	cosine	8.0	8.0	4.0	0.06700252101728081	0.38085378504795675
-0.4282524619957015	cosine	8.0	4.0	8.0	0.20100756305184242	0.1814857225539041
-0.06784945919382196	cosine	8.0	8.0	4.0	0.033501260508640406	0.4397434849390244
-1.7968784793147525	cosine	8.0	8.0	4.0	0.13400504203456162	0.27209855448987996
0.2984839842319525	cosine	8.0	8.0	4.0	0.40201512610368484	0.03442252599351862
1.4929394358230836	cosine	8.0	8.0	4.0	0.16750630254320203	0.22419615145873356
0.5875607502879855	cosine	8.0	4.0	0.0	0.03289758474798845	0.44082120393931895
-0.5827908204748747	cosine	8.0	4.0	8.0	0.20100756305184242	0.1814857225539041
0.2551573395233837	cosine	8.0	8.0	4.0	0.30151134457776363	0.08619310660327584
-1.9978376420558799	cosine	8.0	8.0	4.0	0.33501260508640407	0.0647348936883515
2.290802766077802	cosine	8.0	8.0	4.0	0.10050378152592121	0.3246054073583539
0.9001617824971572	cosine	8.0	8.0	4.0	0.20100756305184242	0.1814857225539041
0.45535233777492534	cosine	8.0	8.0	4.0	0.0	0.5
0.3683653024961091	cosine	8.0	4.0	8.0	0.16750630254320203	0.22419615145873356
1.02827449582973	cosine	8.0	4.0	8.0	0.26801008406912324	0.11257316160194203
-0.7814896328830864	cosine	8.0	0.0	4.0	0.42766860172384985	0.02646218884554873
1.3901277154109737	cosine	8.0	4.0	8.0	0.33501260508640407	0.0647348936883515
1.4106772684327622	cosine	8.0	0.0	4.0	0.16448792373994225	0.22830592549268558
0.7522432011302573	cosine	8.0	8.0	4.0	0.06700252101728081	0.38085378504795675
-0.6423692820672258	cosine	8.0	8.0	4.0	0.4355163866123253	0.024358800530983115
0.5845087874417507	cosine	8.0	8.0	4.0	0.23450882356048283	0.14426833538783368
-1.2804578806616824	cosine	8.0	8.0	4.0	0.40201512610368484	0.03442252599351862
-2.134660634150968	cosine	8.0	4.0	8.0	0.36851386559504445	0.04767616394306396
-0.23014991132948448	cosine	8.0	4.0	8.0	0.033501260508640406	0.4397434849390244
1.046971458889518	cosine	8.0	8.0	4.0	0.33501260508640407	0.0647348936883515
0.1028173395408024	cosine	8.0	4.0	0.0	0.36187343222787294	0.05073562797633993
-0.14795652231234607	cosine	8.0	4.0	8.0	0.10050378152592121	0.3246054073583539
0.1571149714623631	cosine	8.0	8.0	4.0	0.16750630254320203	0.22419615145873356
0.6380206551860704	cosine	8.0	4.0	0.0	0.1315903389919538	0.27573794886251457
-0.32557304925546543	cosine	8.0	8.0	4.0	0.16750630254320203	0.22419615145873356
-0.6419672074505195	cosine	8.0	4.0	8.0	0.40201512610368484	0.03442252599351862
0.47210869085514345	cosine	8.0	4.0	8.0	0.26801008406912324	0.11257316160194203
0.9872341115093192	cosine	8.0	4.0	0.0	0.19738550848793068	0.18584158306669563
-0.21115271143104059	cosine	8.0	4.0	8.0	0.33501260508640407	0.0647348936883515
0.5763955436087544	cosine	8.0	8.0	4.0	0.10050378152592121	0.3246054073583539
1.3633634177710339	cosine	8.0	0.0	4.0	0.0657951694959769	0.38293745122977874
-0.2958934500621566	cosine	8.0	4.0	8.0	0.10050378152592121	0.3246054073583539
-0.8674546901651018	cosine	8.0	8.0	4.0	0.10050378152592121	0.3246054073583539
-0.1167810456221824	cosine	8.0	4.0	8.0	0.23450882356048283	0.14426833538783368
0.3177988610666841	cosine	8.0	8.0	4.0	0.10050378152592121	0.3246054073583539
0.18076647428549755	cosine	8.0	4.0	8.0	0.26801008406912324	0.11257316160194203
1.6819606133889338	cosine	8.0	4.0	8.0	0.26801008406912324	0.11257316160194203
0.7348270354790087	cosine	8.0	0.0	4.0	0.2631806779839076	0.11680717101068677
-0.2214940299965447	cosine	8.0	4.0	8.0	0.33501260508640407	0.0647348936883515
-1.0170454382970826	cosine	8.0	8.0	4.0	0.06700252101728081	0.38085378504795675
-0.341573070056672	cosine	8.0	4.0	8.0	0.33501260508640407	0.0647348936883515
-1.9461351339952417	cosine	8.0	8.0	4.0	0.20100756305184242	0.1814857225539041
-0.14485429051683735	cosine	8.0	4.0	0.0	0.09869275424396534	0.3275593850007441
0.9230266934613411	cosine	8.0	4.0	0.0	0.36187343222787294	0.05073562797633993
1.1005721242472735	cosine	8.0	4.0	8.0	0.26801008406912324	0.11257316160194203
-1.5357693776804913	cosine	8.0	0.0	4.0	0.1315903389919538	0.27573794886251457
-0.5073918612241048	cosine	8.0	8.0	4.0	0.10050378152592121	0.3246054073583539
0.6428735435891065	cosine	8.0	8.0	4.0	0.06700252101728081	0.38085378504795675
0.7506600802484342	cosine	8.0	8.0	4.0	0.4355163866123253	0.024358800530983115
-0.8699189640556321	cosine	8.0	0.0	4.0	0.09869275424396534	0.3275593850007441
-1.1920915754718637	cosine	8.0	4.0	0.0	0.03289758474798845	0.44082120393931895
0.8595550617306985	cosine	8.0	4.0	8.0	0.40201512610368484	0.03442252599351862
-1.2040878266049795	cosine	8.0	4.0	8.0	0.46901764712096566	0.01689057007847118
-1.413546756940571	cosine	8.0	4.0	8.0	0.16750630254320203	0.22419615145873356
2.2003641682872157	cosine	8.0	8.0	4.0	0.36851386559504445	0.04767616394306396
0.566557537282221	cosine	8.0	4.0	8.0	0.6365239496641677	0.0019835093942865535
0.9338510133341295	cosine	8.0	4.0	0.0	0.09869275424396534	0.3275593850007441
0.833585446613523	cosine	8.0	0.0	4.0	0.3289758474798845	0.0682601490394303
0.0028056904820243323	cosine	8.0	4.0	8.0	0.36851386559504445	0.04767616394306396
0.2617815279680074	cosine	8.0	4.0	8.0	0.13400504203456162	0.27209855448987996
0.5097792821575341	cosine	8.0	8.0	4.0	0.30151134457776363	0.08619310660327584
0.22137638144300092	cosine	8.0	8.0	4.0	0.033501260508640406	0.4397434849390244
-0.9250266072073744	cosine	8.0	4.0	0.0	0.19738550848793068	0.18584158306669563
0.6912261537388461	cosine	8.0	0.0	4.0	0.19738550848793068	0.18584158306669563
-1.5893108336556685	cosine	8.0	8.0	4.0	0.26801008406912324	0.11257316160194203
0.10339468508651371	cosine	8.0	4.0	0.0	0.19738550848793068	0.18584158306669563
0.3735699397319267	cosine	8.0	8.0	4.0	0.30151134457776363	0.08619310660327584
-0.532143067761337	cosine	8.0	8.0	4.0	0.06700252101728081	0.38085378504795675
1.3975228347385702	cosine	8.0	8.0	4.0	0.06700252101728081	0.38085378504795675
0.28657471234803683	cosine	8.0	4.0	8.0	0.13400504203456162	0.27209855448987996
-0.2896934247950452	cosine	8.0	8.0	4.0	0.33501260508640407	0.0647348936883515
0.5768849936622017	cosine	8.0	4.0	8.0	0.33501260508640407	0.0647348936883515
-0.45214754177636673	cosine	8.0	4.0	8.0	0.16750630254320203	0.22419615145873356
0.3331096526783899	cosine	8.0	8.0	4.0	0.06700252101728081	0.38085378504795675
-0.16111668885374927	cosine	8.0	0.0	4.0	0.1315903389919538	0.27573794886251457
0.34891213938007887	cosine	8.0	0.0	4.0	0.1315903389919538	0.27573794886251457
1.2780175090331052	cosine	8.0	8.0	4.0	0.06700252101728081	0.38085378504795675
0.9154291758826131	cosine	8.0	8.0	4.0	0.20100756305184242	0.1814857225539041
0.02255291710158823	cosine	8.0	4.0	0.0	0.39477101697586137	0.03699704127429398
-0.06037676865953466	cosine	8.0	8.0	4.0	0.23450882356048283	0.14426833538783368
0.9552935378317785	cosine	8.0	0.0	4.0	0.03289758474798845	0.44082120393931895
0.07029875519563672	cosine	8.0	4.0	8.0	0.30151134457776363	0.08619310660327584
0.37612665981845816	cosine	8.0	8.0	4.0	0.033501260508640406	0.4397434849390244
0.5596183884162764	cosine	8.0	4.0	0.0	0.03289758474798845	0.44082120393931895
-1.2736404378986268	cosine	8.0	8.0	4.0	0.06700252101728081	0.38085378504795675
-0.7815489913832915	cosine	8.0	4.0	8.0	0.033501260508640406	0.4397434849390244
0.824189418545585	cosine	8.0	4.0	8.0	0.10050378152592121	0.3246054073583539
-0.5697596367313487	cosine	8.0	8.0	4.0	0.033501260508640406	0.4397434849390244
0.9275980182766478	cosine	8.0	8.0	4.0	0.06700252101728081	0.38085378504795675
-0.3284155924437502	cosine	8.0	4.0	0.0	0.09869275424396534	0.3275593850007441
0.3825483184753049	cosine	8.0	4.0	8.0	0.16750630254320203	0.22419615145873356
0.17975228733547113	cosine	8.0	4.0	8.0	0.5695214286468869	0.004975414949458076
0.4783549792154142	cosine	8.0	4.0	8.0	0.36851386559504445	0.04767616394306396
1.257519367825524	cosine	8.0	4.0	0.0	0.19738550848793068	0.18584158306669563
0.6329341741297131	cosine	8.0	4.0	8.0	0.10050378152592121	0.3246054073583539
1.0050485426948281	cosine	8.0	4.0	0.0	0.03289758474798845	0.44082120393931895
1.397047388993381	cosine	8.0	4.0	8.0	0.16750630254320203	0.22419615145873356
-0.9313478527875895	cosine	8.0	8.0	4.0	0.20100756305184242	0.1814857225539041
-0.0016611273710953173	cosine	8.0	8.0	4.0	0.033501260508640406	0.4397434849390244
0.751788128552711	cosine	8.0	4.0	0.0	0.09869275424396534	0.3275593850007441
-0.760898172792208	cosine	8.0	8.0	4.0	0.6030226891555273	0.003174862914337789
-0.712897590190697	cosine	8.0	4.0	8.0	0.33501260508640407	0.0647348936883515
0.8011463593290561	cosine	8.0	0.0	4.0	0.1315903389919538	0.27573794886251457
-1.1854941479657433	cosine	8.0	8.0	4.0	0.16750630254320203	0.22419615145873356
0.013164536615803754	cosine	8.0	4.0	8.0	0.10050378152592121	0.3246054073583539
-0.4921673872769971	cosine	8.0	4.0	0.0	0.2631806779839076	0.11680717101068677
-0.542125132800613	cosine	8.0	4.0	8.0	0.06700252101728081	0.38085378504795675
-0.15006227148967635	cosine	8.0	0.0	4.0	0.16448792373994225	0.22830592549268558
2.2628684367318077	cosine	8.0	8.0	4.0	0.20100756305184242	0.1814857225539041
-0.8981752446688709	cosine	8.0	4.0	8.0	0.23450882356048283	0.14426833538783368
-0.9663076085710944	cosine	8.0	4.0	0.0	0.09869275424396534	0.3275593850007441
-0.5882504480629474	cosine	8.0	4.0	0.0	0.0657951694959769	0.38293745122977874
-0.5293838270468623	cosine	8.0	0.0	4.0	0.19738550848793068	0.18584158306669563
-0.3496832731641916	cosine	8.0	8.0	4.0	0.0	0.5
-1.060798675834652	cosine	8.0	0.0	4.0	0.16448792373994225	0.22830592549268558
-0.4248500775578016	cosine	8.0	8.0	4.0	0.23450882356048283	0.14426833538783368
0.07728289765339187	cosine	8.0	0.0	4.0	0.09869275424396534	0.3275593850007441
0.7606922854300757	cosine	8.0	4.0	8.0	0.40201512610368484	0.03442252599351862
0.56289355815444	cosine	8.0	4.0	0.0	0.1315903389919538	0.27573794886251457
0.7116179385187686	cosine	8.0	8.0	4.0	0.23450882356048283	0.14426833538783368
1.3800570036564739	cosine	8.0	4.0	8.0	0.26801008406912324	0.11257316160194203
-1.3065042394941453	cosine	8.0	4.0	8.0	0.13400504203456162	0.27209855448987996
-0.6176751270206914	cosine	8.0	8.0	4.0	0.40201512610368484	0.03442252599351862
-0.21290256250658268	cosine	8.0	4.0	8.0	0.33501260508640407	0.0647348936883515
0.746222616184518	cosine	8.0	8.0	4.0	0.10050378152592121	0.3246054073583539
-1.3686944883657093	cosine	8.0	4.0	8.0	0.033501260508640406	0.4397434849390244
-2.9151627910538966	cosine	8.0	8.0	4.0	0.06700252101728081	0.38085378504795675
-2.0546839466979505	cosine	8.0	4.0	8.0	0.4355163866123253	0.024358800530983115
0.5969331100326414	cosine	8.0	4.0	8.0	0.23450882356048283	0.14426833538783368
-0.19892016130334322	cosine	8.0	4.0	0.0	0.09869275424396534	0.3275593850007441
-0.6343753199746289	cosine	8.0	4.0	8.0	0.16750630254320203	0.22419615145873356
0.11878588468880173	cosine	8.0	4.0	0.0	0.23028309323591914	0.14865659075244408
-0.055210012878716005	cosine	8.0	0.0	4.0	0.16448792373994225	0.22830592549268558
-0.5255061703973664	cosine	8.0	4.0	0.0	0.0657951694959769	0.38293745122977874
0.09233894633596172	cosine	8.0	4.0	8.0	0.33501260508640407	0.0647348936883515
-1.952963586359879	cosine	8.0	0.0	4.0	0.42766860172384985	0.02646218884554873
0.6338569778526176	cosine	8.0	4.0	8.0	0.16750630254320203	0.22419615145873356
-0.4650860539639123	cosine	8.0	4.0	0.0	0.19738550848793068	0.18584158306669563
1.3374329322423857	cosine	8.0	8.0	4.0	0.13400504203456162	0.27209855448987996
1.1571528760697847	cosine	8.0	4.0	8.0	0.10050378152592121	0.3246054073583539
0.2526140823109013	cosine	8.0	4.0	0.0	0.03289758474798845	0.44082120393931895
-0.3663463193299493	cosine	8.0	8.0	4.0	0.10050378152592121	0.3246054073583539
-0.2327324514833181	cosine	8.0	8.0	4.0	0.23450882356048283	0.14426833538783368
1.6740533517782519	cosine	8.0	8.0	4.0	0.10050378152592121	0.3246054073583539
0.4494271586683705	cosine	8.0	4.0	8.0	0.10050378152592121	0.3246054073583539
-1.1599230721818135	cosine	8.0	8.0	4.0	0.10050378152592121	0.3246054073583539
1.009296083835328	cosine	8.0	4.0	0.0	0.39477101697586137	0.03699704127429398
0.1682069090583446	cosine	8.0	4.0	8.0	0.23450882356048283	0.14426833538783368
-0.5764068803209444	cosine	8.0	4.0	8.0	0.36851386559504445	0.04767616394306396
-1.1619445681519174	cosine	8.0	0.0	4.0	0.16448792373994225	0.22830592549268558
1.0289933018521265	cosine	8.0	0.0	4.0	0.39477101697586137	0.03699704127429398
1.1482287490791585	cosine	8.0	4.0	8.0	0.33501260508640407	0.0647348936883515
-0.022613743346799855	cosine	8.0	0.0	4.0	0.1315903389919538	0.27573794886251457
-0.10493779639651216	cosine	8.0	0.0	4.0	0.19738550848793068	0.18584158306669563
0.627721485127218	cosine	8.0	4.0	8.0	0.20100756305184242	0.1814857225539041
-0.4876271825740245	cosine	8.0	0.0	4.0	0.03289758474798845	0.44082120393931895
0.1605475811176987	cosine	8.0	0.0	4.0	0.296078262731896	0.0901247100752523
-1.6989033903374644	cosine	8.0	8.0	4.0	0.13400504203456162	0.27209855448987996
0.23782104815757865	cosine	8.0	4.0	8.0	0.33501260508640407	0.0647348936883515
-1.7492552046209826	cosine	8.0	8.0	4.0	0.16750630254320203	0.22419615145873356
1.3695479113977493	cosine	8.0	8.0	4.0	0.20100756305184242	0.1814857225539041
0.15324465319555775	cosine	8.0	4.0	8.0	0.16750630254320203	0.22419615145873356
0.42693514864627086	cosine	8.0	0.0	4.0	0.19738550848793068	0.18584158306669563
0.1448974999609349	cosine	8.0	4.0	8.0	0.13400504203456162	0.27209855448987996
-1.470673161297937	cosine	8.0	4.0	0.0	0.23028309323591914	0.14865659075244408
0.17608353251672726	cosine	8.0	4.0	8.0	0.033501260508640406	0.4397434849390244
0.28052388532480227	cosine	8.0	4.0	8.0	0.33501260508640407	0.0647348936883515
0.1856522572793111	cosine	8.0	0.0	4.0	0.09869275424396534	0.3275593850007441
0.2979083285417942	cosine	8.0	4.0	8.0	0.033501260508640406	0.4397434849390244
0.36605656622811894	cosine	8.0	0.0	4.0	0.0657951694959769	0.38293745122977874
0.12893615707813952	cosine	8.0	8.0	4.0	0.16750630254320203	0.22419615145873356
-0.8058551480104116	cosine	8.0	8.0	4.0	0.26801008406912324	0.11257316160194203
0.16518554477120836	cosine	8.0	0.0	4.0	0.2631806779839076	0.11680717101068677
0.5213334250952075	cosine	8.0	8.0	4.0	0.033501260508640406	0.4397434849390244
-0.42951526461258605	cosine	8.0	8.0	4.0	0.10050378152592121	0.3246054073583539
-1.6953766780581703	cosine	8.0	4.0	8.0	0.13400504203456162	0.27209855448987996
0.2247201070161894	cosine	8.0	4.0	0.0	0.0657951694959769	0.38293745122977874
0.013009620946356867	cosine	8.0	8.0	4.0	0.30151134457776363	0.08619310660327584
-1.0117072181873166	cosine	8.0	4.0	8.0	0.033501260508640406	0.4397434849390244
-0.9910563669820539	cosine	8.0	4.0	8.0	0.26801008406912324	0.11257316160194203
0.9720694569500554	cosine	8.0	8.0	4.0	0.20100756305184242	0.1814857225539041
-1.1120070872398902	cosine	8.0	4.0	8.0	0.13400504203456162	0.27209855448987996
-2.0053480637671224	cosine	8.0	0.0	4.0	0.23028309323591914	0.14865659075244408
0.4873530313141307	cosine	8.0	0.0	4.0	0.2631806779839076	0.11680717101068677
0.1219168276290186	cosine	8.0	4.0	0.0	0.4934637712198267	0.01276417380034623
-0.05433321843834028	cosine	8.0	4.0	0.0	0.23028309323591914	0.14865659075244408
-1.2826182034049407	cosine	8.0	4.0	0.0	0.19738550848793068	0.18584158306669563
0.26885265228472477	cosine	8.0	4.0	8.0	0.06700252101728081	0.38085378504795675
0.6281338499967845	cosine	8.0	0.0	4.0	0.2631806779839076	0.11680717101068677
-0.9591985236223431	cosine	8.0	8.0	4.0	0.033501260508640406	0.4397434849390244
1.158043860383359	cosine	8.0	4.0	8.0	0.40201512610368484	0.03442252599351862
-0.5117887813096491	cosine	8.0	4.0	8.0	0.033501260508640406	0.4397434849390244
0.03505032413635145	cosine	8.0	0.0	4.0	0.39477101697586137	0.03699704127429398
1.1180451233970736	cosine	8.0	8.0	4.0	0.10050378152592121	0.3246054073583539
0.42309244935665175	cosine	8.0	4.0	8.0	0.23450882356048283	0.14426833538783368
0.9480533258394502	cosine	8.0	8.0	4.0	0.033501260508640406	0.4397434849390244
-0.6471890554457874	cosine	8.0	4.0	0.0	0.03289758474798845	0.44082120393931895
-0.2834147371469524	cosine	8.0	4.0	0.0	0.6908492797077574	0.0008840892386475387
0.4280657574271913	cosine	8.0	4.0	8.0	0.16750630254320203	0.22419615145873356
1.3150754857036875	cosine	8.0	8.0	4.0	0.20100756305184242	0.1814857225539041
0.958459836675748	cosine	8.0	0.0	4.0	0.03289758474798845	0.44082120393931895
0.675303134481958	cosine	8.0	8.0	4.0	0.16750630254320203	0.22419615145873356
1.0360467167096306	cosine	8.0	8.0	4.0	0.26801008406912324	0.11257316160194203
-1.0890867676792964	cosine	8.0	8.0	4.0	0.0	0.5
0.54806715886635	cosine	8.0	8.0	4.0	0.20100756305184242	0.1814857225539041
0.6564349960925312	cosine	8.0	0.0	4.0	0.0657951694959769	0.38293745122977874
1.687140030349194	cosine	8.0	0.0	4.0	0.296078262731896	0.0901247100752523
0.7169601439562936	cosine	8.0	4.0	8.0	0.5695214286468869	0.004975414949458076
0.2666870293228148	cosine	8.0	4.0	8.0	0.033501260508640406	0.4397434849390244
-0.47133343391406585	cosine	8.0	4.0	0.0	0.09869275424396534	0.3275593850007441
-0.0406861191230624	cosine	8.0	4.0	0.0	0.23028309323591914	0.14865659075244408
0.39418116840421863	cosine	8.0	4.0	8.0	0.26801008406912324	0.11257316160194203
0.061512104272639756	cosine	8.0	0.0	4.0	0.296078262731896	0.0901247100752523
0.1007890896880349	cosine	8.0	8.0	4.0	0.5360201681382465	0.0076349509802290235
0.08199631018539484	cosine	8.0	8.0	4.0	0.20100756305184242	0.1814857225539041
1.3695324142514906	cosine	8.0	0.0	4.0	0.1315903389919538	0.27573794886251457
0.6407468978395582	cosine	8.0	4.0	0.0	0.3289758474798845	0.0682601490394303
-0.09175388876405181	cosine	8.0	4.0	8.0	0.16750630254320203	0.22419615145873356
0.46467529258008894	cosine	8.0	8.0	4.0	0.033501260508640406	0.4397434849390244
0.1799620881622028	cosine	8.0	0.0	4.0	0.16448792373994225	0.22830592549268558
-0.5732071671804554	cosine	8.0	8.0	4.0	0.23450882356048283	0.14426833538783368
-0.8565087608580556	cosine	8.0	4.0	8.0	0.40201512610368484	0.03442252599351862
-0.8669792018999128	cosine	8.0	8.0	4.0	0.26801008406912324	0.11257316160194203
1.2444115133903764	cosine	8.0	4.0	0.0	0.09869275424396534	0.3275593850007441
-1.5762632570177848	cosine	8.0	4.0	8.0	0.30151134457776363	0.08619310660327584
0.15992476579175385	cosine	8.0	4.0	8.0	0.30151134457776363	0.08619310660327584
0.41732497620412534	cosine	8.0	8.0	4.0	0.06700252101728081	0.38085378504795675
-1.195669564140588	cosine	8.0	0.0	4.0	0.36187343222787294	0.05073562797633993
1.46254969224879	cosine	8.0	4.0	0.0	0.2631806779839076	0.11680717101068677
-1.352053953866598	cosine	8.0	4.0	8.0	0.16750630254320203	0.22419615145873356
0.3599670052512388	cosine	8.0	0.0	4.0	0.0	0.5
0.8820308609672749	cosine	8.0	4.0	8.0	0.033501260508640406	0.4397434849390244
0.07478368408255041	cosine	8.0	0.0	4.0	0.19738550848793068	0.18584158306669563
1.0414640135545867	cosine	8.0	8.0	4.0	0.13400504203456162	0.27209855448987996
1.2291675982267045	cosine	8.0	8.0	4.0	0.06700252101728081	0.38085378504795675
0.8827956217617803	cosine	8.0	8.0	4.0	0.033501260508640406	0.4397434849390244
1.3664911391186414	cosine	8.0	4.0	8.0	0.033501260508640406	0.4397434849390244
-0.9084024629192102	cosine	8.0	8.0	4.0	0.06700252101728081	0.38085378504795675
-1.6624031188143868	cosine	8.0	4.0	0.0	0.39477101697586137	0.03699704127429398
2.0640570331139476	cosine	8.0	4.0	0.0	0.23028309323591914	0.14865659075244408
-0.289354797414488	cosine	8.0	4.0	8.0	0.10050378152592121	0.3246054073583539
-0.44533295126793615	cosine	8.0	4.0	8.0	0.06700252101728081	0.38085378504795675
-0.39521841891868886	cosine	8.0	4.0	8.0	0.033501260508640406	0.4397434849390244
-0.6314958179991894	cosine	8.0	8.0	4.0	0.06700252101728081	0.38085378504795675
0.09396115838019342	cosine	8.0	4.0	8.0	0.06700252101728081	0.38085378504795675
-0.09735988682498076	cosine	8.0	4.0	8.0	0.06700252101728081	0.38085378504795675
-0.17694433291663633	cosine	8.0	4.0	8.0	0.40201512610368484	0.03442252599351862
-1.69047009003027	cosine	8.0	8.0	4.0	0.23450882356048283	0.14426833538783368
-0.44809425517802415	cosine	8.0	8.0	4.0	0.23450882356048283	0.14426833538783368
-0.26325061897196594	cosine	8.0	8.0	4.0	0.26801008406912324	0.11257316160194203
-0.09660511330021378	cosine	8.0	0.0	4.0	0.0657951694959769	0.38293745122977874
0.7315671633490725	cosine	8.0	4.0	0.0	0.09869275424396534	0.3275593850007441
0.3505553188208955	cosine	8.0	0.0	4.0	0.4605661864718383	0.01856076533880384
0.7353638387317595	cosine	8.0	4.0	8.0	0.40201512610368484	0.03442252599351862
-1.0076472203007554	cosine	8.0	4.0	8.0	0.6030226891555273	0.003174862914337789
-0.039525825939234566	cosine	8.0	0.0	4.0	0.23028309323591914	0.14865659075244408
0.5681659518142234	cosine	8.0	4.0	8.0	0.26801008406912324	0.11257316160194203
0.4617074704225908	cosine	8.0	0.0	4.0	0.1315903389919538	0.27573794886251457
1.3925167531534808	cosine	8.0	4.0	0.0	0.296078262731896	0.0901247100752523
0.0033929077630091378	cosine	8.0	8.0	4.0	0.36851386559504445	0.04767616394306396
1.24469206029407	cosine	8.0	0.0	4.0	0.23028309323591914	0.14865659075244408
0.24863338554546222	cosine	8.0	8.0	4.0	0.13400504203456162	0.27209855448987996
0.23714344326687503	cosine	8.0	4.0	8.0	0.40201512610368484	0.03442252599351862
0.10399724793346277	cosine	8.0	4.0	8.0	0.20100756305184242	0.1814857225539041
-0.6507770528304058	cosine	8.0	4.0	8.0	0.26801008406912324	0.11257316160194203
-1.5198431466756592	cosine	8.0	8.0	4.0	0.16750630254320203	0.22419615145873356
-1.5431189530519391	cosine	8.0	4.0	8.0	0.20100756305184242	0.1814857225539041
0.12087095179602382	cosine	8.0	0.0	4.0	0.3289758474798845	0.0682601490394303
-0.5149830579371452	cosine	8.0	4.0	8.0	0.10050378152592121	0.3246054073583539
-0.5772695407879933	cosine	8.0	0.0	4.0	0.16448792373994225	0.22830592549268558
0.3154145325151014	cosine	8.0	8.0	4.0	0.46901764712096566	0.01689057007847118
-0.09903573859899101	cosine	8.0	4.0	8.0	0.30151134457776363	0.08619310660327584
-0.33206872553327127	cosine	8.0	4.0	0.0	0.09869275424396534	0.3275593850007441
0.8606208595042452	cosine	8.0	8.0	4.0	0.33501260508640407	0.0647348936883515
-1.03184561521955	cosine	8.0	0.0	4.0	0.03289758474798845	0.44082120393931895
0.897327675501083	cosine	8.0	4.0	8.0	0.10050378152592121	0.3246054073583539
0.8822528003865725	cosine	8.0	8.0	4.0	0.16750630254320203	0.22419615145873356
0.10254551878295018	cosine	8.0	4.0	0.0	0.09869275424396534	0.3275593850007441
-0.45537693391901723	cosine	8.0	4.0	8.0	0.033501260508640406	0.4397434849390244
0.054295920043974585	cosine	8.0	8.0	4.0	0.20100756305184242	0.1814857225539041
0.49074529563626257	cosine	8.0	4.0	0.0	0.03289758474798845	0.44082120393931895
0.4612231380645587	cosine	8.0	0.0	4.0	0.0657951694959769	0.38293745122977874
0.27400923205206795	cosine	8.0	4.0	8.0	0.10050378152592121	0.3246054073583539
-1.1683454428755369	cosine	8.0	8.0	4.0	0.10050378152592121	0.3246054073583539
0.6322686898833925	cosine	8.0	4.0	0.0	0.09869275424396534	0.3275593850007441
0.13129962406498344	cosine	8.0	4.0	0.0	0.16448792373994225	0.22830592549268558
0.0028533173702095073	cosine	8.0	8.0	4.0	0.5695214286468869	0.004975414949458076
0.6444878483585365	cosine	8.0	8.0	4.0	0.033501260508640406	0.4397434849390244
-0.9981764008100731	cosine	8.0	8.0	4.0	0.20100756305184242	0.1814857225539041
-2.6653049958637802	cosine	8.0	4.0	8.0	0.033501260508640406	0.4397434849390244
1.4003596824370732	cosine	8.0	8.0	4.0	0.13400504203456162	0.27209855448987996
0.22738290122038649	cosine	8.0	4.0	0.0	0.296078262731896	0.0901247100752523
-2.0069580117330297	cosine	8.0	8.0	4.0	0.23450882356048283	0.14426833538783368
0.14373124879152807	cosine	8.0	4.0	8.0	0.46901764712096566	0.01689057007847118
0.19428446109220907	cosine	8.0	4.0	0.0	0.3289758474798845	0.0682601490394303
0.07101658720792499	cosine	8.0	4.0	8.0	0.26801008406912324	0.11257316160194203
-0.9257804983435121	cosine	8.0	4.0	0.0	0.09869275424396534	0.3275593850007441
-0.6430041265910342	cosine	8.0	8.0	4.0	0.033501260508640406	0.4397434849390244
1.088507116307534	cosine	8.0	4.0	8.0	0.23450882356048283	0.14426833538783368
0.09607533382584593	cosine	8.0	8.0	4.0	0.06700252101728081	0.38085378504795675
-0.18141599916450454	cosine	8.0	4.0	0.0	0.5263613559678152	0.008604775407453868
-1.041006269457543	cosine	8.0	0.0	4.0	0.1315903389919538	0.27573794886251457
1.357688285436869	cosine	8.0	4.0	0.0	0.3289758474798845	0.0682601490394303
-0.6896787688450408	cosine	8.0	0.0	4.0	0.42766860172384985	0.02646218884554873
-0.12225913952348699	cosine	8.0	0.0	4.0	0.09869275424396534	0.3275593850007441
0.5611512557160192	cosine	8.0	0.0	4.0	0.2631806779839076	0.11680717101068677
-1.3858604314747809	cosine	8.0	4.0	8.0	0.10050378152592121	0.3246054073583539
1.3759122164931255	cosine	8.0	4.0	0.0	0.296078262731896	0.0901247100752523
1.026950578205285	cosine	8.0	4.0	8.0	0.20100756305184242	0.1814857225539041
0.9393770116175	cosine	8.0	4.0	0.0	0.4934637712198267	0.01276417380034623
-2.5598572203647985	cosine	8.0	4.0	8.0	0.46901764712096566	0.01689057007847118
0.08529365276215245	cosine	8.0	0.0	4.0	0.1315903389919538	0.27573794886251457
0.9635840398982615	cosine	8.0	0.0	4.0	0.2631806779839076	0.11680717101068677
-1.4654932090280999	cosine	8.0	8.0	4.0	0.0	0.5
-1.7691989343215104	cosine	8.0	8.0	4.0	0.23450882356048283	0.14426833538783368
-0.07732603242687316	cosine	8.0	8.0	4.0	0.5695214286468869	0.004975414949458076
0.9756389579763357	cosine	8.0	8.0	4.0	0.23450882356048283	0.14426833538783368
-0.05685723095040755	cosine	8.0	4.0	0.0	0.296078262731896	0.0901247100752523
-0.5478031986014541	cosine	8.0	8.0	4.0	0.16750630254320203	0.22419615145873356
-0.12903721960140546	cosine	8.0	0.0	4.0	0.16448792373994225	0.22830592549268558
-2.417425285503084	cosine	8.0	4.0	8.0	0.16750630254320203	0.22419615145873356
0.7418412959708867	cosine	8.0	0.0	4.0	0.19738550848793068	0.18584158306669563
0.16479023755167094	cosine	8.0	4.0	8.0	0.20100756305184242	0.1814857225539041
-1.5927026505936233	cosine	8.0	4.0	8.0	0.26801008406912324	0.11257316160194203
-0.42660928619172817	cosine	8.0	4.0	8.0	0.06700252101728081	0.38085378504795675
1.5074379656617547	cosine	8.0	4.0	8.0	0.36851386559504445	0.04767616394306396
-1.450119123382158	cosine	8.0	4.0	0.0	0.296078262731896	0.0901247100752523
0.175602152977444	cosine	8.0	8.0	4.0	0.30151134457776363	0.08619310660327584
0.814678554607208	cosine	8.0	0.0	4.0	0.23028309323591914	0.14865659075244408
1.0369848423135923	cosine	8.0	8.0	4.0	0.23450882356048283	0.14426833538783368
-0.46294955035929924	cosine	8.0	4.0	0.0	0.296078262731896	0.0901247100752523
-2.7551321338513532	cosine	8.0	8.0	4.0	0.33501260508640407	0.0647348936883515
-1.4208221300534978	cosine	8.0	4.0	8.0	0.46901764712096566	0.01689057007847118
-1.5735819056976892	cosine	8.0	4.0	0.0	0.09869275424396534	0.3275593850007441
0.4009767885420108	cosine	8.0	8.0	4.0	0.10050378152592121	0.3246054073583539
-1.0090028152546404	cosine	8.0	8.0	4.0	0.06700252101728081	0.38085378504795675
-0.9497375518673168	cosine	8.0	0.0	4.0	0.1315903389919538	0.27573794886251457
-0.7979722082908843	cosine	8.0	4.0	8.0	0.33501260508640407	0.0647348936883515
-0.26441263754401845	cosine	8.0	0.0	4.0	0.4605661864718383	0.01856076533880384
1.1721137357999418	cosine	8.0	4.0	8.0	0.16750630254320203	0.22419615145873356
-1.6712290123698466	cosine	8.0	4.0	8.0	0.40201512610368484	0.03442252599351862
1.2686925949081769	cosine	8.0	8.0	4.0	0.30151134457776363	0.08619310660327584
0.766110701502129	cosine	8.0	4.0	8.0	0.13400504203456162	0.27209855448987996
-0.09553727600571929	cosine	8.0	0.0	4.0	0.0657951694959769	0.38293745122977874
-0.3364278834443461	cosine	8.0	8.0	4.0	0.033501260508640406	0.4397434849390244
0.9376673794061201	cosine	8.0	8.0	4.0	0.33501260508640407	0.0647348936883515
0.10951904748383338	cosine	8.0	8.0	4.0	0.10050378152592121	0.3246054073583539
-0.3385797439714452	cosine	8.0	8.0	4.0	0.0	0.5
-0.7419414893361977	cosine	8.0	4.0	0.0	0.36187343222787294	0.05073562797633993
0.06828871159579382	cosine	8.0	8.0	4.0	0.40201512610368484	0.03442252599351862
-0.42300565186145667	cosine	8.0	8.0	4.0	0.33501260508640407	0.0647348936883515
-0.3807069425569518	cosine	8.0	4.0	8.0	0.10050378152592121	0.3246054073583539
-0.061119250492921016	cosine	8.0	8.0	4.0	0.4355163866123253	0.024358800530983115
-1.5968739014860522	cosine	8.0	4.0	8.0	0.33501260508640407	0.0647348936883515
0.540067002740314	cosine	8.0	4.0	0.0	0.23028309323591914	0.14865659075244408
-0.23563506817136035	cosine	8.0	0.0	4.0	0.19738550848793068	0.18584158306669563
-1.548290924468101	cosine	8.0	4.0	0.0	0.19738550848793068	0.18584158306669563
1.1115205375327715	cosine	8.0	0.0	4.0	0.09869275424396534	0.3275593850007441
0.6457777069643629	cosine	8.0	4.0	8.0	0.033501260508640406	0.4397434849390244
-0.0489972332189004	cosine	8.0	0.0	4.0	0.2631806779839076	0.11680717101068677
0.1584508899876533	cosine	8.0	4.0	8.0	0.10050378152592121	0.3246054073583539
-0.5722556714741598	cosine	8.0	4.0	8.0	0.20100756305184242	0.1814857225539041
-0.1865169247501421	cosine	8.0	4.0	8.0	0.36851386559504445	0.04767616394306396
-0.501858940528902	cosine	8.0	8.0	4.0	0.0	0.5
-1.0296756775673952	cosine	8.0	8.0	4.0	0.06700252101728081	0.38085378504795675
-0.3907023950012243	cosine	8.0	8.0	4.0	0.033501260508640406	0.4397434849390244
0.4989721372921899	cosine	8.0	4.0	8.0	0.06700252101728081	0.38085378504795675
1.6340073136061113	cosine	8.0	8.0	4.0	0.33501260508640407	0.0647348936883515
-1.6093288622204045	cosine	8.0	4.0	0.0	0.09869275424396534	0.3275593850007441
-1.1922742456562259	cosine	8.0	8.0	4.0	0.06700252101728081	0.38085378504795675
0.8792987092123751	cosine	8.0	4.0	8.0	0.23450882356048283	0.14426833538783368
0.8411735009382562	cosine	8.0	0.0	4.0	0.0657951694959769	0.38293745122977874
1.4132514708895398	cosine	8.0	8.0	4.0	0.16750630254320203	0.22419615145873356
-1.23845538862217	cosine	8.0	8.0	4.0	0.30151134457776363	0.08619310660327584
-0.7112816314996782	cosine	8.0	4.0	0.0	0.19738550848793068	0.18584158306669563
1.3881428373608298	cosine	8.0	4.0	8.0	0.13400504203456162	0.27209855448987996
1.4459447080365628	cosine	8.0	4.0	8.0	0.06700252101728081	0.38085378504795675
-0.8804724796213153	cosine	8.0	4.0	8.0	0.26801008406912324	0.11257316160194203
0.15926451704913244	cosine	8.0	0.0	4.0	0.36187343222787294	0.05073562797633993
-1.5532226248961574	cosine	8.0	4.0	0.0	0.0657951694959769	0.38293745122977874
1.2837623786065628	cosine	8.0	4.0	8.0	0.033501260508640406	0.4397434849390244
1.0577158234661768	cosine	8.0	0.0	4.0	0.03289758474798845	0.44082120393931895
-0.02498299475704212	cosine	8.0	8.0	4.0	0.30151134457776363	0.08619310660327584
1.289956464946132	cosine	8.0	4.0	0.0	0.1315903389919538	0.27573794886251457
0.1331648154032046	cosine	8.0	8.0	4.0	0.06700252101728081	0.38085378504795675
0.14860375623893038	cosine	8.0	4.0	8.0	0.36851386559504445	0.04767616394306396
-0.09961617583234958	cosine	8.0	0.0	4.0	0.0657951694959769	0.38293745122977874
2.181465430318498	cosine	8.0	0.0	4.0	0.1315903389919538	0.27573794886251457
-0.7013039583033058	cosine	8.0	4.0	0.0	0.23028309323591914	0.14865659075244408
-1.7784705120405875	cosine	8.0	4.0	8.0	0.16750630254320203	0.22419615145873356
-0.6849651783587961	cosine	8.0	8.0	4.0	0.16750630254320203	0.22419615145873356
0.12404443933601353	cosine	8.0	4.0	8.0	0.23450882356048283	0.14426833538783368
-0.9695423467159106	cosine	8.0	8.0	4.0	0.6365239496641677	0.0019835093942865535
0.08713867823663263	cosine	8.0	4.0	0.0	0.09869275424396534	0.3275593850007441
2.4736734142835637	cosine	8.0	0.0	4.0	0.09869275424396534	0.3275593850007441
0.7169620621070956	cosine	8.0	4.0	8.0	0.033501260508640406	0.4397434849390244
1.301097688311628	cosine	8.0	4.0	8.0	0.16750630254320203	0.22419615145873356
-0.4764700938250133	cosine	8.0	8.0	4.0	0.20100756305184242	0.1814857225539041
-1.1750742799630218	cosine	8.0	4.0	8.0	0.033501260508640406	0.4397434849390244
0.1429356674927469	cosine	8.0	8.0	4.0	0.06700252101728081	0.38085378504795675
-0.22025653367279524	cosine	8.0	0.0	4.0	0.296078262731896	0.0901247100752523
-0.24888155552964558	cosine	8.0	0.0	4.0	0.2631806779839076	0.11680717101068677
-0.7475324093058979	cosine	8.0	4.0	8.0	0.06700252101728081	0.38085378504795675
1.2201252125710687	cosine	8.0	0.0	4.0	0.09869275424396534	0.3275593850007441
1.1393634879625805	cosine	8.0	4.0	8.0	0.36851386559504445	0.04767616394306396
-0.1253006167837529	cosine	8.0	4.0	8.0	0.06700252101728081	0.38085378504795675
-0.20740952692171727	cosine	8.0	4.0	8.0	0.16750630254320203	0.22419615145873356
1.4599289966273548	cosine	8.0	8.0	4.0	0.23450882356048283	0.14426833538783368
-1.8672491250390246	cosine	8.0	4.0	8.0	0.033501260508640406	0.4397434849390244
1.0982097072751016	cosine	8.0	4.0	8.0	0.033501260508640406	0.4397434849390244
1.502066482724854	cosine	8.0	4.0	8.0	0.033501260508640406	0.4397434849390244
0.7484094672166436	cosine	8.0	4.0	8.0	0.33501260508640407	0.0647348936883515
-0.5490226624887826	cosine	8.0	4.0	8.0	0.10050378152592121	0.3246054073583539
-1.703534662141395	cosine	8.0	4.0	8.0	0.16750630254320203	0.22419615145873356
-0.6982825414434385	cosine	8.0	0.0	4.0	0.03289758474798845	0.44082120393931895
0.8109217982399483	cosine	8.0	4.0	8.0	0.06700252101728081	0.38085378504795675
-0.7947892662586237	cosine	8.0	0.0	4.0	0.1315903389919538	0.27573794886251457
0.5990100142454673	cosine	8.0	8.0	4.0	0.0	0.5
-0.6861990038680196	cosine	8.0	8.0	4.0	0.06700252101728081	0.38085378504795675
-1.7674056698372163	cosine	8.0	4.0	8.0	0.16750630254320203	0.22419615145873356
-0.053498811169907914	cosine	8.0	0.0	4.0	0.23028309323591914	0.14865659075244408
-1.078333542579712	cosine	8.0	4.0	8.0	0.13400504203456162	0.27209855448987996
0.3026557334240731	cosine	8.0	8.0	4.0	0.13400504203456162	0.27209855448987996
-0.32124557124593967	cosine	8.0	8.0	4.0	0.23450882356048283	0.14426833538783368
-0.20140593010983115	cosine	8.0	4.0	0.0	0.16448792373994225	0.22830592549268558
1.4248225259094311	cosine	8.0	8.0	4.0	0.23450882356048283	0.14426833538783368
0.4284710900466415	cosine	8.0	8.0	4.0	0.26801008406912324	0.11257316160194203
-0.07777119007962986	cosine	8.0	4.0	8.0	0.4355163866123253	0.024358800530983115
-1.1836181066024194	cosine	8.0	8.0	4.0	0.20100756305184242	0.1814857225539041
0.7360675630932147	cosine	8.0	0.0	4.0	0.19738550848793068	0.18584158306669563
-1.035916122730279	cosine	8.0	8.0	4.0	0.033501260508640406	0.4397434849390244
-0.20310240071171878	cosine	8.0	8.0	4.0	0.033501260508640406	0.4397434849390244
1.9932606015696965	cosine	8.0	0.0	4.0	0.03289758474798845	0.44082120393931895
-0.34679219955054336	cosine	8.0	4.0	0.0	0.42766860172384985	0.02646218884554873
-0.0972317227149197	cosine	8.0	8.0	4.0	0.30151134457776363	0.08619310660327584
0.809427511056016	cosine	8.0	4.0	8.0	0.36851386559504445	0.04767616394306396
-1.2171251291336653	cosine	8.0	0.0	4.0	0.2631806779839076	0.11680717101068677
-0.1313463603464569	cosine	8.0	4.0	8.0	0.36851386559504445	0.04767616394306396
-0.07125784506802244	cosine	8.0	4.0	8.0	0.46901764712096566	0.01689057007847118
0.14224319073184527	cosine	8.0	0.0	4.0	0.16448792373994225	0.22830592549268558
-0.2357079017956352	cosine	8.0	0.0	4.0	0.296078262731896	0.0901247100752523
-0.9263443313551619	cosine	8.0	8.0	4.0	0.23450882356048283	0.14426833538783368
-0.4423399739100755	cosine	8.0	4.0	8.0	0.13400504203456162	0.27209855448987996
1.905660869527658	cosine	8.0	0.0	4.0	0.19738550848793068	0.18584158306669563
-0.2666855551605242	cosine	8.0	8.0	4.0	0.30151134457776363	0.08619310660327584
0.3601700141832637	cosine	8.0	4.0	0.0	0.03289758474798845	0.44082120393931895
-1.1887090547250332	cosine	8.0	8.0	4.0	0.46901764712096566	0.01689057007847118
-0.8496278991900795	cosine	8.0	4.0	8.0	0.36851386559504445	0.04767616394306396
-2.667354847591909	cosine	8.0	8.0	4.0	0.10050378152592121	0.3246054073583539
0.505393210519858	cosine	8.0	4.0	0.0	0.42766860172384985	0.02646218884554873
1.185561100213822	cosine	8.0	8.0	4.0	0.033501260508640406	0.4397434849390244
0.2590130546950347	cosine	8.0	8.0	4.0	0.26801008406912324	0.11257316160194203
-0.5873046027404091	cosine	8.0	8.0	4.0	0.10050378152592121	0.3246054073583539
0.004925130585415309	cosine	8.0	4.0	0.0	0.19738550848793068	0.18584158306669563
-0.5981786692771034	cosine	8.0	8.0	4.0	0.20100756305184242	0.1814857225539041
1.4372683416778949	cosine	8.0	4.0	0.0	0.03289758474798845	0.44082120393931895
-1.6335332024662874	cosine	8.0	4.0	8.0	0.13400504203456162	0.27209855448987996
-0.9202023711688002	cosine	8.0	8.0	4.0	0.06700252101728081	0.38085378504795675
0.8458219320815747	cosine	8.0	8.0	4.0	0.36851386559504445	0.04767616394306396
-1.6397575782515428	cosine	8.0	4.0	0.0	0.16448792373994225	0.22830592549268558
-0.3259545324049811	cosine	8.0	4.0	0.0	0.0657951694959769	0.38293745122977874
1.459885802120881	cosine	8.0	0.0	4.0	0.16448792373994225	0.22830592549268558
0.3819334378843899	cosine	8.0	4.0	0.0	0.09869275424396534	0.3275593850007441
0.009616249118269735	cosine	8.0	8.0	4.0	0.16750630254320203	0.22419615145873356
-0.599857640124315	cosine	8.0	4.0	0.0	0.1315903389919538	0.27573794886251457
-0.13045768617487524	cosine	8.0	8.0	4.0	0.06700252101728081	0.38085378504795675
0.11603555383220444	cosine	8.0	4.0	8.0	0.26801008406912324	0.11257316160194203
-0.20549152484350916	cosine	8.0	4.0	0.0	0.1315903389919538	0.27573794886251457
-0.8283446673883235	cosine	8.0	0.0	4.0	0.16448792373994225	0.22830592549268558
-0.8448502006650636	cosine	8.0	8.0	4.0	0.46901764712096566	0.01689057007847118
-0.660854649500299	cosine	8.0	0.0	4.0	0.42766860172384985	0.02646218884554873
-0.12615598835554442	cosine	8.0	4.0	0.0	0.2631806779839076	0.11680717101068677
-0.7275821783826132	cosine	8.0	0.0	4.0	0.03289758474798845	0.44082120393931895
2.273348720675302	cosine	8.0	0.0	4.0	0.09869275424396534	0.3275593850007441
-0.9222554232947224	cosine	8.0	4.0	8.0	0.40201512610368484	0.03442252599351862
-0.3989487236931189	cosine	8.0	0.0	4.0	0.0	0.5
0.48589160392714864	cosine	8.0	4.0	8.0	0.13400504203456162	0.27209855448987996
1.3030091032569109	cosine	8.0	4.0	8.0	0.06700252101728081	0.38085378504795675
0.8685541319721913	cosine	8.0	0.0	4.0	0.2631806779839076	0.11680717101068677
0.15048213298432814	cosine	8.0	4.0	0.0	0.2631806779839076	0.11680717101068677
-1.5690647569329037	cosine	8.0	4.0	8.0	0.20100756305184242	0.1814857225539041
0.8186627904951859	cosine	8.0	0.0	4.0	0.36187343222787294	0.05073562797633993
-0.8206794797686534	cosine	8.0	8.0	4.0	0.30151134457776363	0.08619310660327584
0.16389200698453305	cosine	8.0	4.0	0.0	0.09869275424396534	0.3275593850007441
0.5203468031434104	cosine	8.0	4.0	8.0	0.20100756305184242	0.1814857225539041
0.8484151340121547	cosine	8.0	4.0	8.0	0.23450882356048283	0.14426833538783368
0.16661660554526309	cosine	8.0	4.0	8.0	0.16750630254320203	0.22419615145873356
0.22455617558801738	cosine	8.0	4.0	8.0	0.20100756305184242	0.1814857225539041
-0.9919730496827371	cosine	8.0	4.0	0.0	0.23028309323591914	0.14865659075244408
-0.8515225872772895	cosine	8.0	8.0	4.0	0.033501260508640406	0.4397434849390244
1.2916278463348496	cosine	8.0	0.0	4.0	0.1315903389919538	0.27573794886251457
-1.436429234856133	cosine	8.0	0.0	4.0	0.3289758474798845	0.0682601490394303
0.5579316594533271	cosine	8.0	4.0	8.0	0.20100756305184242	0.1814857225539041
-0.19935709745948463	cosine	8.0	8.0	4.0	0.10050378152592121	0.3246054073583539
1.6601859878503535	cosine	8.0	4.0	0.0	0.0657951694959769	0.38293745122977874
0.7065870256980767	cosine	8.0	8.0	4.0	0.26801008406912324	0.11257316160194203
-0.01878141429978358	cosine	8.0	0.0	4.0	0.4934637712198267	0.01276417380034623
-0.1980593065740908	cosine	8.0	4.0	0.0	0.0657951694959769	0.38293745122977874
1.9130620359566404	cosine	8.0	0.0	4.0	0.36187343222787294	0.05073562797633993
-1.2071857791611864	cosine	8.0	4.0	8.0	0.46901764712096566	0.01689057007847118
1.451973727609263	cosine	8.0	8.0	4.0	0.033501260508640406	0.4397434849390244
-0.1155216453184399	cosine	8.0	8.0	4.0	0.13400504203456162	0.27209855448987996
0.31090850779218493	cosine	8.0	8.0	4.0	0.13400504203456162	0.27209855448987996
0.2555863782481073	cosine	8.0	4.0	8.0	0.4355163866123253	0.024358800530983115
0.2671448958928651	cosine	8.0	0.0	4.0	0.03289758474798845	0.44082120393931895
0.6376903161388833	cosine	8.0	4.0	8.0	0.23450882356048283	0.14426833538783368
1.557884525871105	cosine	8.0	4.0	0.0	0.296078262731896	0.0901247100752523
-0.039627735632344396	cosine	8.0	8.0	4.0	0.10050378152592121	0.3246054073583539
0.20854532819574778	cosine	8.0	4.0	0.0	0.19738550848793068	0.18584158306669563
-1.013435517604139	cosine	8.0	4.0	8.0	0.06700252101728081	0.38085378504795675
1.281420661021731	cosine	8.0	0.0	4.0	0.39477101697586137	0.03699704127429398
-0.4341746464709749	cosine	8.0	8.0	4.0	0.10050378152592121	0.3246054073583539
-1.2623233158314582	cosine	8.0	8.0	4.0	0.06700252101728081	0.38085378504795675
0.8236659175615879	cosine	8.0	4.0	8.0	0.10050378152592121	0.3246054073583539
2.435928729588422	cosine	8.0	4.0	8.0	0.40201512610368484	0.03442252599351862
-1.195711170751561	cosine	8.0	4.0	0.0	0.36187343222787294	0.05073562797633993
0.9225098212704519	cosine	8.0	4.0	8.0	0.10050378152592121	0.3246054073583539
-1.6613575771792992	cosine	8.0	4.0	8.0	0.10050378152592121	0.3246054073583539
-0.756708581532362	cosine	8.0	8.0	4.0	0.0	0.5
-0.6019810196052469	cosine	8.0	4.0	0.0	0.3289758474798845	0.0682601490394303
-0.031842674645511486	cosine	8.0	8.0	4.0	0.16750630254320203	0.22419615145873356
0.051814138105813035	cosine	8.0	4.0	8.0	0.13400504203456162	0.27209855448987996
-1.090120864923407	cosine	8.0	8.0	4.0	0.033501260508640406	0.4397434849390244
1.2627569350168188	cosine	8.0	4.0	0.0	0.2631806779839076	0.11680717101068677
-0.724891216242005	cosine	8.0	8.0	4.0	0.33501260508640407	0.0647348936883515
-0.669873279992415	cosine	8.0	4.0	8.0	0.26801008406912324	0.11257316160194203
-2.9402043054642206	cosine	8.0	4.0	8.0	0.46901764712096566	0.01689057007847118
1.7032670275249895	cosine	8.0	4.0	8.0	0.33501260508640407	0.0647348936883515
1.5932349064030171	cosine	8.0	0.0	4.0	0.2631806779839076	0.11680717101068677
-1.2147332025130217	cosine	8.0	4.0	8.0	0.20100756305184242	0.1814857225539041
-1.4030022472853838	cosine	8.0	4.0	8.0	0.20100756305184242	0.1814857225539041
-0.10242663634999429	cosine	8.0	8.0	4.0	0.06700252101728081	0.38085378504795675
-0.6913362019293167	cosine	8.0	4.0	8.0	0.33501260508640407	0.0647348936883515
-0.3601114993826095	cosine	8.0	8.0	4.0	0.033501260508640406	0.4397434849390244
-0.026924133613847528	cosine	8.0	4.0	0.0	0.36187343222787294	0.05073562797633993
-2.274735640519345	cosine	8.0	8.0	4.0	0.10050378152592121	0.3246054073583539
-1.4344924922462572	cosine	8.0	4.0	8.0	0.36851386559504445	0.04767616394306396
0.4260827803273283	cosine	8.0	8.0	4.0	0.06700252101728081	0.38085378504795675
0.9978893360532728	cosine	8.0	4.0	0.0	0.42766860172384985	0.02646218884554873
0.06895615045738475	cosine	8.0	8.0	4.0	0.13400504203456162	0.27209855448987996
-0.2894691232956571	cosine	8.0	8.0	4.0	0.13400504203456162	0.27209855448987996
0.14642096366952326	cosine	8.0	8.0	4.0	0.16750630254320203	0.22419615145873356
-0.0702615954715381	cosine	8.0	4.0	8.0	0.36851386559504445	0.04767616394306396
0.7060438526918482	cosine	8.0	8.0	4.0	0.10050378152592121	0.3246054073583539
-0.19193399820905013	cosine	8.0	0.0	4.0	0.1315903389919538	0.27573794886251457
-0.86140499821241	cosine	8.0	8.0	4.0	0.23450882356048283	0.14426833538783368
0.36828689488558075	cosine	8.0	4.0	0.0	0.09869275424396534	0.3275593850007441
2.557749491747238	cosine	8.0	4.0	8.0	0.033501260508640406	0.4397434849390244
-0.062311266405849684	cosine	8.0	8.0	4.0	0.33501260508640407	0.0647348936883515
0.4530140664978016	cosine	8.0	8.0	4.0	0.06700252101728081	0.38085378504795675
-0.3038452302465728	cosine	8.0	8.0	4.0	0.033501260508640406	0.4397434849390244
-0.12207534006622683	cosine	8.0	8.0	4.0	0.06700252101728081	0.38085378504795675
1.0148628058150644	cosine	8.0	8.0	4.0	0.502518907629606	0.011474155729315736
0.7362779586122126	cosine	8.0	4.0	0.0	0.16448792373994225	0.22830592549268558
0.017909220162824143	cosine	8.0	8.0	4.0	0.16750630254320203	0.22419615145873356
-1.1725901424200667	cosine	8.0	4.0	8.0	0.06700252101728081	0.38085378504795675
-0.08048426188477734	cosine	8.0	0.0	4.0	0.39477101697586137	0.03699704127429398
-0.7420751929880636	cosine	8.0	8.0	4.0	0.033501260508640406	0.4397434849390244
-0.20630004783936573	cosine	8.0	4.0	0.0	0.03289758474798845	0.44082120393931895
0.4381950491321334	cosine	8.0	4.0	8.0	0.30151134457776363	0.08619310660327584
0.8342214940136572	cosine	8.0	8.0	4.0	0.20100756305184242	0.1814857225539041
-1.3017569131370157	cosine	8.0	4.0	8.0	0.13400504203456162	0.27209855448987996
0.09835728745885286	cosine	8.0	8.0	4.0	0.20100756305184242	0.1814857225539041
-1.3165640221884118	cosine	8.0	4.0	0.0	0.1315903389919538	0.27573794886251457
-1.280790775072795	cosine	8.0	0.0	4.0	0.3289758474798845	0.0682601490394303
0.6682087567970262	cosine	8.0	0.0	4.0	0.0657951694959769	0.38293745122977874
0.09976766541124034	cosine	8.0	4.0	0.0	0.0657951694959769	0.38293745122977874
0.5921695356754098	cosine	8.0	8.0	4.0	0.06700252101728081	0.38085378504795675
0.9699273984035868	cosine	8.0	0.0	4.0	0.19738550848793068	0.18584158306669563
-0.9362115879310309	cosine	8.0	0.0	4.0	0.5263613559678152	0.008604775407453868
0.7195411284801455	cosine	8.0	4.0	8.0	0.033501260508640406	0.4397434849390244
1.1117333257577995	cosine	8.0	8.0	4.0	0.20100756305184242	0.1814857225539041
0.0658445409573201	cosine	8.0	4.0	0.0	0.16448792373994225	0.22830592549268558
-1.3265229419100428	cosine	8.0	4.0	8.0	0.30151134457776363	0.08619310660327584
0.8984861411867893	cosine	8.0	8.0	4.0	0.16750630254320203	0.22419615145873356
0.2793840764898823	cosine	8.0	4.0	8.0	0.033501260508640406	0.4397434849390244
0.26604859509241097	cosine	8.0	8.0	4.0	0.16750630254320203	0.22419615145873356
-0.8596316838362815	cosine	8.0	4.0	8.0	0.033501260508640406	0.4397434849390244
0.6619365368370644	cosine	8.0	4.0	0.0	0.2631806779839076	0.11680717101068677
0.19102846865273163	cosine	8.0	8.0	4.0	0.502518907629606	0.011474155729315736
1.2891266761611426	cosine	8.0	8.0	4.0	0.33501260508640407	0.0647348936883515
2.0405711205470585	cosine	8.0	4.0	8.0	0.30151134457776363	0.08619310660327584
0.9510590565950678	cosine	8.0	0.0	4.0	0.0	0.5
1.1595012940367702	cosine	8.0	0.0	4.0	0.2631806779839076	0.11680717101068677
1.4817436749387256	cosine	8.0	0.0	4.0	0.23028309323591914	0.14865659075244408
-0.6538837601124772	cosine	8.0	8.0	4.0	0.10050378152592121	0.3246054073583539
0.814900315398255	cosine	8.0	0.0	4.0	0.19738550848793068	0.18584158306669563
-1.1518864589490247	cosine	8.0	0.0	4.0	0.09869275424396534	0.3275593850007441
-1.0462826012184927	cosine	8.0	4.0	0.0	0.5263613559678152	0.008604775407453868
-0.5353502380233885	cosine	8.0	4.0	0.0	0.1315903389919538	0.27573794886251457
0.3314247058565415	cosine	8.0	0.0	4.0	0.36187343222787294	0.05073562797633993
0.06710682561426731	cosine	8.0	4.0	8.0	0.033501260508640406	0.4397434849390244
1.0739765911601684	cosine	8.0	0.0	4.0	0.16448792373994225	0.22830592549268558
-0.8732558118185668	cosine	8.0	8.0	4.0	0.06700252101728081	0.38085378504795675
1.1176566502640992	cosine	8.0	4.0	8.0	0.20100756305184242	0.1814857225539041
0.8713071389657845	cosine	8.0	8.0	4.0	0.06700252101728081	0.38085378504795675
0.6456632458915226	cosine	8.0	8.0	4.0	0.10050378152592121	0.3246054073583539
0.21466726945728504	cosine	8.0	4.0	8.0	0.033501260508640406	0.4397434849390244
-0.5869139356988867	cosine	8.0	4.0	8.0	0.06700252101728081	0.38085378504795675
-0.13065589743594047	cosine	8.0	4.0	8.0	0.40201512610368484	0.03442252599351862
0.0830521240707052	cosine	8.0	8.0	4.0	0.16750630254320203	0.22419615145873356
-0.0684980526237099	cosine	8.0	8.0	4.0	0.20100756305184242	0.1814857225539041
-0.1407523198230089	cosine	8.0	8.0	4.0	0.13400504203456162	0.27209855448987996
0.32719883171216096	cosine	8.0	8.0	4.0	0.033501260508640406	0.4397434849390244
-1.8486613814925532	cosine	8.0	8.0	4.0	0.13400504203456162	0.27209855448987996
-0.7824779791181558	cosine	8.0	8.0	4.0	0.0	0.5
-1.3576301141775629	cosine	8.0	8.0	4.0	0.033501260508640406	0.4397434849390244
2.162604840880105	cosine	8.0	4.0	8.0	0.10050378152592121	0.3246054073583539
0.885077707459803	cosine	8.0	8.0	4.0	0.0	0.5
-0.22642572153445265	cosine	8.0	4.0	8.0	0.36851386559504445	0.04767616394306396
-1.1306113790213639	cosine	8.0	8.0	4.0	0.16750630254320203	0.22419615145873356
0.5379165139247379	cosine	8.0	4.0	0.0	0.16448792373994225	0.22830592549268558
-0.3495797287144269	cosine	8.0	4.0	8.0	0.23450882356048283	0.14426833538783368
0.03202692792276711	cosine	8.0	8.0	4.0	0.10050378152592121	0.3246054073583539
0.8451883148666792	cosine	8.0	8.0	4.0	0.13400504203456162	0.27209855448987996
0.018716665044323778	cosine	8.0	8.0	4.0	0.16750630254320203	0.22419615145873356
-0.3259682379157405	cosine	8.0	8.0	4.0	0.30151134457776363	0.08619310660327584
1.8607590575650577	cosine	8.0	4.0	0.0	0.03289758474798845	0.44082120393931895
-0.6550816669607772	cosine	8.0	8.0	4.0	0.16750630254320203	0.22419615145873356
2.040753201765895	cosine	8.0	0.0	4.0	0.1315903389919538	0.27573794886251457
-0.27215535974826915	cosine	8.0	4.0	8.0	0.10050378152592121	0.3246054073583539
-1.0221125752869515	cosine	8.0	0.0	4.0	0.19738550848793068	0.18584158306669563
0.1051377633865177	cosine	8.0	8.0	4.0	0.033501260508640406	0.4397434849390244
0.24833395960367224	cosine	8.0	4.0	0.0	0.23028309323591914	0.14865659075244408
2.1175152694875585	cosine	8.0	4.0	8.0	0.33501260508640407	0.0647348936883515
0.28706441121969845	cosine	8.0	4.0	0.0	0.1315903389919538	0.27573794886251457
-1.284709267334093	cosine	8.0	8.0	4.0	0.06700252101728081	0.38085378504795675
-1.7491732089563856	cosine	8.0	4.0	8.0	0.30151134457776363	0.08619310660327584
3.395253623666193	cosine	8.0	0.0	4.0	0.0	0.5
-0.7214441434456288	cosine	8.0	4.0	0.0	0.16448792373994225	0.22830592549268558
-0.998888764254986	cosine	8.0	8.0	4.0	0.4355163866123253	0.024358800530983115
-0.6630243631871756	cosine	8.0	8.0	4.0	0.30151134457776363	0.08619310660327584
0.9828509298640372	cosine	8.0	4.0	8.0	0.36851386559504445	0.04767616394306396
-1.8144281502954767	cosine	8.0	8.0	4.0	0.16750630254320203	0.22419615145873356
1.1923214951093648	cosine	8.0	4.0	0.0	0.03289758474798845	0.44082120393931895
-0.3466643623150515	cosine	8.0	0.0	4.0	0.03289758474798845	0.44082120393931895
-0.955462813306925	cosine	8.0	4.0	8.0	0.16750630254320203	0.22419615145873356
-0.16817019007411196	cosine	8.0	8.0	4.0	0.30151134457776363	0.08619310660327584
-1.7719503919742374	cosine	8.0	4.0	8.0	0.033501260508640406	0.4397434849390244
-1.4128392284516897	cosine	8.0	4.0	0.0	0.03289758474798845	0.44082120393931895
-0.9600335791272396	cosine	8.0	4.0	8.0	0.26801008406912324	0.11257316160194203
1.029769898098643	cosine	8.0	4.0	8.0	0.4355163866123253	0.024358800530983115
0.8358848553511142	cosine	8.0	4.0	0.0	0.296078262731896	0.0901247100752523
-0.021465043564577915	cosine	8.0	4.0	0.0	0.4934637712198267	0.01276417380034623
-0.4989029225323098	cosine	8.0	8.0	4.0	0.30151134457776363	0.08619310660327584
-0.024267110119195946	cosine	8.0	0.0	4.0	0.23028309323591914	0.14865659075244408
-0.31693910497755245	cosine	8.0	4.0	8.0	0.033501260508640406	0.4397434849390244
0.31582674414007267	cosine	8.0	4.0	0.0	0.03289758474798845	0.44082120393931895
1.3771998870607398	cosine	8.0	0.0	4.0	0.39477101697586137	0.03699704127429398
-0.8272291589292567	cosine	8.0	4.0	8.0	0.16750630254320203	0.22419615145873356
-0.7850964458353358	cosine	8.0	4.0	8.0	0.033501260508640406	0.4397434849390244
0.875841736197987	cosine	8.0	0.0	4.0	0.0657951694959769	0.38293745122977874
-0.4207613036387593	cosine	8.0	4.0	8.0	0.30151134457776363	0.08619310660327584
0.8088761959037649	cosine	8.0	0.0	4.0	0.16448792373994225	0.22830592549268558
0.03687235491739335	cosine	8.0	4.0	8.0	0.16750630254320203	0.22419615145873356
0.1574506180016267	cosine	8.0	8.0	4.0	0.033501260508640406	0.4397434849390244
0.5680370060844109	cosine	8.0	4.0	0.0	0.0657951694959769	0.38293745122977874
0.4118005447786212	cosine	8.0	4.0	8.0	0.4355163866123253	0.024358800530983115
0.580240666141007	cosine	8.0	4.0	8.0	0.13400504203456162	0.27209855448987996
-1.064222458839186	cosine	8.0	0.0	4.0	0.16448792373994225	0.22830592549268558
-0.36668108944317424	cosine	8.0	0.0	4.0	0.2631806779839076	0.11680717101068677
-0.5745606703436721	cosine	8.0	4.0	8.0	0.10050378152592121	0.3246054073583539
0.42310333899254365	cosine	8.0	0.0	4.0	0.296078262731896	0.0901247100752523
-2.219462219788545	cosine	8.0	4.0	8.0	0.23450882356048283	0.14426833538783368
0.2653679529538726	cosine	8.0	8.0	4.0	0.13400504203456162	0.27209855448987996
0.20042026650326514	cosine	8.0	4.0	0.0	0.03289758474798845	0.44082120393931895
-0.5754621378952027	cosine	8.0	4.0	8.0	0.06700252101728081	0.38085378504795675
-0.12238419239134667	cosine	8.0	4.0	0.0	0.09869275424396534	0.3275593850007441
0.658279363990099	cosine	8.0	4.0	0.0	0.0657951694959769	0.38293745122977874
-1.3416860607721197	cosine	8.0	4.0	0.0	0.09869275424396534	0.3275593850007441
-0.056600715673094174	cosine	8.0	4.0	8.0	0.13400504203456162	0.27209855448987996
-0.33812028169669756	cosine	8.0	0.0	4.0	0.36187343222787294	0.05073562797633993
-0.6599006354185402	cosine	8.0	4.0	8.0	0.23450882356048283	0.14426833538783368
0.37235856474089524	cosine	8.0	4.0	0.0	0.39477101697586137	0.03699704127429398
1.1302585584657638	cosine	8.0	8.0	4.0	0.40201512610368484	0.03442252599351862
-0.7402124381893104	cosine	8.0	4.0	8.0	0.23450882356048283	0.14426833538783368
1.3710645938169885	cosine	8.0	4.0	8.0	0.13400504203456162	0.27209855448987996
-1.2356243224329897	cosine	8.0	4.0	8.0	0.06700252101728081	0.38085378504795675
-0.02154667360986345	cosine	8.0	0.0	4.0	0.4934637712198267	0.01276417380034623
0.20184449783880254	cosine	8.0	8.0	4.0	0.06700252101728081	0.38085378504795675
0.7410873460627055	cosine	8.0	4.0	8.0	0.16750630254320203	0.22419615145873356
1.1394627644854614	cosine	8.0	0.0	4.0	0.1315903389919538	0.27573794886251457
0.5801186045965807	cosine	8.0	8.0	4.0	0.16750630254320203	0.22419615145873356
-0.2912825147257099	cosine	8.0	4.0	8.0	0.10050378152592121	0.3246054073583539
0.02541639088106165	cosine	8.0	8.0	4.0	0.06700252101728081	0.38085378504795675
0.2809758196631877	cosine	8.0	4.0	8.0	0.10050378152592121	0.3246054073583539
-0.09828076808187479	cosine	8.0	4.0	0.0	0.03289758474798845	0.44082120393931895
0.0827745479472875	cosine	8.0	8.0	4.0	0.20100756305184242	0.1814857225539041
-0.6937492517162628	cosine	8.0	0.0	4.0	0.39477101697586137	0.03699704127429398
0.9190623308796708	cosine	8.0	4.0	8.0	0.033501260508640406	0.4397434849390244
1.2527919706916417	cosine	8.0	8.0	4.0	0.033501260508640406	0.4397434849390244
0.954600831770789	cosine	8.0	0.0	4.0	0.16448792373994225	0.22830592549268558
0.7853199594246061	cosine	8.0	0.0	4.0	0.3289758474798845	0.0682601490394303
-1.0228030651154882	cosine	8.0	0.0	4.0	0.36187343222787294	0.05073562797633993
-0.7006557875826026	cosine	8.0	0.0	4.0	0.0	0.5
-0.23148948158404808	cosine	8.0	0.0	4.0	0.4934637712198267	0.01276417380034623
0.6154295403006547	cosine	8.0	4.0	0.0	0.296078262731896	0.0901247100752523
-1.1182552903719687	cosine	8.0	4.0	8.0	0.13400504203456162	0.27209855448987996
-0.3001706265696114	cosine	8.0	0.0	4.0	0.16448792373994225	0.22830592549268558
1.1441732466513277	cosine	8.0	4.0	8.0	0.23450882356048283	0.14426833538783368
0.922729993707546	cosine	8.0	4.0	0.0	0.296078262731896	0.0901247100752523
1.174681501143668	cosine	8.0	8.0	4.0	0.13400504203456162	0.27209855448987996
0.18916648286947266	cosine	8.0	8.0	4.0	0.40201512610368484	0.03442252599351862
0.8558104085087497	cosine	8.0	4.0	0.0	0.03289758474798845	0.44082120393931895
-0.6863027447430317	cosine	8.0	8.0	4.0	0.10050378152592121	0.3246054073583539
0.6646864859815752	cosine	8.0	8.0	4.0	0.0	0.5
-1.9367722784151589	cosine	8.0	8.0	4.0	0.06700252101728081	0.38085378504795675
1.8777262914452637	cosine	8.0	8.0	4.0	0.10050378152592121	0.3246054073583539
-1.338714274751655	cosine	8.0	0.0	4.0	0.0657951694959769	0.38293745122977874
-0.21411460175949032	cosine	8.0	4.0	0.0	0.657951694959769	0.0014518639985398399
-0.4792419416732956	cosine	8.0	4.0	8.0	0.033501260508640406	0.4397434849390244
-2.0788113312320693	cosine	8.0	4.0	8.0	0.26801008406912324	0.11257316160194203
0.9504312905415245	cosine	8.0	8.0	4.0	0.033501260508640406	0.4397434849390244
0.22499821348625293	cosine	8.0	4.0	8.0	0.033501260508640406	0.4397434849390244
0.3828396494128621	cosine	8.0	8.0	4.0	0.10050378152592121	0.3246054073583539
1.2053541607687133	cosine	8.0	4.0	8.0	0.26801008406912324	0.11257316160194203
0.06508426829679513	cosine	8.0	4.0	8.0	0.06700252101728081	0.38085378504795675
0.4283615393755023	cosine	8.0	4.0	8.0	0.033501260508640406	0.4397434849390244
0.83636209849635	cosine	8.0	0.0	4.0	0.09869275424396534	0.3275593850007441
2.660081539122121	cosine	8.0	0.0	4.0	0.16448792373994225	0.22830592549268558
0.914780165524156	cosine	8.0	4.0	8.0	0.033501260508640406	0.4397434849390244
1.043288879896497	cosine	8.0	0.0	4.0	0.09869275424396534	0.3275593850007441
-0.010685710740137237	cosine	8.0	4.0	0.0	0.03289758474798845	0.44082120393931895
0.14857216809080642	cosine	8.0	4.0	0.0	0.0657951694959769	0.38293745122977874
0.6571174200784672	cosine	8.0	4.0	8.0	0.16750630254320203	0.22419615145873356
0.806885658361872	cosine	8.0	0.0	4.0	0.16448792373994225	0.22830592549268558
-0.39226149157867984	cosine	8.0	4.0	0.0	0.03289758474798845	0.44082120393931895
-0.40156417452163234	cosine	8.0	8.0	4.0	0.0	0.5
-0.9681867785973391	cosine	8.0	0.0	4.0	0.23028309323591914	0.14865659075244408
-0.008691293431118505	cosine	8.0	4.0	0.0	0.4934637712198267	0.01276417380034623
-0.9524540714952949	cosine	8.0	8.0	4.0	0.033501260508640406	0.4397434849390244
-1.140958074670913	cosine	8.0	4.0	0.0	0.09869275424396534	0.3275593850007441
0.4843138429017985	cosine	8.0	0.0	4.0	0.23028309323591914	0.14865659075244408
-1.48491174707953	cosine	8.0	8.0	4.0	0.20100756305184242	0.1814857225539041
0.41343099177296094	cosine	8.0	4.0	8.0	0.33501260508640407	0.0647348936883515
0.5778556259596322	cosine	8.0	4.0	0.0	0.42766860172384985	0.02646218884554873
-0.07629769185535631	cosine	8.0	0.0	4.0	0.39477101697586137	0.03699704127429398
-1.563542453505729	cosine	8.0	8.0	4.0	0.26801008406912324	0.11257316160194203
2.0545487272314085	cosine	8.0	0.0	4.0	0.3289758474798845	0.0682601490394303
-0.26407143408403744	cosine	8.0	0.0	4.0	0.1315903389919538	0.27573794886251457
1.6385721960710353	cosine	8.0	0.0	4.0	0.16448792373994225	0.22830592549268558
1.362943075744402	cosine	8.0	4.0	8.0	0.23450882356048283	0.14426833538783368
1.9273426729850611	cosine	8.0	4.0	0.0	0.39477101697586137	0.03699704127429398
-0.8703182996164357	cosine	8.0	8.0	4.0	0.26801008406912324	0.11257316160194203
0.5781853596587283	cosine	8.0	4.0	8.0	0.10050378152592121	0.3246054073583539
0.48169429812068965	cosine	8.0	0.0	4.0	0.1315903389919538	0.27573794886251457
-0.6323062906075612	cosine	8.0	8.0	4.0	0.06700252101728081	0.38085378504795675
-0.8866240869626006	cosine	8.0	0.0	4.0	0.36187343222787294	0.05073562797633993
-0.430662183021888	cosine	8.0	4.0	0.0	0.23028309323591914	0.14865659075244408
0.35313434029489976	cosine	8.0	8.0	4.0	0.10050378152592121	0.3246054073583539
-0.7808579343049912	cosine	8.0	4.0	8.0	0.20100756305184242	0.1814857225539041
-1.4774535648977656	cosine	8.0	8.0	4.0	0.10050378152592121	0.3246054073583539
-1.5226535705504844	cosine	8.0	4.0	0.0	0.2631806779839076	0.11680717101068677
-1.553825079532053	cosine	8.0	8.0	4.0	0.13400504203456162	0.27209855448987996
-0.47117191641094225	cosine	8.0	4.0	8.0	0.10050378152592121	0.3246054073583539
-0.08222436234558551	cosine	8.0	4.0	0.0	0.4605661864718383	0.01856076533880384
-0.63929430356734	cosine	8.0	0.0	4.0	0.03289758474798845	0.44082120393931895
0.1319449556838875	cosine	8.0	4.0	0.0	0.03289758474798845	0.44082120393931895
0.057448446939646604	cosine	8.0	0.0	4.0	0.09869275424396534	0.3275593850007441
-0.12779531705059113	cosine	8.0	0.0	4.0	0.1315903389919538	0.27573794886251457
-1.2652649879720177	cosine	8.0	0.0	4.0	0.03289758474798845	0.44082120393931895
-0.6266890021968439	cosine	8.0	8.0	4.0	0.40201512610368484	0.03442252599351862
-0.023814741592634615	cosine	8.0	4.0	8.0	0.06700252101728081	0.38085378504795675
-0.7788960434637746	cosine	8.0	8.0	4.0	0.40201512610368484	0.03442252599351862
1.2415879010239779	cosine	8.0	4.0	0.0	0.0657951694959769	0.38293745122977874
-0.8476342264879804	cosine	8.0	8.0	4.0	0.06700252101728081	0.38085378504795675
0.714245308477525	cosine	8.0	4.0	8.0	0.36851386559504445	0.04767616394306396
0.22140303403712458	cosine	8.0	4.0	8.0	0.10050378152592121	0.3246054073583539
-0.6873106726002292	cosine	8.0	4.0	8.0	0.26801008406912324	0.11257316160194203
0.00628858467921461	cosine	8.0	4.0	8.0	0.06700252101728081	0.38085378504795675
0.5680088729771458	cosine	8.0	8.0	4.0	0.40201512610368484	0.03442252599351862
0.9032730518804462	cosine	8.0	4.0	8.0	0.20100756305184242	0.1814857225539041
-0.2990975479468729	cosine	8.0	4.0	0.0	0.23028309323591914	0.14865659075244408
2.15895348608685	cosine	8.0	4.0	8.0	0.30151134457776363	0.08619310660327584
0.5996212236529167	cosine	8.0	4.0	8.0	0.502518907629606	0.011474155729315736
-0.3508217337534815	cosine	8.0	4.0	8.0	0.33501260508640407	0.0647348936883515
-0.2009396613859339	cosine	8.0	0.0	4.0	0.09869275424396534	0.3275593850007441
1.8883032333503387	cosine	8.0	8.0	4.0	0.06700252101728081	0.38085378504795675
0.12349950507098649	cosine	8.0	8.0	4.0	0.36851386559504445	0.04767616394306396
0.9167943582592951	cosine	8.0	4.0	8.0	0.13400504203456162	0.27209855448987996
1.5104092210964948	cosine	8.0	8.0	4.0	0.13400504203456162	0.27209855448987996
-1.0919448436242964	cosine	8.0	4.0	8.0	0.10050378152592121	0.3246054073583539
0.7860775387174708	cosine	8.0	8.0	4.0	0.20100756305184242	0.1814857225539041
0.5639571633736485	cosine	8.0	0.0	4.0	0.16448792373994225	0.22830592549268558
1.717102835643761	cosine	8.0	4.0	8.0	0.33501260508640407	0.0647348936883515
0.5457857962076329	cosine	8.0	4.0	8.0	0.10050378152592121	0.3246054073583539
-0.11434447117615398	cosine	8.0	4.0	8.0	0.20100756305184242	0.1814857225539041
0.599755129326992	cosine	8.0	4.0	8.0	0.6700252101728081	0.0012131191275820915
0.156596336809058	cosine	8.0	4.0	0.0	0.09869275424396534	0.3275593850007441
-0.05086790337264884	cosine	8.0	8.0	4.0	0.10050378152592121	0.3246054073583539
0.108190960504272	cosine	8.0	4.0	8.0	0.16750630254320203	0.22419615145873356
-2.0741824263425084	cosine	8.0	4.0	8.0	0.16750630254320203	0.22419615145873356
0.5105142123606984	cosine	8.0	8.0	4.0	0.20100756305184242	0.1814857225539041
-0.30891319697384206	cosine	8.0	4.0	8.0	0.20100756305184242	0.1814857225539041
-0.5589589949434973	cosine	8.0	4.0	8.0	0.33501260508640407	0.0647348936883515
-0.0836919565927389	cosine	8.0	4.0	8.0	0.13400504203456162	0.27209855448987996
-0.15859746108328976	cosine	8.0	8.0	4.0	0.40201512610368484	0.03442252599351862
2.0179188189051414	cosine	8.0	8.0	4.0	0.23450882356048283	0.14426833538783368
-0.8456519653388527	cosine	8.0	4.0	8.0	0.033501260508640406	0.4397434849390244
-2.052039358270979	cosine	8.0	4.0	0.0	0.0657951694959769	0.38293745122977874
0.050515058506058134	cosine	8.0	4.0	0.0	0.0657951694959769	0.38293745122977874
1.0320018210718858	cosine	8.0	4.0	8.0	0.16750630254320203	0.22419615145873356
-0.6658548193216651	cosine	8.0	4.0	8.0	0.10050378152592121	0.3246054073583539
-0.6952138304696037	cosine	8.0	4.0	0.0	0.1315903389919538	0.27573794886251457
3.4723647820146493	cosine	8.0	4.0	8.0	0.033501260508640406	0.4397434849390244
0.44181676462140007	cosine	8.0	4.0	0.0	0.296078262731896	0.0901247100752523
-0.5342410671319666	cosine	8.0	4.0	8.0	0.20100756305184242	0.1814857225539041
0.5288120660849889	cosine	8.0	8.0	4.0	0.30151134457776363	0.08619310660327584
0.11213982542471922	cosine	8.0	4.0	8.0	0.10050378152592121	0.3246054073583539
0.9122459150991108	cosine	8.0	4.0	8.0	0.4355163866123253	0.024358800530983115
0.7705250704580174	cosine	8.0	4.0	8.0	0.16750630254320203	0.22419615145873356
-0.655614528011768	cosine	8.0	8.0	4.0	0.36851386559504445	0.04767616394306396
-0.055988047432749107	cosine	8.0	4.0	8.0	0.13400504203456162	0.27209855448987996
1.1304458278595473	cosine	8.0	8.0	4.0	0.33501260508640407	0.0647348936883515
-0.8641114623111751	cosine	8.0	8.0	4.0	0.26801008406912324	0.11257316160194203
-0.933919155643078	cosine	8.0	8.0	4.0	0.20100756305184242	0.1814857225539041
-0.24348197373356137	cosine	8.0	4.0	0.0	0.16448792373994225	0.22830592549268558
0.4473222285975933	cosine	8.0	4.0	8.0	0.033501260508640406	0.4397434849390244
-1.3652004381115894	cosine	8.0	0.0	4.0	0.16448792373994225	0.22830592549268558
-1.1016940238485537	cosine	8.0	4.0	8.0	0.13400504203456162	0.27209855448987996
0.29749637863211187	cosine	8.0	0.0	4.0	0.16448792373994225	0.22830592549268558
0.8346721186767595	cosine	8.0	8.0	4.0	0.033501260508640406	0.4397434849390244
0.38330413781238887	cosine	8.0	8.0	4.0	0.10050378152592121	0.3246054073583539
-1.1854244381627623	cosine	8.0	8.0	4.0	0.26801008406912324	0.11257316160194203
-0.11931309542795629	cosine	8.0	8.0	4.0	0.033501260508640406	0.4397434849390244
0.7849260693204363	cosine	8.0	8.0	4.0	0.16750630254320203	0.22419615145873356
-0.4298844358982648	cosine	8.0	4.0	8.0	0.033501260508640406	0.4397434849390244
-0.842607597789328	cosine	8.0	8.0	4.0	0.10050378152592121	0.3246054073583539
0.474551111382	cosine	8.0	4.0	8.0	0.23450882356048283	0.14426833538783368
2.1913419031583987	cosine	8.0	8.0	4.0	0.20100756305184242	0.1814857225539041
1.2882191807566339	cosine	8.0	4.0	8.0	0.13400504203456162	0.27209855448987996
1.2905058908147697	cosine	8.0	4.0	0.0	0.09869275424396534	0.3275593850007441
-0.056480098915789104	cosine	8.0	4.0	8.0	0.16750630254320203	0.22419615145873356
-1.060085862011692	cosine	8.0	4.0	0.0	0.23028309323591914	0.14865659075244408
0.35167458719267936	cosine	8.0	8.0	4.0	0.26801008406912324	0.11257316160194203
-1.115619893095583	cosine	8.0	4.0	0.0	0.3289758474798845	0.0682601490394303
1.0101453186631018	cosine	8.0	4.0	8.0	0.13400504203456162	0.27209855448987996
0.5081227308796601	cosine	8.0	4.0	8.0	0.10050378152592121	0.3246054073583539
-0.19525161123809295	cosine	8.0	4.0	8.0	0.06700252101728081	0.38085378504795675
0.4794769420055776	cosine	8.0	8.0	4.0	0.33501260508640407	0.0647348936883515
-1.7676151888020666	cosine	8.0	8.0	4.0	0.033501260508640406	0.4397434849390244
-0.95988267079712	cosine	8.0	4.0	0.0	0.03289758474798845	0.44082120393931895
-1.3053950716259877	cosine	8.0	4.0	8.0	0.06700252101728081	0.38085378504795675
1.0126496112185197	cosine	8.0	8.0	4.0	0.23450882356048283	0.14426833538783368
-0.5425779898279561	cosine	8.0	0.0	4.0	0.19738550848793068	0.18584158306669563
1.659219951642872	cosine	8.0	4.0	8.0	0.13400504203456162	0.27209855448987996
1.111354127929669	cosine	8.0	4.0	8.0	0.13400504203456162	0.27209855448987996
-0.9922194934932634	cosine	8.0	8.0	4.0	0.23450882356048283	0.14426833538783368
0.04889330371974773	cosine	8.0	8.0	4.0	0.06700252101728081	0.38085378504795675
-0.23320139053302244	cosine	8.0	0.0	4.0	0.1315903389919538	0.27573794886251457
-1.5469031607599717	cosine	8.0	8.0	4.0	0.033501260508640406	0.4397434849390244
0.8402723958443931	cosine	8.0	4.0	0.0	0.19738550848793068	0.18584158306669563
-0.4373993786803294	cosine	8.0	8.0	4.0	0.33501260508640407	0.0647348936883515
0.14847453655094028	cosine	8.0	8.0	4.0	0.23450882356048283	0.14426833538783368
-0.7029840260950204	cosine	8.0	4.0	8.0	0.6365239496641677	0.0019835093942865535
-0.21066579172358788	cosine	8.0	4.0	8.0	0.06700252101728081	0.38085378504795675
-0.007981477701921527	cosine	8.0	8.0	4.0	0.0	0.5
-1.3505996229151151	cosine	8.0	0.0	4.0	0.16448792373994225	0.22830592549268558
0.8324879755529976	cosine	8.0	4.0	0.0	0.3289758474798845	0.0682601490394303
-0.4397511288778817	cosine	8.0	4.0	0.0	0.0657951694959769	0.38293745122977874
-1.7582295502142087	cosine	8.0	8.0	4.0	0.46901764712096566	0.01689057007847118
1.8992758621704615	cosine	8.0	8.0	4.0	0.23450882356048283	0.14426833538783368
-0.8076312354769988	cosine	8.0	0.0	4.0	0.23028309323591914	0.14865659075244408
-1.077606168317533	cosine	8.0	4.0	8.0	0.06700252101728081	0.38085378504795675
-0.4743405035870607	cosine	8.0	4.0	0.0	0.19738550848793068	0.18584158306669563
1.0947714333783132	cosine	8.0	0.0	4.0	0.16448792373994225	0.22830592549268558
0.9756396530116768	cosine	8.0	4.0	8.0	0.30151134457776363	0.08619310660327584
-0.17430066440101605	cosine	8.0	4.0	8.0	0.502518907629606	0.011474155729315736
-0.6914246554612876	cosine	8.0	4.0	8.0	0.502518907629606	0.011474155729315736
-0.40665708719170957	cosine	8.0	4.0	8.0	0.4355163866123253	0.024358800530983115
0.23233668036284738	cosine	8.0	8.0	4.0	0.16750630254320203	0.22419615145873356
-0.8847865918202725	cosine	8.0	4.0	8.0	0.33501260508640407	0.0647348936883515
0.4779340825530905	cosine	8.0	4.0	8.0	0.23450882356048283	0.14426833538783368
0.7229353112769774	cosine	8.0	8.0	4.0	0.10050378152592121	0.3246054073583539
-1.6585743041320267	cosine	8.0	4.0	0.0	0.16448792373994225	0.22830592549268558
0.799927304010409	cosine	8.0	0.0	4.0	0.0657951694959769	0.38293745122977874
