ID	Waveform	Period	Phase	Nadir	Tau	P
0.6334636526245444	cosine	8.0	8.0	4.0	0.16412198797244368	0.22880703942157304
-0.186517434203739	cosine	8.0	8.0	4.0	0.5744269579035529	0.004664793300056646
-1.29362645255489	cosine	8.0	4.0	8.0	0.12309149097933277	0.2887343362768522
-1.3993164273938246	cosine	8.0	4.0	8.0	0.2051524849655546	0.17658018306224965
-1.2575693102387233	cosine	8.0	4.0	8.0	0.32824397594488736	0.06869741815863946
-0.5636178943591063	cosine	8.0	4.0	8.0	0.3692744729379983	0.04733536431232834
-1.6353577017617709	cosine	8.0	4.0	8.0	0.12309149097933277	0.2887343362768522
1.1357821978695006	cosine	8.0	8.0	4.0	0.4103049699311092	0.03165889692990671
1.3401924628024908	cosine	8.0	8.0	4.0	0.04103049699311092	0.4263418441046652
-0.6409448250922686	cosine	8.0	4.0	8.0	0.2051524849655546	0.17658018306224965
-0.6360885085531609	cosine	8.0	8.0	4.0	0.533396460910442	0.007888379585036647
0.1642438334895966	cosine	8.0	8.0	4.0	0.32824397594488736	0.06869741815863946
0.015688705638275544	cosine	8.0	4.0	8.0	0.04103049699311092	0.4263418441046652
-0.05362310776586482	cosine	8.0	4.0	8.0	0.32824397594488736	0.06869741815863946
-1.2263664550204827	cosine	8.0	8.0	4.0	0.28721347895177646	0.09682322156234335
0.8416346516227211	cosine	8.0	8.0	4.0	0.16412198797244368	0.22880703942157304
-0.41628158363176154	cosine	8.0	4.0	8.0	0.08206099398622184	0.3551732881771512
-0.15518536660881024	cosine	8.0	8.0	4.0	0.16412198797244368	0.22880703942157304
0.735400772922372	cosine	8.0	4.0	8.0	0.12309149097933277	0.2887343362768522
-1.3250577367109762	cosine	8.0	4.0	8.0	0.12309149097933277	0.2887343362768522
-1.0764414115133771	cosine	8.0	8.0	4.0	0.4103049699311092	0.03165889692990671
-2.700802637250252	cosine	8.0	4.0	8.0	0.08206099398622184	0.3551732881771512
-0.3368948983990788	cosine	8.0	8.0	4.0	0.12309149097933277	0.2887343362768522
-0.2274134681124042	cosine	8.0	8.0	4.0	0.08206099398622184	0.3551732881771512
-0.19006249293028896	cosine	8.0	4.0	8.0	0.28721347895177646	0.09682322156234335
0.11399040988656889	cosine	8.0	8.0	4.0	0.08206099398622184	0.3551732881771512
1.1263832500775381	cosine	8.0	4.0	8.0	0.5744269579035529	0.004664793300056646
0.37885963672002276	cosine	8.0	8.0	4.0	0.12309149097933277	0.2887343362768522
0.07847536272463321	cosine	8.0	8.0	4.0	0.0	0.5
1.7574434902005116	cosine	8.0	4.0	8.0	0.04103049699311092	0.4263418441046652
0.6971854155253433	cosine	8.0	8.0	4.0	0.04103049699311092	0.4263418441046652
-0.07491005663912201	cosine	8.0	4.0	8.0	0.28721347895177646	0.09682322156234335
0.37447181292813286	cosine	8.0	8.0	4.0	0.04103049699311092	0.4263418441046652
-0.15772427318056895	cosine	8.0	4.0	8.0	0.4103049699311092	0.03165889692990671
-1.0656683268255385	cosine	8.0	8.0	4.0	0.24618298195866553	0.132602702653215
-1.0532224668156915	cosine	8.0	8.0	4.0	0.32824397594488736	0.06869741815863946
0.3096932426991896	cosine	8.0	8.0	4.0	0.12309149097933277	0.2887343362768522
-1.6421353423397143	cosine	8.0	8.0	4.0	0.2051524849655546	0.17658018306224965
3.1898591919775394	cosine	8.0	8.0	4.0	0.49236596391733106	0.012928792206995967
-0.2976261738001657	cosine	8.0	8.0	4.0	0.28721347895177646	0.09682322156234335
-0.2478842748051783	cosine	8.0	8.0	4.0	0.533396460910442	0.007888379585036647
1.1372735860857566	cosine	8.0	8.0	4.0	0.12309149097933277	0.2887343362768522
0.05756127813874801	cosine	8.0	4.0	8.0	0.2051524849655546	0.17658018306224965
0.8312019405710643	cosine	8.0	4.0	8.0	0.28721347895177646	0.09682322156234335
0.4077289698408703	cosine	8.0	4.0	8.0	0.4103049699311092	0.03165889692990671
-1.0172951072201708	cosine	8.0	4.0	8.0	0.32824397594488736	0.06869741815863946
1.4630805579707904	cosine	8.0	8.0	4.0	0.2051524849655546	0.17658018306224965
2.6329962578737693	cosine	8.0	8.0	4.0	0.04103049699311092	0.4263418441046652
-0.231745985630335	cosine	8.0	4.0	8.0	0.04103049699311092	0.4263418441046652
0.6826593258537633	cosine	8.0	4.0	8.0	0.16412198797244368	0.22880703942157304
0.11931039593817709	cosine	8.0	8.0	4.0	0.24618298195866553	0.132602702653215
0.980658234869851	cosine	8.0	8.0	4.0	0.08206099398622184	0.3551732881771512
-1.2570367240707179	cosine	8.0	8.0	4.0	0.08206099398622184	0.3551732881771512
1.141175611573869	cosine	8.0	8.0	4.0	0.24618298195866553	0.132602702653215
1.2435700002421106	cosine	8.0	8.0	4.0	0.24618298195866553	0.132602702653215
-0.12947690302779502	cosine	8.0	4.0	8.0	0.04103049699311092	0.4263418441046652
0.6519826859694372	cosine	8.0	0.0	4.0	0.04103049699311092	0.4263418441046652
-0.955977860739324	cosine	8.0	8.0	4.0	0.0	0.5
0.7698075607979825	cosine	8.0	8.0	4.0	0.4103049699311092	0.03165889692990671
0.6583601102715827	cosine	8.0	4.0	8.0	0.12309149097933277	0.2887343362768522
0.03575659022834005	cosine	8.0	8.0	4.0	0.4103049699311092	0.03165889692990671
-0.7212264797123956	cosine	8.0	4.0	8.0	0.4103049699311092	0.03165889692990671
1.0872414052527308	cosine	8.0	8.0	4.0	0.4103049699311092	0.03165889692990671
-0.3332046839540214	cosine	8.0	8.0	4.0	0.16412198797244368	0.22880703942157304
1.0508618798595113	cosine	8.0	4.0	8.0	0.16412198797244368	0.22880703942157304
-1.1063765701921926	cosine	8.0	4.0	8.0	0.04103049699311092	0.4263418441046652
-0.23550791863273476	cosine	8.0	8.0	4.0	0.2051524849655546	0.17658018306224965
-0.2721952074694813	cosine	8.0	8.0	4.0	0.08206099398622184	0.3551732881771512
0.7580911340970443	cosine	8.0	4.0	8.0	0.08206099398622184	0.3551732881771512
-0.6171907305567654	cosine	8.0	8.0	4.0	0.16412198797244368	0.22880703942157304
-0.38439190757924246	cosine	8.0	4.0	8.0	0.3692744729379983	0.04733536431232834
-1.284331950777183	cosine	8.0	8.0	4.0	0.49236596391733106	0.012928792206995967
-0.7050679292757522	cosine	8.0	4.0	8.0	0.08206099398622184	0.3551732881771512
-1.0556137502989706	cosine	8.0	4.0	8.0	0.04103049699311092	0.4263418441046652
2.1132520390306797	cosine	8.0	4.0	8.0	0.28721347895177646	0.09682322156234335
0.8868262471362042	cosine	8.0	8.0	4.0	0.32824397594488736	0.06869741815863946
0.7606189217921435	cosine	8.0	8.0	4.0	0.2051524849655546	0.17658018306224965
-0.6819026923179198	cosine	8.0	8.0	4.0	0.49236596391733106	0.012928792206995967
-2.467242005135119	cosine	8.0	8.0	4.0	0.24618298195866553	0.132602702653215
-0.7418893436665561	cosine	8.0	4.0	8.0	0.08206099398622184	0.3551732881771512
0.21382690675309965	cosine	8.0	4.0	8.0	0.12309149097933277	0.2887343362768522
-1.376488870211771	cosine	8.0	8.0	4.0	0.12309149097933277	0.2887343362768522
-0.5294114465833804	cosine	8.0	4.0	8.0	0.5744269579035529	0.004664793300056646
0.7005759430987992	cosine	8.0	4.0	8.0	0.08206099398622184	0.3551732881771512
0.049243283258586214	cosine	8.0	8.0	4.0	0.0	0.5
-0.1772093460623393	cosine	8.0	8.0	4.0	0.24618298195866553	0.132602702653215
0.3914795859516532	cosine	8.0	8.0	4.0	0.08206099398622184	0.3551732881771512
-0.015482377561537147	cosine	8.0	8.0	4.0	0.04103049699311092	0.4263418441046652
1.8350079723195118	cosine	8.0	8.0	4.0	0.2051524849655546	0.17658018306224965
0.6113081759475348	cosine	8.0	8.0	4.0	0.12309149097933277	0.2887343362768522
-0.22719652202650428	cosine	8.0	4.0	8.0	0.12309149097933277	0.2887343362768522
0.2541467311743935	cosine	8.0	4.0	8.0	0.533396460910442	0.007888379585036647
-0.6920872357400668	cosine	8.0	8.0	4.0	0.32824397594488736	0.06869741815863946
0.3398973559103411	cosine	8.0	8.0	4.0	0.4103049699311092	0.03165889692990671
-0.8490049191506447	cosine	8.0	8.0	4.0	0.28721347895177646	0.09682322156234335
-1.0460936209052272	cosine	8.0	4.0	8.0	0.12309149097933277	0.2887343362768522
-0.7759864857355403	cosine	8.0	8.0	4.0	0.04103049699311092	0.4263418441046652
-1.1699898933280237	cosine	8.0	8.0	4.0	0.0	0.5
0.801196418547874	cosine	8.0	8.0	4.0	0.2051524849655546	0.17658018306224965
0.7327968420094796	cosine	8.0	4.0	8.0	0.04103049699311092	0.4263418441046652
0.1660842526191845	cosine	8.0	8.0	4.0	0.0	0.5
-0.21105485166402982	cosine	8.0	8.0	4.0	0.0	0.5
0.03005593111119351	cosine	8.0	4.0	8.0	0.24618298195866553	0.132602702653215
0.16250168101798665	cosine	8.0	4.0	8.0	0.08206099398622184	0.3551732881771512
-0.9832945612090982	cosine	8.0	4.0	8.0	0.16412198797244368	0.22880703942157304
-0.5528213424317112	cosine	8.0	8.0	4.0	0.32824397594488736	0.06869741815863946
-1.2997846985343864	cosine	8.0	4.0	8.0	0.04103049699311092	0.4263418441046652
1.2674925834428243	cosine	8.0	4.0	8.0	0.16412198797244368	0.22880703942157304
1.1465463923940267	cosine	8.0	4.0	8.0	0.04103049699311092	0.4263418441046652
-0.2720577134119926	cosine	8.0	4.0	8.0	0.32824397594488736	0.06869741815863946
0.037840177332071144	cosine	8.0	8.0	4.0	0.0	0.5
0.624808868440459	cosine	8.0	8.0	4.0	0.32824397594488736	0.06869741815863946
-0.7260235403789833	cosine	8.0	4.0	8.0	0.16412198797244368	0.22880703942157304
-1.2290338029176644	cosine	8.0	4.0	8.0	0.04103049699311092	0.4263418441046652
1.701272750367077	cosine	8.0	8.0	4.0	0.2051524849655546	0.17658018306224965
-0.1404438139826282	cosine	8.0	4.0	8.0	0.533396460910442	0.007888379585036647
-0.19987440516561258	cosine	8.0	8.0	4.0	0.28721347895177646	0.09682322156234335
-0.10922023169147384	cosine	8.0	4.0	8.0	0.3692744729379983	0.04733536431232834
1.1322850318752782	cosine	8.0	4.0	8.0	0.24618298195866553	0.132602702653215
-0.39215982390318654	cosine	8.0	8.0	4.0	0.0	0.5
0.2370007499061038	cosine	8.0	4.0	8.0	0.16412198797244368	0.22880703942157304
0.16325231843585358	cosine	8.0	4.0	8.0	0.04103049699311092	0.4263418441046652
0.6476343644668352	cosine	8.0	4.0	0.0	0.16412198797244368	0.22880703942157304
-0.6630966580026055	cosine	8.0	8.0	4.0	0.28721347895177646	0.09682322156234335
0.3328220409918847	cosine	8.0	4.0	8.0	0.16412198797244368	0.22880703942157304
1.5467133599623633	cosine	8.0	8.0	4.0	0.24618298195866553	0.132602702653215
0.2073014800767746	cosine	8.0	8.0	4.0	0.32824397594488736	0.06869741815863946
-0.2796684075914005	cosine	8.0	4.0	8.0	0.533396460910442	0.007888379585036647
-1.965866714815322	cosine	8.0	8.0	4.0	0.28721347895177646	0.09682322156234335
0.6468734608561272	cosine	8.0	4.0	8.0	0.04103049699311092	0.4263418441046652
0.411471541734402	cosine	8.0	8.0	4.0	0.533396460910442	0.007888379585036647
-1.4593126819698043	cosine	8.0	4.0	8.0	0.2051524849655546	0.17658018306224965
-0.5185178217728619	cosine	8.0	8.0	4.0	0.2051524849655546	0.17658018306224965
0.9517192227736743	cosine	8.0	4.0	8.0	0.16412198797244368	0.22880703942157304
-0.6487639346154656	cosine	8.0	4.0	8.0	0.28721347895177646	0.09682322156234335
0.2767218309693422	cosine	8.0	8.0	4.0	0.04103049699311092	0.4263418441046652
0.7614940221394131	cosine	8.0	4.0	8.0	0.12309149097933277	0.2887343362768522
-0.4216322804227197	cosine	8.0	8.0	4.0	0.3692744729379983	0.04733536431232834
-0.47069640205669244	cosine	8.0	8.0	4.0	0.4103049699311092	0.03165889692990671
1.99225946330492	cosine	8.0	4.0	8.0	0.4513354669242201	0.020543614955811834
0.18944762675727786	cosine	8.0	4.0	8.0	0.49236596391733106	0.012928792206995967
-1.696284563740414	cosine	8.0	4.0	8.0	0.5744269579035529	0.004664793300056646
-1.3374759259233688	cosine	8.0	4.0	8.0	0.08206099398622184	0.3551732881771512
-1.3715829209253598	cosine	8.0	8.0	4.0	0.28721347895177646	0.09682322156234335
-1.050213024964337	cosine	8.0	8.0	4.0	0.12309149097933277	0.2887343362768522
1.1960440131715517	cosine	8.0	8.0	4.0	0.08206099398622184	0.3551732881771512
-0.9482614831804852	cosine	8.0	8.0	4.0	0.16412198797244368	0.22880703942157304
0.3253517843281685	cosine	8.0	8.0	4.0	0.12309149097933277	0.2887343362768522
0.24385325201802063	cosine	8.0	8.0	4.0	0.0	0.5
0.35164409298192195	cosine	8.0	4.0	8.0	0.08206099398622184	0.3551732881771512
-0.35259138125391076	cosine	8.0	8.0	4.0	0.12309149097933277	0.2887343362768522
0.4702870852382095	cosine	8.0	8.0	4.0	0.04103049699311092	0.4263418441046652
-1.4392185626224476	cosine	8.0	4.0	8.0	0.28721347895177646	0.09682322156234335
-0.6953598547471382	cosine	8.0	4.0	8.0	0.04103049699311092	0.4263418441046652
1.547551907301254	cosine	8.0	4.0	8.0	0.08206099398622184	0.3551732881771512
1.0685282405358867	cosine	8.0	4.0	8.0	0.12309149097933277	0.2887343362768522
-0.8787118836812584	cosine	8.0	4.0	8.0	0.12309149097933277	0.2887343362768522
0.9206503403767148	cosine	8.0	8.0	4.0	0.5744269579035529	0.004664793300056646
-0.2428531231594247	cosine	8.0	4.0	8.0	0.04103049699311092	0.4263418441046652
1.2381600606944345	cosine	8.0	8.0	4.0	0.08206099398622184	0.3551732881771512
-0.4063459824091675	cosine	8.0	8.0	4.0	0.08206099398622184	0.3551732881771512
0.25929196543077404	cosine	8.0	4.0	8.0	0.16412198797244368	0.22880703942157304
1.7560381233029532	cosine	8.0	4.0	8.0	0.04103049699311092	0.4263418441046652
0.863847839776555	cosine	8.0	4.0	8.0	0.04103049699311092	0.4263418441046652
-0.8168221599404097	cosine	8.0	8.0	4.0	0.08206099398622184	0.3551732881771512
-0.7820199534060902	cosine	8.0	4.0	8.0	0.16412198797244368	0.22880703942157304
0.5847503507347215	cosine	8.0	4.0	8.0	0.2051524849655546	0.17658018306224965
-0.3071949707891117	cosine	8.0	4.0	8.0	0.32824397594488736	0.06869741815863946
0.694797879212678	cosine	8.0	4.0	8.0	0.04103049699311092	0.4263418441046652
-0.10831066117847908	cosine	8.0	4.0	8.0	0.04103049699311092	0.4263418441046652
-0.4231477704833252	cosine	8.0	8.0	4.0	0.4513354669242201	0.020543614955811834
-0.5761426979921257	cosine	8.0	4.0	8.0	0.08206099398622184	0.3551732881771512
0.6514200325779641	cosine	8.0	4.0	8.0	0.08206099398622184	0.3551732881771512
-1.7293142764999772	cosine	8.0	8.0	4.0	0.0	0.5
0.2622735217405485	cosine	8.0	8.0	4.0	0.32824397594488736	0.06869741815863946
0.4625992746130131	cosine	8.0	4.0	8.0	0.2051524849655546	0.17658018306224965
-0.7935160144995675	cosine	8.0	4.0	8.0	0.24618298195866553	0.132602702653215
-0.5944833188955259	cosine	8.0	0.0	4.0	0.04103049699311092	0.4263418441046652
-0.5325706399557373	cosine	8.0	8.0	4.0	0.2051524849655546	0.17658018306224965
-2.0303152593717235	cosine	8.0	4.0	8.0	0.2051524849655546	0.17658018306224965
0.0833861814745589	cosine	8.0	4.0	8.0	0.12309149097933277	0.2887343362768522
-1.4703473395190074	cosine	8.0	8.0	4.0	0.08206099398622184	0.3551732881771512
-2.367473538343921	cosine	8.0	8.0	4.0	0.2051524849655546	0.17658018306224965
0.8646876859719324	cosine	8.0	4.0	8.0	0.49236596391733106	0.012928792206995967
-1.2854940267158081	cosine	8.0	8.0	4.0	0.0	0.5
-1.7734877016815995	cosine	8.0	8.0	4.0	0.0	0.5
-0.11402193406012955	cosine	8.0	8.0	4.0	0.4103049699311092	0.03165889692990671
-0.460033784722164	cosine	8.0	8.0	4.0	0.16412198797244368	0.22880703942157304
0.9207575556688071	cosine	8.0	8.0	4.0	0.0	0.5
0.21813061194791764	cosine	8.0	8.0	4.0	0.12309149097933277	0.2887343362768522
-0.43887414767513133	cosine	8.0	8.0	4.0	0.08206099398622184	0.3551732881771512
-0.6551615322358733	cosine	8.0	4.0	8.0	0.28721347895177646	0.09682322156234335
0.3239278425459595	cosine	8.0	8.0	4.0	0.24618298195866553	0.132602702653215
-0.97370306205328	cosine	8.0	4.0	8.0	0.16412198797244368	0.22880703942157304
-0.4730085337551953	cosine	8.0	0.0	4.0	0.04103049699311092	0.4263418441046652
0.223633185331023	cosine	8.0	4.0	8.0	0.12309149097933277	0.2887343362768522
-0.209605341669159	cosine	8.0	4.0	8.0	0.04103049699311092	0.4263418441046652
-0.6510159938261993	cosine	8.0	8.0	4.0	0.04103049699311092	0.4263418441046652
0.4856109412686363	cosine	8.0	8.0	4.0	0.32824397594488736	0.06869741815863946
0.5165050961076587	cosine	8.0	4.0	8.0	0.2051524849655546	0.17658018306224965
0.13632746960899195	cosine	8.0	8.0	4.0	0.08206099398622184	0.3551732881771512
1.6951974706074182	cosine	8.0	8.0	4.0	0.0	0.5
0.02484634653340531	cosine	8.0	8.0	4.0	0.08206099398622184	0.3551732881771512
-0.6949829888391942	cosine	8.0	8.0	4.0	0.28721347895177646	0.09682322156234335
0.15199943551484985	cosine	8.0	8.0	4.0	0.2051524849655546	0.17658018306224965
-0.46590817965747544	cosine	8.0	8.0	4.0	0.04103049699311092	0.4263418441046652
0.16441945492334473	cosine	8.0	8.0	4.0	0.533396460910442	0.007888379585036647
0.07099429359255888	cosine	8.0	4.0	8.0	0.3692744729379983	0.04733536431232834
-0.6695675565274202	cosine	8.0	8.0	4.0	0.533396460910442	0.007888379585036647
0.5912943999907694	cosine	8.0	8.0	4.0	0.28721347895177646	0.09682322156234335
-0.4905034144591874	cosine	8.0	8.0	4.0	0.49236596391733106	0.012928792206995967
0.9567619958441725	cosine	8.0	4.0	8.0	0.3692744729379983	0.04733536431232834
-1.9341028872843098	cosine	8.0	8.0	4.0	0.0	0.5
0.2387459405727519	cosine	8.0	8.0	4.0	0.04103049699311092	0.4263418441046652
0.7336407300269564	cosine	8.0	8.0	4.0	0.32824397594488736	0.06869741815863946
1.5549817602840679	cosine	8.0	4.0	8.0	0.533396460910442	0.007888379585036647
-1.0320339782930688	cosine	8.0	4.0	8.0	0.4103049699311092	0.03165889692990671
0.31479805022421703	cosine	8.0	4.0	8.0	0.2051524849655546	0.17658018306224965
-0.8744455012136827	cosine	8.0	8.0	4.0	0.08206099398622184	0.3551732881771512
-0.595711253183252	cosine	8.0	4.0	8.0	0.49236596391733106	0.012928792206995967
0.3892323618753801	cosine	8.0	4.0	8.0	0.04103049699311092	0.4263418441046652
-0.7899941966864956	cosine	8.0	4.0	8.0	0.4513354669242201	0.020543614955811834
-1.6637256052425362	cosine	8.0	4.0	8.0	0.08206099398622184	0.3551732881771512
1.0305619513285258	cosine	8.0	8.0	4.0	0.08206099398622184	0.3551732881771512
-1.017002040441993	cosine	8.0	8.0	4.0	0.28721347895177646	0.09682322156234335
1.6795083045529897	cosine	8.0	4.0	8.0	0.12309149097933277	0.2887343362768522
0.02233599442281717	cosine	8.0	4.0	8.0	0.3692744729379983	0.04733536431232834
0.3819235697879055	cosine	8.0	8.0	4.0	0.0	0.5
0.6730758780585604	cosine	8.0	8.0	4.0	0.3692744729379983	0.04733536431232834
0.2860165849750741	cosine	8.0	8.0	4.0	0.4103049699311092	0.03165889692990671
0.26110140158490935	cosine	8.0	8.0	4.0	0.04103049699311092	0.4263418441046652
1.6242718990725349	cosine	8.0	8.0	4.0	0.24618298195866553	0.132602702653215
-1.1993152356655834	cosine	8.0	8.0	4.0	0.04103049699311092	0.4263418441046652
-1.1387725707461718	cosine	8.0	4.0	8.0	0.4103049699311092	0.03165889692990671
-0.9733020480987562	cosine	8.0	4.0	8.0	0.12309149097933277	0.2887343362768522
-0.5436212653892755	cosine	8.0	4.0	8.0	0.08206099398622184	0.3551732881771512
-0.6023401026467393	cosine	8.0	8.0	4.0	0.2051524849655546	0.17658018306224965
1.0133184448618089	cosine	8.0	8.0	4.0	0.4103049699311092	0.03165889692990671
-0.9778975600371641	cosine	8.0	8.0	4.0	0.0	0.5
-0.8325309581818434	cosine	8.0	4.0	8.0	0.08206099398622184	0.3551732881771512
0.6602907979869928	cosine	8.0	8.0	4.0	0.0	0.5
0.014293531434663507	cosine	8.0	4.0	8.0	0.5744269579035529	0.004664793300056646
0.8572046390758497	cosine	8.0	4.0	8.0	0.08206099398622184	0.3551732881771512
0.42479893740237606	cosine	8.0	4.0	8.0	0.04103049699311092	0.4263418441046652
0.04366313449664757	cosine	8.0	8.0	4.0	0.28721347895177646	0.09682322156234335
-0.5232987067147101	cosine	8.0	8.0	4.0	0.04103049699311092	0.4263418441046652
-0.6902704105267813	cosine	8.0	8.0	4.0	0.12309149097933277	0.2887343362768522
-0.9161576054459993	cosine	8.0	8.0	4.0	0.12309149097933277	0.2887343362768522
-0.7808173067364443	cosine	8.0	8.0	4.0	0.2051524849655546	0.17658018306224965
-1.8243004998366406	cosine	8.0	8.0	4.0	0.16412198797244368	0.22880703942157304
-0.5581348801924021	cosine	8.0	4.0	8.0	0.12309149097933277	0.2887343362768522
0.47997502495767064	cosine	8.0	8.0	4.0	0.04103049699311092	0.4263418441046652
-0.1507928935241928	cosine	8.0	8.0	4.0	0.2051524849655546	0.17658018306224965
0.7193194490055173	cosine	8.0	8.0	4.0	0.3692744729379983	0.04733536431232834
0.936784200342676	cosine	8.0	8.0	4.0	0.0	0.5
-0.3661735203846163	cosine	8.0	4.0	8.0	0.08206099398622184	0.3551732881771512
-0.33782405022405393	cosine	8.0	8.0	4.0	0.28721347895177646	0.09682322156234335
1.8057965281640798	cosine	8.0	8.0	4.0	0.16412198797244368	0.22880703942157304
0.2284164840553231	cosine	8.0	4.0	8.0	0.04103049699311092	0.4263418441046652
-1.1814431781961325	cosine	8.0	4.0	8.0	0.08206099398622184	0.3551732881771512
2.5679544553659	cosine	8.0	4.0	8.0	0.49236596391733106	0.012928792206995967
-0.3709685365803954	cosine	8.0	4.0	8.0	0.4513354669242201	0.020543614955811834
0.4794688406793319	cosine	8.0	4.0	8.0	0.04103049699311092	0.4263418441046652
-1.8899586527923076	cosine	8.0	8.0	4.0	0.6564879518897747	0.0014835533312052846
0.27366347615151954	cosine	8.0	8.0	4.0	0.08206099398622184	0.3551732881771512
1.6728245752401285	cosine	8.0	8.0	4.0	0.04103049699311092	0.4263418441046652
-0.5403411638387163	cosine	8.0	4.0	8.0	0.08206099398622184	0.3551732881771512
-2.066158724746909	cosine	8.0	8.0	4.0	0.7385489458759966	0.0004151128468897929
0.0639507743724297	cosine	8.0	4.0	8.0	0.16412198797244368	0.22880703942157304
1.6864501570736234	cosine	8.0	4.0	8.0	0.16412198797244368	0.22880703942157304
0.6729951542537701	cosine	8.0	4.0	8.0	0.04103049699311092	0.4263418441046652
0.30535772959870167	cosine	8.0	0.0	4.0	0.08206099398622184	0.3551732881771512
-1.900289628128726	cosine	8.0	4.0	8.0	0.08206099398622184	0.3551732881771512
0.6863401394955505	cosine	8.0	8.0	4.0	0.2051524849655546	0.17658018306224965
-0.4129318287167641	cosine	8.0	4.0	8.0	0.49236596391733106	0.012928792206995967
2.344725865904354	cosine	8.0	8.0	4.0	0.24618298195866553	0.132602702653215
-1.2752105201918462	cosine	8.0	8.0	4.0	0.0	0.5
-0.3957350474681548	cosine	8.0	4.0	8.0	0.16412198797244368	0.22880703942157304
0.7435712127363195	cosine	8.0	8.0	4.0	0.24618298195866553	0.132602702653215
-0.34198991224716385	cosine	8.0	4.0	8.0	0.28721347895177646	0.09682322156234335
1.1537786187114387	cosine	8.0	8.0	4.0	0.16412198797244368	0.22880703942157304
0.7951132914513855	cosine	8.0	8.0	4.0	0.32824397594488736	0.06869741815863946
-0.1744800448517397	cosine	8.0	4.0	8.0	0.2051524849655546	0.17658018306224965
0.26315078427606703	cosine	8.0	4.0	8.0	0.12309149097933277	0.2887343362768522
-0.5690910010793415	cosine	8.0	4.0	8.0	0.32824397594488736	0.06869741815863946
-1.1796219302418467	cosine	8.0	4.0	8.0	0.04103049699311092	0.4263418441046652
-1.0047309409653682	cosine	8.0	4.0	8.0	0.04103049699311092	0.4263418441046652
-1.2236239453826763	cosine	8.0	8.0	4.0	0.28721347895177646	0.09682322156234335
0.9610243891064791	cosine	8.0	8.0	4.0	0.08206099398622184	0.3551732881771512
1.5111854116475005	cosine	8.0	4.0	8.0	0.12309149097933277	0.2887343362768522
0.6644289659486453	cosine	8.0	4.0	8.0	0.2051524849655546	0.17658018306224965
-1.130024870522367	cosine	8.0	8.0	4.0	0.49236596391733106	0.012928792206995967
-1.999453407346262	cosine	8.0	8.0	4.0	0.28721347895177646	0.09682322156234335
0.41721919431229826	cosine	8.0	8.0	4.0	0.24618298195866553	0.132602702653215
-0.5881346834410823	cosine	8.0	8.0	4.0	0.32824397594488736	0.06869741815863946
0.1288745455092004	cosine	8.0	4.0	8.0	0.3692744729379983	0.04733536431232834
0.4171912890032842	cosine	8.0	4.0	8.0	0.04103049699311092	0.4263418441046652
-0.46118595046476096	cosine	8.0	8.0	4.0	0.0	0.5
-0.07262458077004671	cosine	8.0	4.0	8.0	0.4513354669242201	0.020543614955811834
-0.02830621720565442	cosine	8.0	8.0	4.0	0.5744269579035529	0.004664793300056646
0.9403077208278581	cosine	8.0	8.0	4.0	0.08206099398622184	0.3551732881771512
0.16372807912334694	cosine	8.0	8.0	4.0	0.4103049699311092	0.03165889692990671
0.80152271328185	cosine	8.0	8.0	4.0	0.04103049699311092	0.4263418441046652
1.032338047107489	cosine	8.0	8.0	4.0	0.12309149097933277	0.2887343362768522
0.2572814676358169	cosine	8.0	4.0	8.0	0.24618298195866553	0.132602702653215
-0.056063148170969655	cosine	8.0	4.0	8.0	0.08206099398622184	0.3551732881771512
-0.3849824708979722	cosine	8.0	8.0	4.0	0.4513354669242201	0.020543614955811834
-0.9887496550942374	cosine	8.0	8.0	4.0	0.24618298195866553	0.132602702653215
-0.15215820803453536	cosine	8.0	8.0	4.0	0.04103049699311092	0.4263418441046652
0.6260726577457401	cosine	8.0	8.0	4.0	0.12309149097933277	0.2887343362768522
-0.18579651781210918	cosine	8.0	8.0	4.0	0.04103049699311092	0.4263418441046652
-0.05728082719013329	cosine	8.0	8.0	4.0	0.08206099398622184	0.3551732881771512
-1.5295925891572375	cosine	8.0	4.0	8.0	0.08206099398622184	0.3551732881771512
-0.8145161972214152	cosine	8.0	4.0	8.0	0.2051524849655546	0.17658018306224965
-0.92475444565779	cosine	8.0	8.0	4.0	0.12309149097933277	0.2887343362768522
-0.1456271535544498	cosine	8.0	8.0	4.0	0.3692744729379983	0.04733536431232834
-1.2231930909916455	cosine	8.0	4.0	8.0	0.16412198797244368	0.22880703942157304
-0.553804986200669	cosine	8.0	8.0	4.0	0.08206099398622184	0.3551732881771512
0.23074707536677735	cosine	8.0	8.0	4.0	0.16412198797244368	0.22880703942157304
0.8195309064561503	cosine	8.0	4.0	8.0	0.28721347895177646	0.09682322156234335
1.2369400047933585	cosine	8.0	8.0	4.0	0.32824397594488736	0.06869741815863946
0.9025554534812317	cosine	8.0	4.0	0.0	0.4103049699311092	0.03165889692990671
-0.3703065881107364	cosine	8.0	4.0	8.0	0.49236596391733106	0.012928792206995967
-2.1580440649066484	cosine	8.0	4.0	8.0	0.16412198797244368	0.22880703942157304
-0.49844490497674016	cosine	8.0	8.0	4.0	0.0	0.5
1.5231138376374485	cosine	8.0	8.0	4.0	0.16412198797244368	0.22880703942157304
0.23140216545678796	cosine	8.0	8.0	4.0	0.16412198797244368	0.22880703942157304
-0.7720234965908245	cosine	8.0	4.0	8.0	0.32824397594488736	0.06869741815863946
-0.4768207206021476	cosine	8.0	8.0	4.0	0.49236596391733106	0.012928792206995967
0.017103674230557052	cosine	8.0	8.0	4.0	0.28721347895177646	0.09682322156234335
-0.8138804215674893	cosine	8.0	4.0	8.0	0.04103049699311092	0.4263418441046652
-1.0195547516334236	cosine	8.0	4.0	8.0	0.24618298195866553	0.132602702653215
1.5266143137377848	cosine	8.0	8.0	4.0	0.12309149097933277	0.2887343362768522
0.40885761281536975	cosine	8.0	8.0	4.0	0.04103049699311092	0.4263418441046652
-0.6929170404510813	cosine	8.0	4.0	8.0	0.24618298195866553	0.132602702653215
0.03505594816921112	cosine	8.0	4.0	8.0	0.24618298195866553	0.132602702653215
-1.1358366445994892	cosine	8.0	8.0	4.0	0.4513354669242201	0.020543614955811834
-0.677975477644323	cosine	8.0	8.0	4.0	0.04103049699311092	0.4263418441046652
1.1461765719841044	cosine	8.0	8.0	4.0	0.12309149097933277	0.2887343362768522
-0.3059972191995179	cosine	8.0	4.0	8.0	0.32824397594488736	0.06869741815863946
1.4023481702832785	cosine	8.0	8.0	4.0	0.4103049699311092	0.03165889692990671
1.2727709559042006	cosine	8.0	4.0	8.0	0.4103049699311092	0.03165889692990671
-2.423323148583544	cosine	8.0	4.0	8.0	0.08206099398622184	0.3551732881771512
-0.1497210922371995	cosine	8.0	8.0	4.0	0.2051524849655546	0.17658018306224965
-0.27715773544064876	cosine	8.0	4.0	8.0	0.49236596391733106	0.012928792206995967
0.6864822283889666	cosine	8.0	4.0	8.0	0.08206099398622184	0.3551732881771512
1.9017127207722335	cosine	8.0	8.0	4.0	0.0	0.5
-0.40607176712098864	cosine	8.0	4.0	8.0	0.16412198797244368	0.22880703942157304
1.8674623940705068	cosine	8.0	4.0	8.0	0.24618298195866553	0.132602702653215
-0.4201289064020803	cosine	8.0	8.0	4.0	0.0	0.5
2.294714651267372	cosine	8.0	8.0	4.0	0.28721347895177646	0.09682322156234335
0.39579999678493183	cosine	8.0	8.0	4.0	0.16412198797244368	0.22880703942157304
0.06157103099981639	cosine	8.0	8.0	4.0	0.32824397594488736	0.06869741815863946
-1.0544848610876862	cosine	8.0	8.0	4.0	0.3692744729379983	0.04733536431232834
-1.0156258384790837	cosine	8.0	0.0	4.0	0.16412198797244368	0.22880703942157304
-0.32449272083663294	cosine	8.0	8.0	4.0	0.08206099398622184	0.3551732881771512
0.3947791983011919	cosine	8.0	4.0	8.0	0.6154574548966638	0.002672839047301189
-0.309053378864538	cosine	8.0	8.0	4.0	0.4513354669242201	0.020543614955811834
-0.338753723493518	cosine	8.0	8.0	4.0	0.24618298195866553	0.132602702653215
-0.5527663705565777	cosine	8.0	4.0	8.0	0.2051524849655546	0.17658018306224965
-2.322391759040468	cosine	8.0	8.0	4.0	0.24618298195866553	0.132602702653215
-0.3885940435297053	cosine	8.0	4.0	8.0	0.7385489458759966	0.0004151128468897929
-0.16692402243759324	cosine	8.0	4.0	0.0	0.08206099398622184	0.3551732881771512
1.0303761272432386	cosine	8.0	4.0	8.0	0.04103049699311092	0.4263418441046652
-0.6282352516971887	cosine	8.0	8.0	4.0	0.533396460910442	0.007888379585036647
0.3705065340237998	cosine	8.0	4.0	8.0	0.4513354669242201	0.020543614955811834
0.5679813837807425	cosine	8.0	8.0	4.0	0.0	0.5
0.4914294982603768	cosine	8.0	8.0	4.0	0.24618298195866553	0.132602702653215
0.03053745536758592	cosine	8.0	4.0	8.0	0.04103049699311092	0.4263418441046652
1.936362297814189	cosine	8.0	4.0	8.0	0.2051524849655546	0.17658018306224965
0.8080310164371706	cosine	8.0	4.0	8.0	0.08206099398622184	0.3551732881771512
-2.0425691273966464	cosine	8.0	4.0	8.0	0.533396460910442	0.007888379585036647
-1.3677946977692372	cosine	8.0	4.0	8.0	0.04103049699311092	0.4263418441046652
-0.8215873706900554	cosine	8.0	8.0	4.0	0.12309149097933277	0.2887343362768522
-0.5290124450691609	cosine	8.0	4.0	8.0	0.2051524849655546	0.17658018306224965
-1.7158476824479256	cosine	8.0	4.0	8.0	0.04103049699311092	0.4263418441046652
0.4349327601632087	cosine	8.0	4.0	8.0	0.24618298195866553	0.132602702653215
0.9450817794207926	cosine	8.0	8.0	4.0	0.0	0.5
0.4602166388872196	cosine	8.0	4.0	8.0	0.08206099398622184	0.3551732881771512
0.9934452167836769	cosine	8.0	8.0	4.0	0.32824397594488736	0.06869741815863946
1.6598117918929554	cosine	8.0	4.0	8.0	0.24618298195866553	0.132602702653215
0.8845899042549336	cosine	8.0	4.0	8.0	0.24618298195866553	0.132602702653215
-0.3822807304869895	cosine	8.0	8.0	4.0	0.4103049699311092	0.03165889692990671
-0.9471638537650617	cosine	8.0	8.0	4.0	0.12309149097933277	0.2887343362768522
1.557687659889727	cosine	8.0	4.0	8.0	0.3692744729379983	0.04733536431232834
0.0358126817204308	cosine	8.0	4.0	8.0	0.24618298195866553	0.132602702653215
-0.4292357896631277	cosine	8.0	8.0	4.0	0.2051524849655546	0.17658018306224965
-1.6164319519412904	cosine	8.0	8.0	4.0	0.12309149097933277	0.2887343362768522
0.39881367556129993	cosine	8.0	4.0	8.0	0.49236596391733106	0.012928792206995967
0.5032900218040431	cosine	8.0	4.0	8.0	0.28721347895177646	0.09682322156234335
1.4791968770346913	cosine	8.0	8.0	4.0	0.5744269579035529	0.004664793300056646
0.7053734832049728	cosine	8.0	4.0	8.0	0.12309149097933277	0.2887343362768522
0.1502483449374439	cosine	8.0	8.0	4.0	0.4103049699311092	0.03165889692990671
-0.43042811634263045	cosine	8.0	8.0	4.0	0.12309149097933277	0.2887343362768522
-0.34965772781199106	cosine	8.0	8.0	4.0	0.0	0.5
-1.0538805884035751	cosine	8.0	4.0	8.0	0.533396460910442	0.007888379585036647
0.0027024070938695623	cosine	8.0	4.0	8.0	0.3692744729379983	0.04733536431232834
0.37783052763422276	cosine	8.0	8.0	4.0	0.24618298195866553	0.132602702653215
-0.12219272960504962	cosine	8.0	4.0	8.0	0.32824397594488736	0.06869741815863946
0.46369566387087735	cosine	8.0	4.0	8.0	0.04103049699311092	0.4263418441046652
0.5634641579967825	cosine	8.0	8.0	4.0	0.16412198797244368	0.22880703942157304
0.4219723256215788	cosine	8.0	8.0	4.0	0.24618298195866553	0.132602702653215
-0.576090282147245	cosine	8.0	4.0	8.0	0.04103049699311092	0.4263418441046652
0.08515353776474222	cosine	8.0	8.0	4.0	0.28721347895177646	0.09682322156234335
-1.4040079130110543	cosine	8.0	8.0	4.0	0.12309149097933277	0.2887343362768522
-0.5368243203530286	cosine	8.0	4.0	8.0	0.12309149097933277	0.2887343362768522
0.3228160952728435	cosine	8.0	8.0	4.0	0.0	0.5
-0.1326907823630801	cosine	8.0	8.0	4.0	0.16412198797244368	0.22880703942157304
-0.6626397073814279	cosine	8.0	4.0	8.0	0.12309149097933277	0.2887343362768522
-0.2214882762413302	cosine	8.0	8.0	4.0	0.12309149097933277	0.2887343362768522
1.2298247647285498	cosine	8.0	8.0	4.0	0.08206099398622184	0.3551732881771512
-1.6760466369672766	cosine	8.0	4.0	8.0	0.04103049699311092	0.4263418441046652
0.1621579308030765	cosine	8.0	8.0	4.0	0.16412198797244368	0.22880703942157304
-0.7862425262784813	cosine	8.0	4.0	8.0	0.16412198797244368	0.22880703942157304
-0.5164445025926145	cosine	8.0	4.0	8.0	0.49236596391733106	0.012928792206995967
0.39722801096600396	cosine	8.0	8.0	4.0	0.0	0.5
-1.364641713964486	cosine	8.0	8.0	4.0	0.32824397594488736	0.06869741815863946
-0.07170756054665989	cosine	8.0	8.0	4.0	0.0	0.5
0.8513801405363887	cosine	8.0	4.0	8.0	0.12309149097933277	0.2887343362768522
1.1046116900075518	cosine	8.0	8.0	4.0	0.3692744729379983	0.04733536431232834
0.6249210164962257	cosine	8.0	4.0	8.0	0.6564879518897747	0.0014835533312052846
0.37212229716047596	cosine	8.0	8.0	4.0	0.0	0.5
0.034200537543155635	cosine	8.0	8.0	4.0	0.12309149097933277	0.2887343362768522
-0.6868227056197594	cosine	8.0	8.0	4.0	0.28721347895177646	0.09682322156234335
0.12817657132946642	cosine	8.0	8.0	4.0	0.04103049699311092	0.4263418441046652
0.3408466337762561	cosine	8.0	8.0	4.0	0.24618298195866553	0.132602702653215
0.5550143658147173	cosine	8.0	8.0	4.0	0.24618298195866553	0.132602702653215
0.020233115505646194	cosine	8.0	8.0	4.0	0.49236596391733106	0.012928792206995967
0.8096123500263647	cosine	8.0	8.0	4.0	0.12309149097933277	0.2887343362768522
1.2950063963496963	cosine	8.0	8.0	4.0	0.12309149097933277	0.2887343362768522
1.4188369144126711	cosine	8.0	4.0	8.0	0.28721347895177646	0.09682322156234335
-0.9994602985123299	cosine	8.0	8.0	4.0	0.08206099398622184	0.3551732881771512
1.308692104493289	cosine	8.0	4.0	8.0	0.533396460910442	0.007888379585036647
0.9098216898445997	cosine	8.0	8.0	4.0	0.12309149097933277	0.2887343362768522
0.25617721129102256	cosine	8.0	8.0	4.0	0.28721347895177646	0.09682322156234335
0.38986952592794716	cosine	8.0	4.0	8.0	0.4513354669242201	0.020543614955811834
-0.2831157952918434	cosine	8.0	8.0	4.0	0.04103049699311092	0.4263418441046652
-0.9101294052681854	cosine	8.0	8.0	4.0	0.04103049699311092	0.4263418441046652
-0.6625179989871846	cosine	8.0	8.0	4.0	0.24618298195866553	0.132602702653215
-0.8971017423358673	cosine	8.0	4.0	8.0	0.49236596391733106	0.012928792206995967
0.05573019363962833	cosine	8.0	4.0	8.0	0.24618298195866553	0.132602702653215
0.7037469611376493	cosine	8.0	4.0	8.0	0.3692744729379983	0.04733536431232834
1.0557519640706512	cosine	8.0	4.0	8.0	0.533396460910442	0.007888379585036647
0.8554492612605559	cosine	8.0	8.0	4.0	0.28721347895177646	0.09682322156234335
0.1862011738881982	cosine	8.0	4.0	8.0	0.4103049699311092	0.03165889692990671
-2.5585467496411196	cosine	8.0	4.0	8.0	0.24618298195866553	0.132602702653215
-1.558609710533674	cosine	8.0	4.0	8.0	0.08206099398622184	0.3551732881771512
0.9595767186608629	cosine	8.0	8.0	4.0	0.24618298195866553	0.132602702653215
-0.3360941429634691	cosine	8.0	4.0	8.0	0.24618298195866553	0.132602702653215
-0.8592853626766026	cosine	8.0	8.0	4.0	0.12309149097933277	0.2887343362768522
-1.5436313151347867	cosine	8.0	4.0	8.0	0.16412198797244368	0.22880703942157304
0.5875735560031459	cosine	8.0	8.0	4.0	0.12309149097933277	0.2887343362768522
0.33933448455583254	cosine	8.0	8.0	4.0	0.4513354669242201	0.020543614955811834
1.6553300506510746	cosine	8.0	4.0	8.0	0.08206099398622184	0.3551732881771512
0.9604522190772489	cosine	8.0	4.0	8.0	0.49236596391733106	0.012928792206995967
0.2081739922458984	cosine	8.0	8.0	4.0	0.12309149097933277	0.2887343362768522
-1.767300104641267	cosine	8.0	4.0	8.0	0.08206099398622184	0.3551732881771512
0.23597420925069962	cosine	8.0	8.0	4.0	0.28721347895177646	0.09682322156234335
0.4843594912971403	cosine	8.0	8.0	4.0	0.16412198797244368	0.22880703942157304
0.7584183358191345	cosine	8.0	8.0	4.0	0.12309149097933277	0.2887343362768522
0.39456080632286405	cosine	8.0	8.0	4.0	0.4103049699311092	0.03165889692990671
0.8719699449846466	cosine	8.0	8.0	4.0	0.24618298195866553	0.132602702653215
0.5446120859171137	cosine	8.0	4.0	8.0	0.04103049699311092	0.4263418441046652
-0.9770990633550735	cosine	8.0	8.0	4.0	0.08206099398622184	0.3551732881771512
1.206765303756394	cosine	8.0	4.0	8.0	0.32824397594488736	0.06869741815863946
-1.349623638125477	cosine	8.0	8.0	4.0	0.28721347895177646	0.09682322156234335
-0.8634855618895627	cosine	8.0	4.0	8.0	0.08206099398622184	0.3551732881771512
-1.6671902283957414	cosine	8.0	4.0	8.0	0.32824397594488736	0.06869741815863946
1.1148805026299262	cosine	8.0	4.0	8.0	0.08206099398622184	0.3551732881771512
0.07869275484913751	cosine	8.0	8.0	4.0	0.04103049699311092	0.4263418441046652
-0.24574823080035132	cosine	8.0	8.0	4.0	0.08206099398622184	0.3551732881771512
1.3172645318324219	cosine	8.0	4.0	8.0	0.24618298195866553	0.132602702653215
-0.7552980817962852	cosine	8.0	8.0	4.0	0.2051524849655546	0.17658018306224965
0.9801396568453193	cosine	8.0	4.0	8.0	0.4103049699311092	0.03165889692990671
-0.7115646645587738	cosine	8.0	4.0	8.0	0.04103049699311092	0.4263418441046652
0.19264417917727802	cosine	8.0	8.0	4.0	0.16412198797244368	0.22880703942157304
0.8105733572645507	cosine	8.0	4.0	8.0	0.24618298195866553	0.132602702653215
0.525973349703801	cosine	8.0	4.0	8.0	0.3692744729379983	0.04733536431232834
0.5521399328211696	cosine	8.0	4.0	8.0	0.16412198797244368	0.22880703942157304
0.3077153492751079	cosine	8.0	4.0	8.0	0.32824397594488736	0.06869741815863946
-0.3396006516687823	cosine	8.0	4.0	8.0	0.32824397594488736	0.06869741815863946
-0.23566674752453434	cosine	8.0	8.0	4.0	0.2051524849655546	0.17658018306224965
0.8733002478996074	cosine	8.0	4.0	8.0	0.4513354669242201	0.020543614955811834
0.6221178496321949	cosine	8.0	8.0	4.0	0.24618298195866553	0.132602702653215
-0.661540526579544	cosine	8.0	8.0	4.0	0.24618298195866553	0.132602702653215
1.4294382154326841	cosine	8.0	8.0	4.0	0.04103049699311092	0.4263418441046652
-1.4893115082666242	cosine	8.0	4.0	8.0	0.24618298195866553	0.132602702653215
-0.8040378397178336	cosine	8.0	4.0	8.0	0.04103049699311092	0.4263418441046652
-0.2014316956054308	cosine	8.0	4.0	8.0	0.12309149097933277	0.2887343362768522
-2.0494718153236966	cosine	8.0	4.0	8.0	0.32824397594488736	0.06869741815863946
1.2562618160902497	cosine	8.0	4.0	8.0	0.16412198797244368	0.22880703942157304
1.1872003900479986	cosine	8.0	8.0	4.0	0.04103049699311092	0.4263418441046652
0.8426648615205953	cosine	8.0	4.0	8.0	0.04103049699311092	0.4263418441046652
0.19016873597296524	cosine	8.0	8.0	4.0	0.12309149097933277	0.2887343362768522
-0.6606841077015979	cosine	8.0	4.0	8.0	0.04103049699311092	0.4263418441046652
0.05166349078194194	cosine	8.0	8.0	4.0	0.04103049699311092	0.4263418441046652
-1.596633968791233	cosine	8.0	8.0	4.0	0.32824397594488736	0.06869741815863946
1.6349944960975047	cosine	8.0	8.0	4.0	0.2051524849655546	0.17658018306224965
1.0770332330374615	cosine	8.0	4.0	8.0	0.28721347895177646	0.09682322156234335
-1.2002815221499754	cosine	8.0	8.0	4.0	0.08206099398622184	0.3551732881771512
0.73070846923677	cosine	8.0	4.0	8.0	0.12309149097933277	0.2887343362768522
-0.435041768916119	cosine	8.0	8.0	4.0	0.3692744729379983	0.04733536431232834
0.38429785088212454	cosine	8.0	4.0	8.0	0.08206099398622184	0.3551732881771512
-1.3485663595400288	cosine	8.0	4.0	8.0	0.2051524849655546	0.17658018306224965
-0.1866030712795952	cosine	8.0	4.0	8.0	0.4103049699311092	0.03165889692990671
0.3180593610396047	cosine	8.0	4.0	8.0	0.12309149097933277	0.2887343362768522
-2.1575595169878117	cosine	8.0	4.0	8.0	0.32824397594488736	0.06869741815863946
0.3797331921084049	cosine	8.0	8.0	4.0	0.2051524849655546	0.17658018306224965
0.6080279953932709	cosine	8.0	4.0	8.0	0.32824397594488736	0.06869741815863946
-0.32439603300874553	cosine	8.0	4.0	8.0	0.4513354669242201	0.020543614955811834
-1.043059609847911	cosine	8.0	4.0	8.0	0.5744269579035529	0.004664793300056646
-0.5114244675082236	cosine	8.0	8.0	4.0	0.28721347895177646	0.09682322156234335
-0.04025184175869481	cosine	8.0	4.0	8.0	0.28721347895177646	0.09682322156234335
1.2329394800629834	cosine	8.0	8.0	4.0	0.08206099398622184	0.3551732881771512
-0.8071343726911047	cosine	8.0	8.0	4.0	0.16412198797244368	0.22880703942157304
-0.6627853021321602	cosine	8.0	4.0	8.0	0.2051524849655546	0.17658018306224965
0.2566468354300027	cosine	8.0	8.0	4.0	0.04103049699311092	0.4263418441046652
-0.7177457829678757	cosine	8.0	4.0	8.0	0.12309149097933277	0.2887343362768522
-0.19702081089990783	cosine	8.0	8.0	4.0	0.16412198797244368	0.22880703942157304
-0.27956904560659124	cosine	8.0	4.0	8.0	0.49236596391733106	0.012928792206995967
0.9660460412813383	cosine	8.0	4.0	8.0	0.28721347895177646	0.09682322156234335
0.6173067345777237	cosine	8.0	4.0	8.0	0.3692744729379983	0.04733536431232834
0.08697353729241353	cosine	8.0	4.0	8.0	0.04103049699311092	0.4263418441046652
0.4073479714992814	cosine	8.0	8.0	4.0	0.24618298195866553	0.132602702653215
0.28799546044810304	cosine	8.0	4.0	8.0	0.24618298195866553	0.132602702653215
-0.27610333455356645	cosine	8.0	8.0	4.0	0.04103049699311092	0.4263418441046652
0.013301162814395322	cosine	8.0	4.0	8.0	0.2051524849655546	0.17658018306224965
0.08604812169772161	cosine	8.0	4.0	8.0	0.08206099398622184	0.3551732881771512
0.3706584738349079	cosine	8.0	8.0	4.0	0.2051524849655546	0.17658018306224965
-0.6428440944562455	cosine	8.0	4.0	8.0	0.3692744729379983	0.04733536431232834
1.1767570480944383	cosine	8.0	4.0	8.0	0.28721347895177646	0.09682322156234335
-0.7500469655588794	cosine	8.0	4.0	8.0	0.04103049699311092	0.4263418441046652
1.0956874275093766	cosine	8.0	8.0	4.0	0.3692744729379983	0.04733536431232834
-1.6117427879994644	cosine	8.0	4.0	8.0	0.2051524849655546	0.17658018306224965
0.5941590538773497	cosine	8.0	4.0	8.0	0.533396460910442	0.007888379585036647
-0.17237254022682405	cosine	8.0	4.0	8.0	0.2051524849655546	0.17658018306224965
0.6779652705286151	cosine	8.0	8.0	4.0	0.16412198797244368	0.22880703942157304
0.18012614162036492	cosine	8.0	4.0	8.0	0.28721347895177646	0.09682322156234335
0.19384582150589433	cosine	8.0	8.0	4.0	0.3692744729379983	0.04733536431232834
-1.0502369538683027	cosine	8.0	8.0	4.0	0.08206099398622184	0.3551732881771512
-1.7061413498412594	cosine	8.0	8.0	4.0	0.12309149097933277	0.2887343362768522
0.8048924503678643	cosine	8.0	4.0	8.0	0.4103049699311092	0.03165889692990671
1.8200723805864707	cosine	8.0	8.0	4.0	0.28721347895177646	0.09682322156234335
2.9142304049716823	cosine	8.0	8.0	4.0	0.0	0.5
-0.2509789846904375	cosine	8.0	8.0	4.0	0.28721347895177646	0.09682322156234335
-0.8816552233225714	cosine	8.0	8.0	4.0	0.04103049699311092	0.4263418441046652
0.33899737933732343	cosine	8.0	4.0	8.0	0.4103049699311092	0.03165889692990671
-1.4542606178928943	cosine	8.0	4.0	8.0	0.32824397594488736	0.06869741815863946
0.10488310624505208	cosine	8.0	8.0	4.0	0.12309149097933277	0.2887343362768522
-0.44998311789938955	cosine	8.0	4.0	8.0	0.16412198797244368	0.22880703942157304
0.4469741152349361	cosine	8.0	4.0	8.0	0.49236596391733106	0.012928792206995967
0.13611257875389451	cosine	8.0	4.0	8.0	0.32824397594488736	0.06869741815863946
0.9640204127379054	cosine	8.0	4.0	8.0	0.2051524849655546	0.17658018306224965
0.7016924367917151	cosine	8.0	8.0	4.0	0.16412198797244368	0.22880703942157304
0.23794917568596544	cosine	8.0	8.0	4.0	0.28721347895177646	0.09682322156234335
0.3183955563271397	cosine	8.0	8.0	4.0	0.24618298195866553	0.132602702653215
1.360348728016004	cosine	8.0	4.0	8.0	0.04103049699311092	0.4263418441046652
1.6372359324333015	cosine	8.0	4.0	8.0	0.12309149097933277	0.2887343362768522
-0.5453073253967939	cosine	8.0	4.0	8.0	0.16412198797244368	0.22880703942157304
0.30356915650174787	cosine	8.0	8.0	4.0	0.6154574548966638	0.002672839047301189
0.5943924695275298	cosine	8.0	8.0	4.0	0.2051524849655546	0.17658018306224965
-0.6205001859020686	cosine	8.0	8.0	4.0	0.0	0.5
-1.1745847913813574	cosine	8.0	8.0	4.0	0.12309149097933277	0.2887343362768522
-0.4346955491416094	cosine	8.0	4.0	8.0	0.08206099398622184	0.3551732881771512
0.27071886247165167	cosine	8.0	4.0	8.0	0.24618298195866553	0.132602702653215
-1.4104996766530071	cosine	8.0	4.0	8.0	0.12309149097933277	0.2887343362768522
-0.5570852722749373	cosine	8.0	4.0	8.0	0.533396460910442	0.007888379585036647
0.1678782742392667	cosine	8.0	8.0	4.0	0.4103049699311092	0.03165889692990671
-0.7848273499424726	cosine	8.0	8.0	4.0	0.32824397594488736	0.06869741815863946
-1.2792185588722513	cosine	8.0	4.0	8.0	0.32824397594488736	0.06869741815863946
-1.2386141131297923	cosine	8.0	8.0	4.0	0.0	0.5
-0.2397006945056914	cosine	8.0	4.0	8.0	0.49236596391733106	0.012928792206995967
-0.1813905348170106	cosine	8.0	4.0	8.0	0.2051524849655546	0.17658018306224965
-0.6108943375052696	cosine	8.0	4.0	0.0	0.08206099398622184	0.3551732881771512
0.0918233474092376	cosine	8.0	4.0	8.0	0.12309149097933277	0.2887343362768522
2.4247162222012397	cosine	8.0	4.0	8.0	0.24618298195866553	0.132602702653215
0.6182641331467037	cosine	8.0	8.0	4.0	0.08206099398622184	0.3551732881771512
0.4119874411304286	cosine	8.0	8.0	4.0	0.24618298195866553	0.132602702653215
1.3741223297933034	cosine	8.0	8.0	4.0	0.08206099398622184	0.3551732881771512
-1.929020125986509	cosine	8.0	8.0	4.0	0.0	0.5
-0.43031007473376404	cosine	8.0	8.0	4.0	0.3692744729379983	0.04733536431232834
-0.43178701370337313	cosine	8.0	8.0	4.0	0.2051524849655546	0.17658018306224965
0.17842826851686738	cosine	8.0	8.0	4.0	0.04103049699311092	0.4263418441046652
0.7812678072085402	cosine	8.0	4.0	8.0	0.12309149097933277	0.2887343362768522
-0.9417533590943462	cosine	8.0	8.0	4.0	0.12309149097933277	0.2887343362768522
-1.522237125477527	cosine	8.0	4.0	8.0	0.16412198797244368	0.22880703942157304
1.8450244184464974	cosine	8.0	4.0	8.0	0.4513354669242201	0.020543614955811834
0.558122719940166	cosine	8.0	8.0	4.0	0.2051524849655546	0.17658018306224965
1.5137965379759575	cosine	8.0	4.0	8.0	0.16412198797244368	0.22880703942157304
0.8222282446369807	cosine	8.0	8.0	4.0	0.04103049699311092	0.4263418441046652
-0.3026527237369365	cosine	8.0	4.0	8.0	0.2051524849655546	0.17658018306224965
0.4100932897790532	cosine	8.0	4.0	8.0	0.2051524849655546	0.17658018306224965
0.6405083581987153	cosine	8.0	4.0	8.0	0.49236596391733106	0.012928792206995967
0.7207875288689407	cosine	8.0	4.0	8.0	0.3692744729379983	0.04733536431232834
0.13268759617680087	cosine	8.0	8.0	4.0	0.3692744729379983	0.04733536431232834
-0.16170382773298908	cosine	8.0	8.0	4.0	0.04103049699311092	0.4263418441046652
0.23194345651919834	cosine	8.0	4.0	8.0	0.32824397594488736	0.06869741815863946
-0.7614558541456942	cosine	8.0	4.0	8.0	0.16412198797244368	0.22880703942157304
0.5341843817525593	cosine	8.0	4.0	8.0	0.4103049699311092	0.03165889692990671
1.459665390643022	cosine	8.0	4.0	8.0	0.2051524849655546	0.17658018306224965
0.08089340843727949	cosine	8.0	4.0	8.0	0.24618298195866553	0.132602702653215
-0.7323614000322459	cosine	8.0	4.0	8.0	0.24618298195866553	0.132602702653215
1.1400492864892526	cosine	8.0	4.0	8.0	0.28721347895177646	0.09682322156234335
0.3920293054524949	cosine	8.0	4.0	8.0	0.24618298195866553	0.132602702653215
2.006731287924586	cosine	8.0	8.0	4.0	0.3692744729379983	0.04733536431232834
0.6390368161520127	cosine	8.0	4.0	8.0	0.32824397594488736	0.06869741815863946
0.05103802456499161	cosine	8.0	8.0	4.0	0.32824397594488736	0.06869741815863946
-0.2859331579043152	cosine	8.0	4.0	8.0	0.12309149097933277	0.2887343362768522
0.48584845236695584	cosine	8.0	4.0	8.0	0.24618298195866553	0.132602702653215
-0.7145077419321585	cosine	8.0	4.0	8.0	0.2051524849655546	0.17658018306224965
0.21373582512570688	cosine	8.0	4.0	8.0	0.2051524849655546	0.17658018306224965
-0.3977421674667423	cosine	8.0	4.0	8.0	0.2051524849655546	0.17658018306224965
-1.8936332410903458	cosine	8.0	4.0	8.0	0.12309149097933277	0.2887343362768522
1.3759805224745862	cosine	8.0	8.0	4.0	0.28721347895177646	0.09682322156234335
0.8463475006429089	cosine	8.0	8.0	4.0	0.04103049699311092	0.4263418441046652
-0.6003988276370684	cosine	8.0	8.0	4.0	0.04103049699311092	0.4263418441046652
2.073014865044366	cosine	8.0	4.0	8.0	0.24618298195866553	0.132602702653215
0.5025499257973023	cosine	8.0	4.0	8.0	0.6564879518897747	0.0014835533312052846
-0.1343170608645658	cosine	8.0	8.0	4.0	0.2051524849655546	0.17658018306224965
0.14214950075312704	cosine	8.0	8.0	4.0	0.08206099398622184	0.3551732881771512
0.5668486222764783	cosine	8.0	4.0	8.0	0.3692744729379983	0.04733536431232834
-0.038976284404302716	cosine	8.0	8.0	4.0	0.6154574548966638	0.002672839047301189
-0.2707049827594823	cosine	8.0	4.0	8.0	0.32824397594488736	0.06869741815863946
1.3659281397089227	cosine	8.0	8.0	4.0	0.28721347895177646	0.09682322156234335
-0.13866374108702853	cosine	8.0	8.0	4.0	0.12309149097933277	0.2887343362768522
0.0951155675818248	cosine	8.0	8.0	4.0	0.12309149097933277	0.2887343362768522
-1.1106183756784511	cosine	8.0	8.0	4.0	0.12309149097933277	0.2887343362768522
1.3891793908310652	cosine	8.0	4.0	8.0	0.4103049699311092	0.03165889692990671
-1.0892066050702267	cosine	8.0	8.0	4.0	0.04103049699311092	0.4263418441046652
0.02019423927176325	cosine	8.0	4.0	8.0	0.08206099398622184	0.3551732881771512
-0.46114617474832953	cosine	8.0	4.0	8.0	0.32824397594488736	0.06869741815863946
-2.020896775070815	cosine	8.0	0.0	4.0	0.0	0.5
0.48734032421730406	cosine	8.0	8.0	4.0	0.4513354669242201	0.020543614955811834
-0.09865820642453561	cosine	8.0	8.0	4.0	0.16412198797244368	0.22880703942157304
1.1952121034485392	cosine	8.0	4.0	8.0	0.6154574548966638	0.002672839047301189
0.388203157357381	cosine	8.0	4.0	8.0	0.32824397594488736	0.06869741815863946
0.5549630408093489	cosine	8.0	8.0	4.0	0.28721347895177646	0.09682322156234335
1.6987988738534419	cosine	8.0	4.0	8.0	0.2051524849655546	0.17658018306224965
-0.5135057334892923	cosine	8.0	4.0	8.0	0.5744269579035529	0.004664793300056646
-0.8488942763429314	cosine	8.0	4.0	8.0	0.08206099398622184	0.3551732881771512
-1.4593253175495056	cosine	8.0	8.0	4.0	0.04103049699311092	0.4263418441046652
0.7487744637538633	cosine	8.0	8.0	4.0	0.08206099398622184	0.3551732881771512
-0.2041302345296794	cosine	8.0	8.0	4.0	0.04103049699311092	0.4263418441046652
0.4864367418247221	cosine	8.0	4.0	8.0	0.04103049699311092	0.4263418441046652
-1.712746033760827	cosine	8.0	8.0	4.0	0.3692744729379983	0.04733536431232834
-0.1534651452762877	cosine	8.0	8.0	4.0	0.08206099398622184	0.3551732881771512
0.5983575538813077	cosine	8.0	4.0	8.0	0.3692744729379983	0.04733536431232834
1.0719614529982737	cosine	8.0	4.0	8.0	0.04103049699311092	0.4263418441046652
-0.32790658044278354	cosine	8.0	8.0	4.0	0.3692744729379983	0.04733536431232834
0.45089499939028976	cosine	8.0	8.0	4.0	0.49236596391733106	0.012928792206995967
-0.9800446521241726	cosine	8.0	8.0	4.0	0.24618298195866553	0.132602702653215
1.395524040610884	cosine	8.0	4.0	8.0	0.04103049699311092	0.4263418441046652
-2.223488895567715	cosine	8.0	4.0	8.0	0.16412198797244368	0.22880703942157304
0.6652847091630558	cosine	8.0	4.0	8.0	0.16412198797244368	0.22880703942157304
0.7143837236640995	cosine	8.0	4.0	8.0	0.4103049699311092	0.03165889692990671
0.49767022822397156	cosine	8.0	4.0	8.0	0.4103049699311092	0.03165889692990671
-0.3387044937584412	cosine	8.0	4.0	8.0	0.16412198797244368	0.22880703942157304
-0.9822442831530674	cosine	8.0	8.0	4.0	0.12309149097933277	0.2887343362768522
-0.7490349236554661	cosine	8.0	8.0	4.0	0.49236596391733106	0.012928792206995967
-0.29496345182771116	cosine	8.0	8.0	4.0	0.28721347895177646	0.09682322156234335
0.4842312891638374	cosine	8.0	4.0	8.0	0.2051524849655546	0.17658018306224965
-1.3542351666020462	cosine	8.0	4.0	8.0	0.12309149097933277	0.2887343362768522
0.60827290113663	cosine	8.0	8.0	4.0	0.2051524849655546	0.17658018306224965
-0.37035603428804476	cosine	8.0	8.0	4.0	0.12309149097933277	0.2887343362768522
1.4912571570693083	cosine	8.0	8.0	4.0	0.0	0.5
0.2261274651404328	cosine	8.0	8.0	4.0	0.32824397594488736	0.06869741815863946
-0.12662871878020118	cosine	8.0	4.0	8.0	0.2051524849655546	0.17658018306224965
-1.1096398806903152	cosine	8.0	4.0	8.0	0.04103049699311092	0.4263418441046652
-0.27703831724878697	cosine	8.0	4.0	8.0	0.04103049699311092	0.4263418441046652
-0.963234527710678	cosine	8.0	4.0	8.0	0.04103049699311092	0.4263418441046652
-0.017625836241212212	cosine	8.0	4.0	8.0	0.3692744729379983	0.04733536431232834
-0.39882801976933985	cosine	8.0	8.0	4.0	0.0	0.5
-1.1863974701529467	cosine	8.0	4.0	8.0	0.12309149097933277	0.2887343362768522
1.3201464331498318	cosine	8.0	8.0	4.0	0.0	0.5
0.167187676994084	cosine	8.0	8.0	4.0	0.0	0.5
-1.0283811980458255	cosine	8.0	8.0	4.0	0.4513354669242201	0.020543614955811834
0.4273235596390185	cosine	8.0	8.0	4.0	0.3692744729379983	0.04733536431232834
0.19945797607274715	cosine	8.0	4.0	8.0	0.24618298195866553	0.132602702653215
0.1986452222429254	cosine	8.0	4.0	8.0	0.2051524849655546	0.17658018306224965
0.6108707108084991	cosine	8.0	8.0	4.0	0.16412198797244368	0.22880703942157304
-0.38699185804468406	cosine	8.0	4.0	8.0	0.08206099398622184	0.3551732881771512
0.609431538739492	cosine	8.0	8.0	4.0	0.08206099398622184	0.3551732881771512
-1.8017956500012995	cosine	8.0	8.0	4.0	0.16412198797244368	0.22880703942157304
0.31343228227607034	cosine	8.0	4.0	8.0	0.32824397594488736	0.06869741815863946
0.5661762458569551	cosine	8.0	4.0	8.0	0.16412198797244368	0.22880703942157304
0.8458156044904017	cosine	8.0	8.0	4.0	0.28721347895177646	0.09682322156234335
0.3811900612053922	cosine	8.0	4.0	8.0	0.4103049699311092	0.03165889692990671
-1.5171555317864085	cosine	8.0	4.0	8.0	0.16412198797244368	0.22880703942157304
-1.6834267024489065	cosine	8.0	4.0	8.0	0.12309149097933277	0.2887343362768522
-0.5354227641123342	cosine	8.0	0.0	4.0	0.04103049699311092	0.4263418441046652
0.9915387110960934	cosine	8.0	4.0	8.0	0.28721347895177646	0.09682322156234335
0.08203407763405043	cosine	8.0	8.0	4.0	0.28721347895177646	0.09682322156234335
1.7822194328652272	cosine	8.0	4.0	8.0	0.4513354669242201	0.020543614955811834
-3.002310281218651	cosine	8.0	4.0	8.0	0.2051524849655546	0.17658018306224965
0.11078636412030396	cosine	8.0	4.0	8.0	0.04103049699311092	0.4263418441046652
1.4356122242867124	cosine	8.0	8.0	4.0	0.4103049699311092	0.03165889692990671
-0.8503960472396663	cosine	8.0	8.0	4.0	0.24618298195866553	0.132602702653215
-0.06226162806761107	cosine	8.0	4.0	8.0	0.4103049699311092	0.03165889692990671
-0.24194406822300474	cosine	8.0	8.0	4.0	0.08206099398622184	0.3551732881771512
0.7956349538523153	cosine	8.0	4.0	8.0	0.12309149097933277	0.2887343362768522
-0.14463066001300942	cosine	8.0	4.0	8.0	0.04103049699311092	0.4263418441046652
-1.052900692746367	cosine	8.0	4.0	8.0	0.04103049699311092	0.4263418441046652
0.306226752631691	cosine	8.0	0.0	4.0	0.04103049699311092	0.4263418441046652
-0.18360947576557213	cosine	8.0	8.0	4.0	0.04103049699311092	0.4263418441046652
-0.09682449351321333	cosine	8.0	8.0	4.0	0.0	0.5
0.8035990695081154	cosine	8.0	8.0	4.0	0.24618298195866553	0.132602702653215
0.6369807491413159	cosine	8.0	8.0	4.0	0.04103049699311092	0.4263418441046652
0.32890145915603436	cosine	8.0	8.0	4.0	0.4103049699311092	0.03165889692990671
-0.7966177226943905	cosine	8.0	8.0	4.0	0.2051524849655546	0.17658018306224965
0.5091274337077737	cosine	8.0	8.0	4.0	0.4513354669242201	0.020543614955811834
0.49544523255952483	cosine	8.0	4.0	8.0	0.12309149097933277	0.2887343362768522
0.5221545656188209	cosine	8.0	8.0	4.0	0.3692744729379983	0.04733536431232834
0.20205822596407297	cosine	8.0	4.0	8.0	0.24618298195866553	0.132602702653215
-0.5699273670796795	cosine	8.0	8.0	4.0	0.5744269579035529	0.004664793300056646
-0.8994622677805161	cosine	8.0	0.0	4.0	0.2051524849655546	0.17658018306224965
0.5249338453310516	cosine	8.0	8.0	4.0	0.08206099398622184	0.3551732881771512
-1.6483151150058857	cosine	8.0	8.0	4.0	0.32824397594488736	0.06869741815863946
-0.31759850362019665	cosine	8.0	8.0	4.0	0.4103049699311092	0.03165889692990671
0.5132726759620558	cosine	8.0	8.0	4.0	0.2051524849655546	0.17658018306224965
0.8976301787876918	cosine	8.0	8.0	4.0	0.16412198797244368	0.22880703942157304
1.2411694914622482	cosine	8.0	8.0	4.0	0.32824397594488736	0.06869741815863946
0.6012460097658961	cosine	8.0	4.0	8.0	0.12309149097933277	0.2887343362768522
0.0029958811245955628	cosine	8.0	4.0	8.0	0.04103049699311092	0.4263418441046652
0.8901707030381052	cosine	8.0	8.0	4.0	0.4103049699311092	0.03165889692990671
-0.6001843116382151	cosine	8.0	4.0	8.0	0.32824397594488736	0.06869741815863946
-1.230767163146578	cosine	8.0	4.0	8.0	0.16412198797244368	0.22880703942157304
0.8853979296809639	cosine	8.0	4.0	8.0	0.12309149097933277	0.2887343362768522
-0.7816747729055451	cosine	8.0	0.0	4.0	0.12309149097933277	0.2887343362768522
-1.5233285081004144	cosine	8.0	4.0	8.0	0.2051524849655546	0.17658018306224965
0.30409623606951275	cosine	8.0	4.0	8.0	0.04103049699311092	0.4263418441046652
-0.24566161865319455	cosine	8.0	4.0	8.0	0.24618298195866553	0.132602702653215
-0.809192889505529	cosine	8.0	4.0	8.0	0.533396460910442	0.007888379585036647
1.1045882405681637	cosine	8.0	4.0	8.0	0.16412198797244368	0.22880703942157304
-1.063642811699199	cosine	8.0	8.0	4.0	0.16412198797244368	0.22880703942157304
-0.8530563800632699	cosine	8.0	8.0	4.0	0.16412198797244368	0.22880703942157304
0.6835538317609606	cosine	8.0	8.0	4.0	0.0	0.5
-0.45170195428937526	cosine	8.0	8.0	4.0	0.04103049699311092	0.4263418441046652
0.06712117886022696	cosine	8.0	8.0	4.0	0.16412198797244368	0.22880703942157304
-0.8641063428972586	cosine	8.0	4.0	8.0	0.04103049699311092	0.4263418441046652
-1.3032606088610819	cosine	8.0	8.0	4.0	0.533396460910442	0.007888379585036647
-0.9532670736380272	cosine	8.0	8.0	4.0	0.04103049699311092	0.4263418441046652
-1.0793683134782925	cosine	8.0	4.0	8.0	0.08206099398622184	0.3551732881771512
1.347199723374175	cosine	8.0	4.0	8.0	0.08206099398622184	0.3551732881771512
-0.524111124780668	cosine	8.0	8.0	4.0	0.08206099398622184	0.3551732881771512
-0.409770724561125	cosine	8.0	4.0	8.0	0.533396460910442	0.007888379585036647
-1.3545776816812323	cosine	8.0	8.0	4.0	0.24618298195866553	0.132602702653215
0.5758908060758698	cosine	8.0	4.0	8.0	0.32824397594488736	0.06869741815863946
-0.8554964315622088	cosine	8.0	4.0	8.0	0.04103049699311092	0.4263418441046652
0.2194102526095535	cosine	8.0	8.0	4.0	0.2051524849655546	0.17658018306224965
0.8054793060549857	cosine	8.0	4.0	8.0	0.12309149097933277	0.2887343362768522
1.5362171552293369	cosine	8.0	8.0	4.0	0.0	0.5
0.6979410956865483	cosine	8.0	8.0	4.0	0.0	0.5
1.4812082673785991	cosine	8.0	4.0	8.0	0.5744269579035529	0.004664793300056646
-0.5353229231961059	cosine	8.0	8.0	4.0	0.2051524849655546	0.17658018306224965
0.4226904446182367	cosine	8.0	4.0	8.0	0.3692744729379983	0.04733536431232834
-0.275734478644285	cosine	8.0	4.0	8.0	0.04103049699311092	0.4263418441046652
-0.8186272984037914	cosine	8.0	8.0	4.0	0.08206099398622184	0.3551732881771512
-0.4215799767685337	cosine	8.0	4.0	8.0	0.16412198797244368	0.22880703942157304
-0.8144531676970816	cosine	8.0	4.0	8.0	0.08206099398622184	0.3551732881771512
-0.4356503054636151	cosine	8.0	4.0	8.0	0.08206099398622184	0.3551732881771512
-0.2684812731842726	cosine	8.0	4.0	8.0	0.04103049699311092	0.4263418441046652
-0.31665596083063546	cosine	8.0	4.0	8.0	0.08206099398622184	0.3551732881771512
1.8970932883131062	cosine	8.0	4.0	8.0	0.04103049699311092	0.4263418441046652
0.9497297181613097	cosine	8.0	8.0	4.0	0.0	0.5
-1.4612730351352392	cosine	8.0	8.0	4.0	0.0	0.5
0.05918843066425098	cosine	8.0	8.0	4.0	0.32824397594488736	0.06869741815863946
-1.003603873885711	cosine	8.0	8.0	4.0	0.16412198797244368	0.22880703942157304
0.90814768260474	cosine	8.0	4.0	8.0	0.5744269579035529	0.004664793300056646
-0.2586538565832584	cosine	8.0	4.0	8.0	0.6154574548966638	0.002672839047301189
-2.287494245858529	cosine	8.0	8.0	4.0	0.3692744729379983	0.04733536431232834
0.7428080087199671	cosine	8.0	4.0	8.0	0.49236596391733106	0.012928792206995967
-0.2243897359632296	cosine	8.0	8.0	4.0	0.6564879518897747	0.0014835533312052846
1.0782626242324425	cosine	8.0	8.0	4.0	0.4103049699311092	0.03165889692990671
0.3017485406107115	cosine	8.0	4.0	8.0	0.04103049699311092	0.4263418441046652
0.03664830743296397	cosine	8.0	8.0	4.0	0.6154574548966638	0.002672839047301189
0.032454051361671066	cosine	8.0	4.0	8.0	0.08206099398622184	0.3551732881771512
0.49591305721493484	cosine	8.0	4.0	8.0	0.28721347895177646	0.09682322156234335
-0.09700358614735125	cosine	8.0	8.0	4.0	0.04103049699311092	0.4263418441046652
0.11131721712256912	cosine	8.0	4.0	8.0	0.12309149097933277	0.2887343362768522
-0.6201586447269196	cosine	8.0	4.0	8.0	0.12309149097933277	0.2887343362768522
-0.2899443548857844	cosine	8.0	8.0	4.0	0.24618298195866553	0.132602702653215
1.4159263592451246	cosine	8.0	8.0	4.0	0.2051524849655546	0.17658018306224965
0.35384831600113914	cosine	8.0	4.0	8.0	0.08206099398622184	0.3551732881771512
0.8889716613562009	cosine	8.0	4.0	8.0	0.04103049699311092	0.4263418441046652
1.6451140406388909	cosine	8.0	4.0	8.0	0.32824397594488736	0.06869741815863946
0.170947552411237	cosine	8.0	8.0	4.0	0.16412198797244368	0.22880703942157304
-0.6165838780200263	cosine	8.0	8.0	4.0	0.04103049699311092	0.4263418441046652
0.7067078490215977	cosine	8.0	8.0	4.0	0.16412198797244368	0.22880703942157304
-0.738774030377667	cosine	8.0	8.0	4.0	0.24618298195866553	0.132602702653215
0.4384008227591971	cosine	8.0	4.0	8.0	0.2051524849655546	0.17658018306224965
-0.3410115023758831	cosine	8.0	4.0	8.0	0.12309149097933277	0.2887343362768522
2.044210186599416	cosine	8.0	8.0	4.0	0.3692744729379983	0.04733536431232834
0.9267849332646584	cosine	8.0	8.0	4.0	0.12309149097933277	0.2887343362768522
0.28286760342406586	cosine	8.0	4.0	8.0	0.16412198797244368	0.22880703942157304
1.7409997635228391	cosine	8.0	4.0	8.0	0.6564879518897747	0.0014835533312052846
1.278067414529866	cosine	8.0	4.0	8.0	0.08206099398622184	0.3551732881771512
1.3224705265702912	cosine	8.0	8.0	4.0	0.2051524849655546	0.17658018306224965
0.2052091226123053	cosine	8.0	8.0	4.0	0.12309149097933277	0.2887343362768522
-0.26455901987163466	cosine	8.0	4.0	8.0	0.6564879518897747	0.0014835533312052846
1.914925377583447	cosine	8.0	4.0	8.0	0.12309149097933277	0.2887343362768522
-0.301177421582916	cosine	8.0	4.0	8.0	0.2051524849655546	0.17658018306224965
-1.7688039620007077	cosine	8.0	8.0	4.0	0.32824397594488736	0.06869741815863946
-0.4686088752098133	cosine	8.0	8.0	4.0	0.24618298195866553	0.132602702653215
-0.45381815161384365	cosine	8.0	4.0	8.0	0.12309149097933277	0.2887343362768522
0.20631512836054894	cosine	8.0	4.0	8.0	0.08206099398622184	0.3551732881771512
0.8995995407437144	cosine	8.0	8.0	4.0	0.12309149097933277	0.2887343362768522
0.5994881029111542	cosine	8.0	8.0	4.0	0.16412198797244368	0.22880703942157304
-0.6830084895793562	cosine	8.0	8.0	4.0	0.08206099398622184	0.3551732881771512
0.41620994961849656	cosine	8.0	8.0	4.0	0.08206099398622184	0.3551732881771512
1.2053077897997089	cosine	8.0	4.0	8.0	0.12309149097933277	0.2887343362768522
0.7796951265881806	cosine	8.0	4.0	8.0	0.32824397594488736	0.06869741815863946
-1.2847639314655355	cosine	8.0	8.0	4.0	0.32824397594488736	0.06869741815863946
0.8540761652194908	cosine	8.0	8.0	4.0	0.4103049699311092	0.03165889692990671
0.13248340604180275	cosine	8.0	4.0	8.0	0.24618298195866553	0.132602702653215
0.01153074547654315	cosine	8.0	8.0	4.0	0.16412198797244368	0.22880703942157304
1.080791907255758	cosine	8.0	4.0	8.0	0.2051524849655546	0.17658018306224965
0.5281182235986923	cosine	8.0	8.0	4.0	0.28721347895177646	0.09682322156234335
0.0475839795863857	cosine	8.0	4.0	8.0	0.3692744729379983	0.04733536431232834
0.02292616131819709	cosine	8.0	4.0	8.0	0.2051524849655546	0.17658018306224965
-0.9764382946312514	cosine	8.0	8.0	4.0	0.3692744729379983	0.04733536431232834
-0.3552266992714638	cosine	8.0	4.0	8.0	0.4513354669242201	0.020543614955811834
0.5448909216799938	cosine	8.0	8.0	4.0	0.24618298195866553	0.132602702653215
-0.5430624035689857	cosine	8.0	8.0	4.0	0.08206099398622184	0.3551732881771512
0.5198565367106815	cosine	8.0	4.0	0.0	0.24618298195866553	0.132602702653215
-1.2679259229151154	cosine	8.0	4.0	8.0	0.24618298195866553	0.132602702653215
0.4002605699659881	cosine	8.0	8.0	4.0	0.24618298195866553	0.132602702653215
-0.27281524463692197	cosine	8.0	4.0	8.0	0.04103049699311092	0.4263418441046652
0.4884806663048786	cosine	8.0	8.0	4.0	0.28721347895177646	0.09682322156234335
0.38729284967899047	cosine	8.0	8.0	4.0	0.0	0.5
1.1906684792464572	cosine	8.0	8.0	4.0	0.0	0.5
0.6933180411320511	cosine	8.0	8.0	4.0	0.5744269579035529	0.004664793300056646
0.6539467456651771	cosine	8.0	8.0	4.0	0.0	0.5
-1.37100818762576	cosine	8.0	4.0	8.0	0.2051524849655546	0.17658018306224965
0.593137844507542	cosine	8.0	4.0	8.0	0.12309149097933277	0.2887343362768522
-0.5132933364015307	cosine	8.0	4.0	8.0	0.12309149097933277	0.2887343362768522
0.5238679936427881	cosine	8.0	4.0	8.0	0.28721347895177646	0.09682322156234335
-0.25893891889999415	cosine	8.0	8.0	4.0	0.0	0.5
0.2493816784778546	cosine	8.0	4.0	8.0	0.24618298195866553	0.132602702653215
0.1081416420512256	cosine	8.0	8.0	4.0	0.16412198797244368	0.22880703942157304
1.0638769227090763	cosine	8.0	4.0	8.0	0.3692744729379983	0.04733536431232834
1.2587649160254175	cosine	8.0	8.0	4.0	0.2051524849655546	0.17658018306224965
-1.770767657196002	cosine	8.0	8.0	4.0	0.0	0.5
0.22381112217857962	cosine	8.0	8.0	4.0	0.12309149097933277	0.2887343362768522
-0.35614593576934106	cosine	8.0	4.0	8.0	0.04103049699311092	0.4263418441046652
-0.015954076495873108	cosine	8.0	8.0	4.0	0.32824397594488736	0.06869741815863946
0.19762910659593483	cosine	8.0	8.0	4.0	0.04103049699311092	0.4263418441046652
0.7548571685242756	cosine	8.0	4.0	8.0	0.12309149097933277	0.2887343362768522
-1.19258769146288	cosine	8.0	4.0	8.0	0.16412198797244368	0.22880703942157304
0.23644805410317957	cosine	8.0	8.0	4.0	0.04103049699311092	0.4263418441046652
1.1243410658061173	cosine	8.0	4.0	8.0	0.12309149097933277	0.2887343362768522
0.8459075169202842	cosine	8.0	8.0	4.0	0.16412198797244368	0.22880703942157304
-0.28513757842911935	cosine	8.0	0.0	4.0	0.04103049699311092	0.4263418441046652
-0.6306376694935835	cosine	8.0	4.0	8.0	0.16412198797244368	0.22880703942157304
0.3404210769364351	cosine	8.0	8.0	4.0	0.04103049699311092	0.4263418441046652
-0.9951436331534207	cosine	8.0	8.0	4.0	0.3692744729379983	0.04733536431232834
1.7974185864803685	cosine	8.0	4.0	8.0	0.32824397594488736	0.06869741815863946
-1.72225383838383	cosine	8.0	4.0	8.0	0.4103049699311092	0.03165889692990671
-2.1970260440905514	cosine	8.0	8.0	4.0	0.16412198797244368	0.22880703942157304
-0.5178165625733906	cosine	8.0	8.0	4.0	0.4103049699311092	0.03165889692990671
0.5374668402143022	cosine	8.0	4.0	8.0	0.04103049699311092	0.4263418441046652
-0.7591801631984731	cosine	8.0	4.0	8.0	0.12309149097933277	0.2887343362768522
-0.6333404678800342	cosine	8.0	4.0	8.0	0.12309149097933277	0.2887343362768522
-1.0154616770899874	cosine	8.0	0.0	4.0	0.0	0.5
0.18293653760362383	cosine	8.0	8.0	4.0	0.12309149097933277	0.2887343362768522
1.2516633424633428	cosine	8.0	4.0	8.0	0.3692744729379983	0.04733536431232834
1.5323914007260444	cosine	8.0	8.0	4.0	0.2051524849655546	0.17658018306224965
-0.31907350379344096	cosine	8.0	4.0	8.0	0.28721347895177646	0.09682322156234335
0.1843168775552231	cosine	8.0	8.0	4.0	0.12309149097933277	0.2887343362768522
-1.3538493143850818	cosine	8.0	8.0	4.0	0.12309149097933277	0.2887343362768522
-0.3310320994837935	cosine	8.0	4.0	0.0	0.08206099398622184	0.3551732881771512
-1.1272756635441326	cosine	8.0	4.0	8.0	0.24618298195866553	0.132602702653215
-0.6306803234614852	cosine	8.0	8.0	4.0	0.24618298195866553	0.132602702653215
-0.37030774995922644	cosine	8.0	4.0	8.0	0.08206099398622184	0.3551732881771512
-1.333846422655227	cosine	8.0	4.0	8.0	0.4103049699311092	0.03165889692990671
0.3245469231345749	cosine	8.0	4.0	8.0	0.32824397594488736	0.06869741815863946
-0.9834644459283226	cosine	8.0	8.0	4.0	0.04103049699311092	0.4263418441046652
-0.7636520043766034	cosine	8.0	8.0	4.0	0.533396460910442	0.007888379585036647
0.8771589952484715	cosine	8.0	8.0	4.0	0.08206099398622184	0.3551732881771512
-0.1638657548607404	cosine	8.0	8.0	4.0	0.12309149097933277	0.2887343362768522
0.4638167770046551	cosine	8.0	4.0	8.0	0.12309149097933277	0.2887343362768522
0.7320568228852723	cosine	8.0	8.0	4.0	0.28721347895177646	0.09682322156234335
0.5426479203670094	cosine	8.0	8.0	4.0	0.04103049699311092	0.4263418441046652
0.8756549058230204	cosine	8.0	4.0	8.0	0.32824397594488736	0.06869741815863946
0.7451497954775441	cosine	8.0	8.0	4.0	0.16412198797244368	0.22880703942157304
0.8227468353905111	cosine	8.0	8.0	4.0	0.12309149097933277	0.2887343362768522
1.4299966887892623	cosine	8.0	4.0	8.0	0.12309149097933277	0.2887343362768522
0.15256251417415523	cosine	8.0	4.0	8.0	0.04103049699311092	0.4263418441046652
-1.9253228355765255	cosine	8.0	4.0	8.0	0.24618298195866553	0.132602702653215
-0.15325538615183784	cosine	8.0	8.0	4.0	0.16412198797244368	0.22880703942157304
0.1501453980049601	cosine	8.0	8.0	4.0	0.32824397594488736	0.06869741815863946
-0.7434749082649933	cosine	8.0	8.0	4.0	0.12309149097933277	0.2887343362768522
0.4290174889156555	cosine	8.0	8.0	4.0	0.0	0.5
0.28164520926521136	cosine	8.0	0.0	4.0	0.16412198797244368	0.22880703942157304
0.7257852368298761	cosine	8.0	4.0	8.0	0.08206099398622184	0.3551732881771512
-2.389910637502196	cosine	8.0	8.0	4.0	0.2051524849655546	0.17658018306224965
0.35526529577038846	cosine	8.0	4.0	8.0	0.12309149097933277	0.2887343362768522
-1.1790749530339422	cosine	8.0	4.0	8.0	0.04103049699311092	0.4263418441046652
2.3668560999507258	cosine	8.0	8.0	4.0	0.6154574548966638	0.002672839047301189
-1.6522061603650653	cosine	8.0	4.0	8.0	0.04103049699311092	0.4263418441046652
0.3234885806978894	cosine	8.0	4.0	8.0	0.12309149097933277	0.2887343362768522
-0.27858126872445815	cosine	8.0	4.0	8.0	0.12309149097933277	0.2887343362768522
1.3566969913728573	cosine	8.0	0.0	4.0	0.08206099398622184	0.3551732881771512
-2.3135271842144727	cosine	8.0	4.0	8.0	0.08206099398622184	0.3551732881771512
-0.17457477819903766	cosine	8.0	8.0	4.0	0.32824397594488736	0.06869741815863946
-0.3839347635767082	cosine	8.0	8.0	4.0	0.16412198797244368	0.22880703942157304
-0.795027578941029	cosine	8.0	4.0	8.0	0.16412198797244368	0.22880703942157304
0.43671793589923763	cosine	8.0	4.0	8.0	0.12309149097933277	0.2887343362768522
2.026290996411336	cosine	8.0	4.0	8.0	0.6975184488828856	0.0007974970381741815
-0.30932194703103183	cosine	8.0	4.0	8.0	0.4103049699311092	0.03165889692990671
-1.8483893804922675	cosine	8.0	4.0	8.0	0.08206099398622184	0.3551732881771512
-0.21815410760063436	cosine	8.0	8.0	4.0	0.12309149097933277	0.2887343362768522
-0.8807373196881395	cosine	8.0	4.0	8.0	0.04103049699311092	0.4263418441046652
-0.02319843698606469	cosine	8.0	8.0	4.0	0.32824397594488736	0.06869741815863946
-1.0561012957242277	cosine	8.0	8.0	4.0	0.08206099398622184	0.3551732881771512
-0.06843742225291234	cosine	8.0	4.0	8.0	0.12309149097933277	0.2887343362768522
0.27112864121189484	cosine	8.0	4.0	8.0	0.08206099398622184	0.3551732881771512
-0.2759334705665279	cosine	8.0	8.0	4.0	0.0	0.5
-0.5040253276515504	cosine	8.0	0.0	4.0	0.32824397594488736	0.06869741815863946
-0.4539303663368488	cosine	8.0	8.0	4.0	0.16412198797244368	0.22880703942157304
-0.3703251925467576	cosine	8.0	4.0	8.0	0.04103049699311092	0.4263418441046652
1.0601794929160724	cosine	8.0	8.0	4.0	0.08206099398622184	0.3551732881771512
2.757597107812439	cosine	8.0	4.0	8.0	0.16412198797244368	0.22880703942157304
0.8570377753883098	cosine	8.0	8.0	4.0	0.12309149097933277	0.2887343362768522
-0.7734173232260554	cosine	8.0	8.0	4.0	0.08206099398622184	0.3551732881771512
-0.2765885108540912	cosine	8.0	8.0	4.0	0.0	0.5
-0.12875310087869205	cosine	8.0	8.0	4.0	0.2051524849655546	0.17658018306224965
-0.7279039183791677	cosine	8.0	4.0	8.0	0.32824397594488736	0.06869741815863946
-0.24478016242281408	cosine	8.0	8.0	4.0	0.16412198797244368	0.22880703942157304
0.41075675812519385	cosine	8.0	4.0	8.0	0.3692744729379983	0.04733536431232834
0.23825986524188394	cosine	8.0	8.0	4.0	0.08206099398622184	0.3551732881771512
-0.4849310389780604	cosine	8.0	8.0	4.0	0.32824397594488736	0.06869741815863946
0.39611611796892	cosine	8.0	8.0	4.0	0.28721347895177646	0.09682322156234335
-1.507001557280743	cosine	8.0	8.0	4.0	0.28721347895177646	0.09682322156234335
0.2146576248708872	cosine	8.0	8.0	4.0	0.0	0.5
-0.7408723748251872	cosine	8.0	8.0	4.0	0.28721347895177646	0.09682322156234335
0.8791533053201153	cosine	8.0	4.0	8.0	0.16412198797244368	0.22880703942157304
0.08677432822051327	cosine	8.0	8.0	4.0	0.16412198797244368	0.22880703942157304
1.0057495079865206	cosine	8.0	8.0	4.0	0.16412198797244368	0.22880703942157304
1.109206081741137	cosine	8.0	8.0	4.0	0.24618298195866553	0.132602702653215
-0.04785480604551892	cosine	8.0	8.0	4.0	0.0	0.5
-0.15897509168862944	cosine	8.0	4.0	8.0	0.49236596391733106	0.012928792206995967
-2.483634629565606	cosine	8.0	8.0	4.0	0.24618298195866553	0.132602702653215
1.1890561938722877	cosine	8.0	8.0	4.0	0.16412198797244368	0.22880703942157304
-0.7608151040488134	cosine	8.0	4.0	8.0	0.08206099398622184	0.3551732881771512
-1.0243915050300827	cosine	8.0	4.0	8.0	0.08206099398622184	0.3551732881771512
-1.644484267215244	cosine	8.0	4.0	8.0	0.4103049699311092	0.03165889692990671
-0.47041246200629694	cosine	8.0	4.0	8.0	0.4513354669242201	0.020543614955811834
-2.0130223556052083	cosine	8.0	8.0	4.0	0.04103049699311092	0.4263418441046652
-1.9696859790045504	cosine	8.0	8.0	4.0	0.12309149097933277	0.2887343362768522
-1.437752461486878	cosine	8.0	8.0	4.0	0.5744269579035529	0.004664793300056646
1.1908141895561972	cosine	8.0	8.0	4.0	0.4103049699311092	0.03165889692990671
0.3077210166134562	cosine	8.0	8.0	4.0	0.08206099398622184	0.3551732881771512
-0.015688157099416178	cosine	8.0	4.0	8.0	0.12309149097933277	0.2887343362768522
0.5375318301582462	cosine	8.0	8.0	4.0	0.04103049699311092	0.4263418441046652
0.11194667738334994	cosine	8.0	8.0	4.0	0.24618298195866553	0.132602702653215
1.4008748296455524	cosine	8.0	8.0	4.0	0.12309149097933277	0.2887343362768522
0.034604056583299535	cosine	8.0	4.0	8.0	0.16412198797244368	0.22880703942157304
-0.12181409030322762	cosine	8.0	4.0	8.0	0.28721347895177646	0.09682322156234335
2.479586995807259	cosine	8.0	8.0	4.0	0.24618298195866553	0.132602702653215
1.4454221019615268	cosine	8.0	8.0	4.0	0.16412198797244368	0.22880703942157304
1.1452661191007796	cosine	8.0	8.0	4.0	0.4103049699311092	0.03165889692990671
0.6031080027153221	cosine	8.0	8.0	4.0	0.0	0.5
0.6386041403730957	cosine	8.0	4.0	8.0	0.3692744729379983	0.04733536431232834
-0.6465548875514193	cosine	8.0	8.0	4.0	0.0	0.5
0.7635296112458981	cosine	8.0	8.0	4.0	0.533396460910442	0.007888379585036647
-1.2833693921385836	cosine	8.0	4.0	8.0	0.2051524849655546	0.17658018306224965
0.25246349468821205	cosine	8.0	8.0	4.0	0.28721347895177646	0.09682322156234335
0.8234442148284736	cosine	8.0	4.0	8.0	0.2051524849655546	0.17658018306224965
0.13272440553559411	cosine	8.0	8.0	4.0	0.0	0.5
0.20123070094285947	cosine	8.0	4.0	8.0	0.2051524849655546	0.17658018306224965
1.136501671183119	cosine	8.0	8.0	4.0	0.08206099398622184	0.3551732881771512
0.5037849124884103	cosine	8.0	4.0	8.0	0.28721347895177646	0.09682322156234335
-0.10814163493709111	cosine	8.0	4.0	8.0	0.08206099398622184	0.3551732881771512
0.6910735292548807	cosine	8.0	8.0	4.0	0.4103049699311092	0.03165889692990671
-1.6474388230864059	cosine	8.0	8.0	4.0	0.12309149097933277	0.2887343362768522
-0.3083701325200884	cosine	8.0	8.0	4.0	0.24618298195866553	0.132602702653215
0.1982769026649053	cosine	8.0	8.0	4.0	0.04103049699311092	0.4263418441046652
-1.5045995587345113	cosine	8.0	8.0	4.0	0.32824397594488736	0.06869741815863946
-0.04655405724382633	cosine	8.0	8.0	4.0	0.32824397594488736	0.06869741815863946
0.6128524148700716	cosine	8.0	4.0	8.0	0.16412198797244368	0.22880703942157304
-0.4642644722095409	cosine	8.0	8.0	4.0	0.2051524849655546	0.17658018306224965
-0.4885907934022826	cosine	8.0	8.0	4.0	0.3692744729379983	0.04733536431232834
0.8315982101100184	cosine	8.0	8.0	4.0	0.0	0.5
-0.5265040510420351	cosine	8.0	8.0	4.0	0.0	0.5
-0.5435418670895791	cosine	8.0	4.0	8.0	0.16412198797244368	0.22880703942157304
-0.4095594476033149	cosine	8.0	8.0	4.0	0.24618298195866553	0.132602702653215
1.199433053541939	cosine	8.0	8.0	4.0	0.16412198797244368	0.22880703942157304
-0.503994466006223	cosine	8.0	8.0	4.0	0.28721347895177646	0.09682322156234335
-1.590511124391582	cosine	8.0	8.0	4.0	0.16412198797244368	0.22880703942157304
0.9688635026615711	cosine	8.0	8.0	4.0	0.0	0.5
1.3254815233636312	cosine	8.0	8.0	4.0	0.08206099398622184	0.3551732881771512
0.4352535224906914	cosine	8.0	4.0	8.0	0.4513354669242201	0.020543614955811834
1.7838524053971163	cosine	8.0	4.0	8.0	0.08206099398622184	0.3551732881771512
-0.2032695134572145	cosine	8.0	8.0	4.0	0.12309149097933277	0.2887343362768522
-0.2270450389702006	cosine	8.0	8.0	4.0	0.0	0.5
-0.9286871099944212	cosine	8.0	8.0	4.0	0.24618298195866553	0.132602702653215
-0.22594431202887508	cosine	8.0	8.0	4.0	0.28721347895177646	0.09682322156234335
0.031719263635425494	cosine	8.0	8.0	4.0	0.24618298195866553	0.132602702653215
-1.0539446427539112	cosine	8.0	4.0	8.0	0.12309149097933277	0.2887343362768522
2.5843023961461418	cosine	8.0	8.0	4.0	0.24618298195866553	0.132602702653215
