ID	Waveform	Period	Phase	Nadir	Tau	P
-0.714081315843928	cosine	24.0	16.0	12.0	0.730987985088288	0.0004693265510989954
-0.7186077178180712	cosine	24.0	20.0	0.0	0.2501221597922891	0.12881724171626302
1.1615202180419448	cosine	24.0	0.0	20.0	0.40644850966246976	0.03292085287309089
0.47105247467485933	cosine	24.0	8.0	12.0	0.7722522721128164	0.00023698638032029084
-1.3543492817335006	cosine	24.0	4.0	0.0	0.36248576037948527	0.05044712112711767
-0.7009391057428072	cosine	24.0	12.0	8.0	0.5831292666974328	0.004156084107205838
1.1449983050822394	cosine	24.0	16.0	12.0	0.38138503569823723	0.042167604419924586
-0.01279587421828793	cosine	24.0	4.0	8.0	0.3940062612820492	0.037277784955182205
0.7074219615102764	cosine	24.0	16.0	20.0	0.31782086308186436	0.07516173316558697
0.6074393730059923	cosine	24.0	12.0	16.0	0.38138503569823723	0.042167604419924586
0.15664594755333372	cosine	24.0	8.0	4.0	0.2364037567692295	0.1423291682149232
0.7556827558064122	cosine	24.0	16.0	20.0	0.41316712200642364	0.03074837886955296
0.41217286994038477	cosine	24.0	20.0	12.0	0.07754035086653928	0.3628199843123999
-0.4495933860497384	cosine	24.0	12.0	8.0	0.4570472630871771	0.01929656018546278
1.3128772494327237	cosine	24.0	16.0	20.0	0.6038596398555423	0.0031385812005819934
0.3641298432854933	cosine	24.0	16.0	20.0	0.2542566904654915	0.12492539106643724
-0.2640112325813273	cosine	24.0	0.0	20.0	0.28138742976632525	0.10142035953841916
1.3184057700016738	cosine	24.0	12.0	8.0	0.42552676218461316	0.027061931661110435
1.1399745648547905	cosine	24.0	4.0	8.0	0.5831292666974328	0.004156084107205838
0.31286211736871133	cosine	24.0	4.0	0.0	0.17336275496410164	0.21634316011970334
0.011833386667283369	cosine	24.0	0.0	4.0	0.488567763989741	0.013512582066973257
0.8487279458791406	cosine	24.0	12.0	8.0	0.33096525947692135	0.06708239491800405
-0.5698601255095522	cosine	24.0	0.0	4.0	0.520088264892305	0.009291071757416634
0.5997862957070993	cosine	24.0	16.0	12.0	0.508513380930983	0.01068384436354423
-0.5824214447118019	cosine	24.0	20.0	0.0	0.21885688981825296	0.16096491949833142
0.4488337065897129	cosine	24.0	4.0	8.0	0.2048832558666656	0.1768962477431396
-1.0952404233286417	cosine	24.0	0.0	20.0	0.31265269974036136	0.07853426938217861
-1.6554852523556076	cosine	24.0	0.0	20.0	0.34391796971439753	0.05979464037584733
-0.26493351838012086	cosine	24.0	8.0	0.0	0.5002443195845782	0.011787064559833655
-0.709078802662887	cosine	24.0	16.0	4.0	0.35668561398608073	0.053232974601062806
-0.970401301023311	cosine	24.0	12.0	16.0	0.5720775535473558	0.004811332704071246
1.8639523956009694	cosine	24.0	16.0	20.0	0.31782086308186436	0.07516173316558697
-0.48544018130300515	cosine	24.0	12.0	8.0	0.488567763989741	0.013512582066973257
1.2792648582589445	cosine	24.0	8.0	12.0	0.36248576037948527	0.05044712112711767
-1.0125528977512686	cosine	24.0	8.0	16.0	0.20160491225300214	0.18077354211323055
0.09740434946018786	cosine	24.0	16.0	4.0	0.48075017537254355	0.014786104244078217
-0.6853992249147566	cosine	24.0	0.0	20.0	0.43771377963650593	0.02379564823412834
-0.4933553777085098	cosine	24.0	4.0	0.0	0.2994447585743574	0.08767317792776053
-0.2240155262349214	cosine	24.0	16.0	12.0	0.2542566904654915	0.12492539106643724
-0.10417423259222935	cosine	24.0	20.0	16.0	0.2860387767736779	0.0977376033412587
0.026684926515611784	cosine	24.0	4.0	8.0	0.36248576037948527	0.05044712112711767
-1.0436776050363084	cosine	24.0	16.0	8.0	0.38770175433269644	0.03965908586713749
0.2762990827653249	cosine	24.0	4.0	12.0	0.40644850966246976	0.03292085287309089
-0.3133102272682758	cosine	24.0	4.0	0.0	0.2994447585743574	0.08767317792776053
0.432513783107658	cosine	24.0	8.0	4.0	0.2994447585743574	0.08767317792776053
-0.04284826047614499	cosine	24.0	8.0	20.0	0.49236596391733134	0.012928792206995913
0.1568566433604766	cosine	24.0	12.0	8.0	0.488567763989741	0.013512582066973257
-0.2777848817548516	cosine	24.0	12.0	8.0	0.14184225406153772	0.26045348007935765
0.02800278931584938	cosine	24.0	0.0	4.0	0.520088264892305	0.009291071757416634
-0.5722000790158652	cosine	24.0	0.0	4.0	0.14184225406153772	0.26045348007935765
0.2461048417691003	cosine	24.0	4.0	8.0	0.5516087657948688	0.006271913590386279
-1.5819321152393393	cosine	24.0	4.0	0.0	0.33096525947692135	0.06708239491800405
-0.7755667206577773	cosine	24.0	12.0	8.0	0.07880125225640984	0.3606815004067642
1.209654444933787	cosine	24.0	4.0	8.0	0.488567763989741	0.013512582066973257
0.6896735250453784	cosine	24.0	4.0	8.0	0.36248576037948527	0.05044712112711767
0.7123445065012151	cosine	24.0	8.0	0.0	0.40644850966246976	0.03292085287309089
-0.46433525223765487	cosine	24.0	12.0	0.0	0.5117663157191593	0.010275152505006458
-1.5095164192321282	cosine	24.0	8.0	0.0	0.34391796971439753	0.05979464037584733
-0.24656757284511507	cosine	24.0	0.0	4.0	0.36248576037948527	0.05044712112711767
1.8922633405694873	cosine	24.0	4.0	0.0	0.33096525947692135	0.06708239491800405
-1.4023584253699652	cosine	24.0	4.0	16.0	0.48075017537254355	0.014786104244078217
0.6359060999634547	cosine	24.0	8.0	20.0	0.43082021842766494	0.02559992123005601
-0.3343283103827886	cosine	24.0	4.0	8.0	0.3940062612820492	0.037277784955182205
0.7762929277182429	cosine	24.0	12.0	0.0	0.5737985964123907	0.004703590814103545
-0.8848219622170487	cosine	24.0	16.0	20.0	0.31782086308186436	0.07516173316558697
0.8168100716579573	cosine	24.0	12.0	8.0	0.5516087657948688	0.006271913590386279
0.29553782444856014	cosine	24.0	16.0	12.0	0.5720775535473558	0.004811332704071246
1.5507565078402663	cosine	24.0	4.0	8.0	0.33096525947692135	0.06708239491800405
0.277579666458028	cosine	24.0	8.0	12.0	0.36248576037948527	0.05044712112711767
-1.9669464015571252	cosine	24.0	8.0	12.0	0.488567763989741	0.013512582066973257
-1.2318882643869522	cosine	24.0	16.0	12.0	0.4767312946227965	0.015480063791539503
0.8485610654015365	cosine	24.0	20.0	12.0	0.44973403502592785	0.02090527421057417
-0.6762148703056361	cosine	24.0	12.0	8.0	0.2994447585743574	0.08767317792776053
-1.0668085591167609	cosine	24.0	8.0	12.0	0.14184225406153772	0.26045348007935765
1.3985678852750594	cosine	24.0	20.0	16.0	0.508513380930983	0.01068384436354423
-0.4134709269585599	cosine	24.0	12.0	8.0	0.3940062612820492	0.037277784955182205
0.23412806183220922	cosine	24.0	4.0	8.0	0.36248576037948527	0.05044712112711767
-1.3240026688383708	cosine	24.0	8.0	4.0	0.5516087657948688	0.006271913590386279
0.46583033758429504	cosine	24.0	0.0	8.0	0.40644850966246976	0.03292085287309089
-0.31081071404901556	cosine	24.0	12.0	8.0	0.26792425767179345	0.11264743725548343
-1.582702133092	cosine	24.0	8.0	12.0	0.42552676218461316	0.027061931661110435
-0.8026489138259517	cosine	24.0	16.0	12.0	0.2542566904654915	0.12492539106643724
0.6758044901172349	cosine	24.0	20.0	16.0	0.2542566904654915	0.12492539106643724
-0.4048226411732332	cosine	24.0	20.0	12.0	0.48075017537254355	0.014786104244078217
-0.09598325978929881	cosine	24.0	12.0	0.0	0.5117663157191593	0.010275152505006458
-1.428534887390366	cosine	24.0	12.0	16.0	0.4767312946227965	0.015480063791539503
0.7740024758896392	cosine	24.0	12.0	8.0	0.2994447585743574	0.08767317792776053
-1.4637916099519406	cosine	24.0	8.0	0.0	0.5315095895586144	0.008075181454718987
-0.07291543366643974	cosine	24.0	8.0	12.0	0.33096525947692135	0.06708239491800405
-0.6402247041669283	cosine	24.0	8.0	12.0	0.33096525947692135	0.06708239491800405
-1.3019165381867728	cosine	24.0	8.0	16.0	0.29465333329284926	0.09117756893125428
-0.10213087089493225	cosine	24.0	20.0	4.0	0.6253053994807227	0.0023274023270582257
-1.2281583347615699	cosine	24.0	4.0	12.0	0.43771377963650593	0.02379564823412834
0.5275708248208434	cosine	24.0	4.0	12.0	0.43771377963650593	0.02379564823412834
1.6148908961283623	cosine	24.0	8.0	20.0	0.43082021842766494	0.02559992123005601
-1.3358512996443863	cosine	24.0	20.0	16.0	0.2542566904654915	0.12492539106643724
1.2705211949272586	cosine	24.0	20.0	16.0	0.508513380930983	0.01068384436354423
0.4147751608409899	cosine	24.0	16.0	20.0	0.41316712200642364	0.03074837886955296
-0.45434439857364756	cosine	24.0	8.0	4.0	0.26792425767179345	0.11264743725548343
0.5247654229928161	cosine	24.0	8.0	12.0	0.11032175315897377	0.30878653769005726
-1.4030356245954787	cosine	24.0	4.0	16.0	0.44973403502592785	0.02090527421057417
0.20403043601228096	cosine	24.0	12.0	8.0	0.2364037567692295	0.1423291682149232
0.7685024027036399	cosine	24.0	12.0	8.0	0.2994447585743574	0.08767317792776053
0.9908440680626124	cosine	24.0	12.0	16.0	0.41316712200642364	0.03074837886955296
-0.3808217626459258	cosine	24.0	8.0	12.0	0.4570472630871771	0.01929656018546278
0.18058949917369907	cosine	24.0	4.0	16.0	0.5117663157191593	0.010275152505006458
-0.8932441252064441	cosine	24.0	16.0	4.0	0.35668561398608073	0.053232974601062806
-0.7392814460270185	cosine	24.0	12.0	16.0	0.38138503569823723	0.042167604419924586
-0.4516578378409147	cosine	24.0	16.0	8.0	0.41871789467931214	0.02904431653896035
-1.4568620960739125	cosine	24.0	16.0	20.0	0.4767312946227965	0.015480063791539503
2.2047773823783987	cosine	24.0	4.0	8.0	0.33096525947692135	0.06708239491800405
-0.47594561139299124	cosine	24.0	12.0	8.0	0.2364037567692295	0.1423291682149232
-0.27907353284892555	cosine	24.0	12.0	8.0	0.3940062612820492	0.037277784955182205
-1.9113724274034998	cosine	24.0	12.0	8.0	0.26792425767179345	0.11264743725548343
1.4453206408193504	cosine	24.0	0.0	4.0	0.4570472630871771	0.01929656018546278
-0.5255297223104639	cosine	24.0	8.0	12.0	0.5516087657948688	0.006271913590386279
1.739811319683853	cosine	24.0	8.0	4.0	0.17336275496410164	0.21634316011970334
2.1214421529801357	cosine	24.0	0.0	4.0	0.2364037567692295	0.1423291682149232
-0.10872966675649412	cosine	24.0	4.0	0.0	0.33096525947692135	0.06708239491800405
0.7544126636619312	cosine	24.0	8.0	4.0	0.488567763989741	0.013512582066973257
0.14228516961119633	cosine	24.0	20.0	0.0	0.43771377963650593	0.02379564823412834
-0.9268202677036788	cosine	24.0	20.0	12.0	0.44973403502592785	0.02090527421057417
0.4610358802829373	cosine	24.0	0.0	20.0	0.43771377963650593	0.02379564823412834
-1.4126865906383301	cosine	24.0	20.0	16.0	0.2860387767736779	0.0977376033412587
0.4712297418580954	cosine	24.0	20.0	0.0	0.6878359394287951	0.0009259810947007011
-1.4143497315829066	cosine	24.0	4.0	12.0	0.5315095895586144	0.008075181454718987
0.009981345007660606	cosine	24.0	20.0	0.0	0.5002443195845782	0.011787064559833655
0.5669035786128555	cosine	24.0	16.0	20.0	0.2542566904654915	0.12492539106643724
0.8211485121107699	cosine	24.0	20.0	16.0	0.2542566904654915	0.12492539106643724
0.3990094933740695	cosine	24.0	0.0	20.0	0.34391796971439753	0.05979464037584733
-1.1747634555240591	cosine	24.0	8.0	20.0	0.3692744729379985	0.04733536431232824
-0.4673403286458161	cosine	24.0	0.0	4.0	0.6146497675999968	0.002703128848699784
0.05705323079826289	cosine	24.0	20.0	4.0	0.34391796971439753	0.05979464037584733
0.24731418209972744	cosine	24.0	4.0	8.0	0.3940062612820492	0.037277784955182205
-1.1138723310816212	cosine	24.0	8.0	12.0	0.4570472630871771	0.01929656018546278
0.7472527148035506	cosine	24.0	12.0	4.0	0.43771377963650593	0.02379564823412834
0.3722920598053802	cosine	24.0	16.0	20.0	0.38138503569823723	0.042167604419924586
-1.1996425250791332	cosine	24.0	20.0	0.0	0.46897904961054204	0.016897895516253123
1.1721629213660472	cosine	24.0	8.0	4.0	0.36248576037948527	0.05044712112711767
-0.613700450633691	cosine	24.0	20.0	16.0	0.6992058987801015	0.0007768612113157386
-0.7546363097141279	cosine	24.0	0.0	16.0	0.5627748595326505	0.005432675743650132
2.1393992449577803	cosine	24.0	12.0	20.0	0.41871789467931214	0.02904431653896035
-0.14045382439298607	cosine	24.0	4.0	20.0	0.5002443195845782	0.011787064559833655
-0.4989932515846995	cosine	24.0	12.0	16.0	0.2860387767736779	0.0977376033412587
0.4819057130647995	cosine	24.0	8.0	0.0	0.31265269974036136	0.07853426938217861
0.5997749276291835	cosine	24.0	12.0	16.0	0.508513380930983	0.01068384436354423
-0.725163184124699	cosine	24.0	4.0	8.0	0.42552676218461316	0.027061931661110435
-1.4295965790298164	cosine	24.0	12.0	16.0	0.38138503569823723	0.042167604419924586
-0.3706966390141911	cosine	24.0	12.0	20.0	0.325669473639465	0.07025277592236653
0.09839832067080036	cosine	24.0	20.0	4.0	0.5315095895586144	0.008075181454718987
0.4108000837593398	cosine	24.0	20.0	16.0	0.41316712200642364	0.03074837886955296
-1.1460307766843059	cosine	24.0	20.0	16.0	0.2860387767736779	0.0977376033412587
-0.1681616364673726	cosine	24.0	4.0	8.0	0.2364037567692295	0.1423291682149232
0.22255554181182777	cosine	24.0	8.0	4.0	0.6776907694051246	0.001080787662488592
-0.1508831444230774	cosine	24.0	20.0	16.0	0.15891043154093218	0.2360104104586807
0.36903187155005546	cosine	24.0	8.0	20.0	0.3692744729379985	0.04733536431232824
-0.9924966902117103	cosine	24.0	0.0	8.0	0.37518323968843365	0.044753897420978433
1.267027478359483	cosine	24.0	0.0	12.0	0.48075017537254355	0.014786104244078217
-0.22295564532443668	cosine	24.0	4.0	8.0	0.26792425767179345	0.11264743725548343
2.299175719712225	cosine	24.0	0.0	20.0	0.34391796971439753	0.05979464037584733
0.15565339973984624	cosine	24.0	4.0	8.0	0.33096525947692135	0.06708239491800405
-0.7211431655362047	cosine	24.0	16.0	8.0	0.5117663157191593	0.010275152505006458
-1.2094992814755205	cosine	24.0	16.0	0.0	0.15632634987018068	0.23962792898088553
0.44620389978697766	cosine	24.0	12.0	4.0	0.12506107989614454	0.2856969100727392
-0.2276544522517158	cosine	24.0	8.0	0.0	0.31265269974036136	0.07853426938217861
-0.5454420347798317	cosine	24.0	16.0	12.0	0.19069251784911861	0.19405940885016393
-0.01814015233227	cosine	24.0	20.0	16.0	0.31782086308186436	0.07516173316558697
-2.350047663291283	cosine	24.0	12.0	0.0	0.26363719294623356	0.11640217218244758
-1.0527768481070454	cosine	24.0	20.0	0.0	0.28138742976632525	0.10142035953841916
-0.9652458618063632	cosine	24.0	20.0	16.0	0.31782086308186436	0.07516173316558697
0.8522307655350582	cosine	24.0	12.0	16.0	0.2860387767736779	0.0977376033412587
0.5840094514227514	cosine	24.0	12.0	16.0	0.15891043154093218	0.2360104104586807
-0.8976313281960483	cosine	24.0	16.0	20.0	0.38138503569823723	0.042167604419924586
-0.46351938764824435	cosine	24.0	20.0	4.0	0.43771377963650593	0.02379564823412834
0.14198965863340413	cosine	24.0	0.0	20.0	0.5315095895586144	0.008075181454718987
-0.14353779149897028	cosine	24.0	8.0	0.0	0.5940401295066866	0.0035886947605967253
-0.17120325970978567	cosine	24.0	12.0	8.0	0.36248576037948527	0.05044712112711767
-0.6813815670922441	cosine	24.0	20.0	0.0	0.34391796971439753	0.05979464037584733
1.3121417438857823	cosine	24.0	4.0	0.0	0.2994447585743574	0.08767317792776053
0.643979810668082	cosine	24.0	20.0	8.0	0.584684582151831	0.004070583044510975
-1.3243317077374697	cosine	24.0	16.0	12.0	0.7627700713964745	0.00027808399220007475
0.9958702626565307	cosine	24.0	8.0	20.0	0.3692744729379985	0.04733536431232824
-0.8798543973990949	cosine	24.0	20.0	16.0	0.31782086308186436	0.07516173316558697
1.2395570094548178	cosine	24.0	0.0	20.0	0.21885688981825296	0.16096491949833142
-0.5475227275233149	cosine	24.0	4.0	8.0	0.33096525947692135	0.06708239491800405
0.6571704295799287	cosine	24.0	0.0	20.0	0.37518323968843365	0.044753897420978433
0.8676531668324806	cosine	24.0	4.0	12.0	0.40644850966246976	0.03292085287309089
2.1221487672145356	cosine	24.0	16.0	8.0	0.325669473639465	0.07025277592236653
-2.2548094575874678	cosine	24.0	0.0	4.0	0.2994447585743574	0.08767317792776053
-0.319110351229313	cosine	24.0	12.0	8.0	0.33096525947692135	0.06708239491800405
0.27667668413546215	cosine	24.0	16.0	0.0	0.5002443195845782	0.011787064559833655
0.4186570802169355	cosine	24.0	0.0	20.0	0.37518323968843365	0.044753897420978433
0.5255665878335769	cosine	24.0	0.0	4.0	0.42552676218461316	0.027061931661110435
1.7074285571991494	cosine	24.0	4.0	20.0	0.28138742976632525	0.10142035953841916
0.16768915994931002	cosine	24.0	20.0	0.0	0.5315095895586144	0.008075181454718987
-0.3045009746921335	cosine	24.0	20.0	4.0	0.43771377963650593	0.02379564823412834
-1.4851799598512179	cosine	24.0	16.0	8.0	0.5117663157191593	0.010275152505006458
0.049798473155989065	cosine	24.0	4.0	8.0	0.17336275496410164	0.21634316011970334
-0.8901482581016995	cosine	24.0	16.0	12.0	0.38138503569823723	0.042167604419924586
-0.909334960883879	cosine	24.0	16.0	12.0	0.4449492083146101	0.022018113736134944
-0.9472177394444956	cosine	24.0	4.0	12.0	0.5315095895586144	0.008075181454718987
1.0458487357838917	cosine	24.0	4.0	0.0	0.6146497675999968	0.002703128848699784
0.3037903913742812	cosine	24.0	4.0	20.0	0.34391796971439753	0.05979464037584733
-0.4865127761510442	cosine	24.0	4.0	0.0	0.5831292666974328	0.004156084107205838
-0.3238347159685818	cosine	24.0	12.0	16.0	0.4449492083146101	0.022018113736134944
0.8712948135974412	cosine	24.0	0.0	16.0	0.34391796971439753	0.05979464037584733
0.07973426080620197	cosine	24.0	8.0	4.0	0.17336275496410164	0.21634316011970334
0.9806849319123006	cosine	24.0	0.0	12.0	0.29465333329284926	0.09117756893125428
-1.993730219362266	cosine	24.0	4.0	12.0	0.43771377963650593	0.02379564823412834
1.0497247683921744	cosine	24.0	4.0	0.0	0.4570472630871771	0.01929656018546278
-0.06051846435465626	cosine	24.0	4.0	16.0	0.325669473639465	0.07025277592236653
1.6105462370684318	cosine	24.0	0.0	12.0	0.35668561398608073	0.053232974601062806
0.7467743412446596	cosine	24.0	8.0	12.0	0.488567763989741	0.013512582066973257
-0.652216169306648	cosine	24.0	4.0	12.0	0.31265269974036136	0.07853426938217861
0.651472614055454	cosine	24.0	0.0	20.0	0.31265269974036136	0.07853426938217861
1.4509316686184448	cosine	24.0	12.0	20.0	0.6358308771056221	0.0020033371474573332
-0.44020195668741535	cosine	24.0	0.0	4.0	0.33096525947692135	0.06708239491800405
-1.0731896505731024	cosine	24.0	12.0	4.0	0.21885688981825296	0.16096491949833142
-0.6603266776367569	cosine	24.0	4.0	0.0	0.4570472630871771	0.01929656018546278
1.358851870822	cosine	24.0	12.0	16.0	0.5402954672391693	0.0072373318982772135
-0.8619239568580731	cosine	24.0	4.0	12.0	0.2501221597922891	0.12881724171626302
-0.23880264093101344	cosine	24.0	12.0	8.0	0.3940062612820492	0.037277784955182205
0.5929038520444287	cosine	24.0	20.0	4.0	0.40644850966246976	0.03292085287309089
-1.029292235501156	cosine	24.0	16.0	20.0	0.4449492083146101	0.022018113736134944
-0.7649900117887967	cosine	24.0	0.0	20.0	0.28138742976632525	0.10142035953841916
-0.7263234184663901	cosine	24.0	0.0	4.0	0.33096525947692135	0.06708239491800405
0.7811565552346005	cosine	24.0	12.0	16.0	0.4767312946227965	0.015480063791539503
1.7382521514934448	cosine	24.0	20.0	16.0	0.31782086308186436	0.07516173316558697
-1.3166863719538109	cosine	24.0	20.0	16.0	0.12712834523274574	0.282525295751344
0.01671381159806673	cosine	24.0	4.0	16.0	0.38770175433269644	0.03965908586713749
0.4372519626000332	cosine	24.0	16.0	0.0	0.34391796971439753	0.05979464037584733
-0.5243729496500205	cosine	24.0	16.0	20.0	0.34960294939005077	0.05679866795607516
-0.37646032621849324	cosine	24.0	0.0	20.0	0.34391796971439753	0.05979464037584733
0.07614005041343948	cosine	24.0	8.0	4.0	0.5516087657948688	0.006271913590386279
-1.991338770172801	cosine	24.0	20.0	16.0	0.31782086308186436	0.07516173316558697
1.0514397579495856	cosine	24.0	8.0	12.0	0.6776907694051246	0.001080787662488592
0.9667293461702366	cosine	24.0	8.0	20.0	0.584684582151831	0.004070583044510975
-1.8761467549688156	cosine	24.0	4.0	8.0	0.42552676218461316	0.027061931661110435
-2.871088720692041	cosine	24.0	4.0	8.0	0.2994447585743574	0.08767317792776053
0.3131325741483753	cosine	24.0	12.0	16.0	0.41316712200642364	0.03074837886955296
2.40065223010314	cosine	24.0	12.0	20.0	0.7288792981454693	0.0004855762269990423
-0.18201556168776567	cosine	24.0	16.0	4.0	0.48075017537254355	0.014786104244078217
-0.6914012913778755	cosine	24.0	4.0	16.0	0.26363719294623356	0.11640217218244758
1.444843402001954	cosine	24.0	16.0	20.0	0.4449492083146101	0.022018113736134944
-2.845831304300283	cosine	24.0	16.0	20.0	0.2542566904654915	0.12492539106643724
-0.01208570775379974	cosine	24.0	20.0	0.0	0.40644850966246976	0.03292085287309089
-0.19302741700453774	cosine	24.0	16.0	0.0	0.6253053994807227	0.0023274023270582257
0.9565250597311501	cosine	24.0	8.0	12.0	0.2994447585743574	0.08767317792776053
0.025122371803956288	cosine	24.0	12.0	8.0	0.3940062612820492	0.037277784955182205
-1.0499236058388597	cosine	24.0	0.0	20.0	0.40644850966246976	0.03292085287309089
-0.6859532111762268	cosine	24.0	12.0	0.0	0.23262105259961785	0.14621780365458337
0.8125488102649363	cosine	24.0	0.0	4.0	0.36248576037948527	0.05044712112711767
1.0278582827970577	cosine	24.0	12.0	8.0	0.33096525947692135	0.06708239491800405
0.4220547656033338	cosine	24.0	8.0	16.0	0.35668561398608073	0.053232974601062806
-0.274763452287414	cosine	24.0	16.0	0.0	0.6253053994807227	0.0023274023270582257
-0.8670448209346011	cosine	24.0	16.0	0.0	0.6253053994807227	0.0023274023270582257
-1.81834850593616	cosine	24.0	12.0	8.0	0.3940062612820492	0.037277784955182205
0.045591670879290065	cosine	24.0	20.0	4.0	0.2501221597922891	0.12881724171626302
-0.3824839383871916	cosine	24.0	8.0	4.0	0.5831292666974328	0.004156084107205838
-0.9414090218571886	cosine	24.0	0.0	12.0	0.20160491225300214	0.18077354211323055
-0.10068505745250288	cosine	24.0	20.0	8.0	0.18463723646899924	0.20168182460565853
0.7686858864977195	cosine	24.0	12.0	20.0	0.38770175433269644	0.03965908586713749
0.8837653303561955	cosine	24.0	12.0	20.0	0.325669473639465	0.07025277592236653
-0.865641963507544	cosine	24.0	20.0	16.0	0.34960294939005077	0.05679866795607516
-1.628890166160394	cosine	24.0	16.0	20.0	0.22247460415730505	0.1569979267286259
-1.5021541780048242	cosine	24.0	20.0	0.0	0.12506107989614454	0.2856969100727392
-0.510281926353136	cosine	24.0	4.0	0.0	0.2364037567692295	0.1423291682149232
-1.162874345548424	cosine	24.0	0.0	4.0	0.33096525947692135	0.06708239491800405
-1.6129078182694998	cosine	24.0	20.0	0.0	0.43771377963650593	0.02379564823412834
-1.1955735305742285	cosine	24.0	16.0	8.0	0.48075017537254355	0.014786104244078217
-0.3694681121432916	cosine	24.0	16.0	12.0	0.2860387767736779	0.0977376033412587
-1.5366094531589716	cosine	24.0	12.0	8.0	0.26792425767179345	0.11264743725548343
0.07172753765093491	cosine	24.0	0.0	20.0	0.37518323968843365	0.044753897420978433
-1.0449889931238048	cosine	24.0	0.0	12.0	0.542782456065775	0.007014531725125648
-1.3302432485236317	cosine	24.0	16.0	12.0	0.31782086308186436	0.07516173316558697
0.8756711768854187	cosine	24.0	8.0	4.0	0.42552676218461316	0.027061931661110435
0.26860370377774384	cosine	24.0	8.0	0.0	0.5315095895586144	0.008075181454718987
0.6447438517051515	cosine	24.0	16.0	12.0	0.4449492083146101	0.022018113736134944
0.25803202195269653	cosine	24.0	12.0	4.0	0.28138742976632525	0.10142035953841916
0.2498734365112909	cosine	24.0	4.0	8.0	0.3940062612820492	0.037277784955182205
0.0881257341876972	cosine	24.0	20.0	16.0	0.2860387767736779	0.0977376033412587
-1.8361942275111225	cosine	24.0	0.0	20.0	0.5002443195845782	0.011787064559833655
0.5617951193019822	cosine	24.0	0.0	16.0	0.5315095895586144	0.008075181454718987
0.7563212755373562	cosine	24.0	0.0	12.0	0.5737985964123907	0.004703590814103545
2.8873435400137186	cosine	24.0	0.0	4.0	0.488567763989741	0.013512582066973257
0.2036600294415942	cosine	24.0	8.0	20.0	0.7077760731311638	0.0006794427973856082
1.417662769591679	cosine	24.0	16.0	12.0	0.508513380930983	0.01068384436354423
-1.1039392793824465	cosine	24.0	20.0	12.0	0.29465333329284926	0.09117756893125428
1.8303193257842079	cosine	24.0	20.0	0.0	0.28138742976632525	0.10142035953841916
1.2476853113532886	cosine	24.0	8.0	0.0	0.40644850966246976	0.03292085287309089
-2.8856802242828534	cosine	24.0	16.0	12.0	0.4449492083146101	0.022018113736134944
1.3732523711777338	cosine	24.0	0.0	16.0	0.5940401295066866	0.0035886947605967253
-0.984716550457235	cosine	24.0	8.0	4.0	0.36248576037948527	0.05044712112711767
-0.41013927497287084	cosine	24.0	4.0	12.0	0.37518323968843365	0.044753897420978433
-0.6830508268321057	cosine	24.0	12.0	16.0	0.4767312946227965	0.015480063791539503
-0.5946882295826263	cosine	24.0	4.0	8.0	0.3940062612820492	0.037277784955182205
1.3059999142383818	cosine	24.0	8.0	4.0	0.488567763989741	0.013512582066973257
-1.515140789344021	cosine	24.0	8.0	20.0	0.46159309117249814	0.018350598749125858
-1.0424342707614485	cosine	24.0	8.0	0.0	0.37518323968843365	0.044753897420978433
0.3759368886877845	cosine	24.0	4.0	0.0	0.42552676218461316	0.027061931661110435
-0.33747023747736615	cosine	24.0	20.0	0.0	0.34391796971439753	0.05979464037584733
-0.8979868701949719	cosine	24.0	16.0	12.0	0.41316712200642364	0.03074837886955296
-1.411534906550134	cosine	24.0	12.0	16.0	0.6356417261637287	0.0020087796364305814
0.11541068178031993	cosine	24.0	12.0	16.0	0.5402954672391693	0.0072373318982772135
-0.23318503803081522	cosine	24.0	0.0	4.0	0.4570472630871771	0.01929656018546278
-0.977027393256826	cosine	24.0	20.0	16.0	0.5720775535473558	0.004811332704071246
-0.7461828761459937	cosine	24.0	4.0	20.0	0.43771377963650593	0.02379564823412834
1.834556807019799	cosine	24.0	4.0	0.0	0.2994447585743574	0.08767317792776053
-1.710645242511884	cosine	24.0	4.0	16.0	0.325669473639465	0.07025277592236653
0.712306971307379	cosine	24.0	4.0	0.0	0.26792425767179345	0.11264743725548343
-0.9584675032153879	cosine	24.0	0.0	16.0	0.46897904961054204	0.016897895516253123
0.9843884630463761	cosine	24.0	20.0	0.0	0.34391796971439753	0.05979464037584733
-0.07525922086128771	cosine	24.0	4.0	8.0	0.36248576037948527	0.05044712112711767
-0.31554302992515276	cosine	24.0	8.0	4.0	0.17336275496410164	0.21634316011970334
0.4407725962137854	cosine	24.0	0.0	4.0	0.26792425767179345	0.11264743725548343
-2.0712074105397504	cosine	24.0	8.0	4.0	0.33096525947692135	0.06708239491800405
0.4193863521162006	cosine	24.0	8.0	12.0	0.2364037567692295	0.1423291682149232
-0.6188253268706654	cosine	24.0	4.0	0.0	0.26792425767179345	0.11264743725548343
-0.7378225231334666	cosine	24.0	0.0	12.0	0.5737985964123907	0.004703590814103545
-1.3597413834286851	cosine	24.0	4.0	12.0	0.40644850966246976	0.03292085287309089
0.10709417142192279	cosine	24.0	20.0	16.0	0.31782086308186436	0.07516173316558697
-0.5079313430147057	cosine	24.0	12.0	8.0	0.33096525947692135	0.06708239491800405
-0.6463273391660656	cosine	24.0	0.0	20.0	0.18759161984421682	0.1979406704679717
0.7390802205105401	cosine	24.0	0.0	16.0	0.6565706694547588	0.001481745846560898
0.010555448834867132	cosine	24.0	8.0	0.0	0.5002443195845782	0.011787064559833655
-0.11525725409459411	cosine	24.0	12.0	8.0	0.42552676218461316	0.027061931661110435
-0.7699282092890113	cosine	24.0	16.0	20.0	0.2860387767736779	0.0977376033412587
-2.449594821920414	cosine	24.0	4.0	16.0	0.6048147367590064	0.0030976341623523166
-1.3001553751268677	cosine	24.0	8.0	4.0	0.33096525947692135	0.06708239491800405
0.4540096695826955	cosine	24.0	20.0	16.0	0.2542566904654915	0.12492539106643724
0.7426745111005454	cosine	24.0	12.0	8.0	0.2048832558666656	0.1768962477431396
1.3027837840390843	cosine	24.0	8.0	16.0	0.5117663157191593	0.010275152505006458
1.998196973261806	cosine	24.0	16.0	4.0	0.35668561398608073	0.053232974601062806
0.21965339429108885	cosine	24.0	12.0	8.0	0.14184225406153772	0.26045348007935765
-0.8612853217732774	cosine	24.0	20.0	4.0	0.34391796971439753	0.05979464037584733
0.25375990042122654	cosine	24.0	8.0	4.0	0.33096525947692135	0.06708239491800405
-1.391391432445776	cosine	24.0	4.0	8.0	0.2364037567692295	0.1423291682149232
-0.07726616990908462	cosine	24.0	16.0	4.0	0.48075017537254355	0.014786104244078217
-0.4107248416584602	cosine	24.0	20.0	0.0	0.40644850966246976	0.03292085287309089
-1.1881808564901586	cosine	24.0	8.0	4.0	0.36248576037948527	0.05044712112711767
0.9257554483966158	cosine	24.0	0.0	20.0	0.28138742976632525	0.10142035953841916
-0.205731611634737	cosine	24.0	0.0	20.0	0.31265269974036136	0.07853426938217861
-0.9745548279770505	cosine	24.0	16.0	12.0	0.4449492083146101	0.022018113736134944
-1.3063190707520007	cosine	24.0	20.0	12.0	0.35668561398608073	0.053232974601062806
0.38696307435178984	cosine	24.0	12.0	0.0	0.41871789467931214	0.02904431653896035
-1.2958811649912074	cosine	24.0	4.0	8.0	0.33096525947692135	0.06708239491800405
2.0366424624753505	cosine	24.0	20.0	0.0	0.28138742976632525	0.10142035953841916
0.20233383655658502	cosine	24.0	0.0	20.0	0.34391796971439753	0.05979464037584733
0.721991569963701	cosine	24.0	16.0	4.0	0.38770175433269644	0.03965908586713749
0.8478392136789893	cosine	24.0	4.0	16.0	0.29465333329284926	0.09117756893125428
-0.09237953610804614	cosine	24.0	16.0	12.0	0.4767312946227965	0.015480063791539503
-0.9367689482051608	cosine	24.0	4.0	0.0	0.26792425767179345	0.11264743725548343
1.2612008636221106	cosine	24.0	20.0	0.0	0.34391796971439753	0.05979464037584733
-0.9948017845962981	cosine	24.0	4.0	16.0	0.38770175433269644	0.03965908586713749
-1.5195579536503878	cosine	24.0	12.0	8.0	0.4570472630871771	0.01929656018546278
2.445235743695795	cosine	24.0	12.0	20.0	0.48075017537254355	0.014786104244078217
0.9525890380722277	cosine	24.0	12.0	4.0	0.21885688981825296	0.16096491949833142
-0.9861323582410733	cosine	24.0	12.0	16.0	0.22247460415730505	0.1569979267286259
0.9286703902538619	cosine	24.0	4.0	8.0	0.3940062612820492	0.037277784955182205
0.4996648712846672	cosine	24.0	16.0	12.0	0.2860387767736779	0.0977376033412587
-1.2979705449863617	cosine	24.0	12.0	16.0	0.34960294939005077	0.05679866795607516
-1.618150186468202	cosine	24.0	20.0	0.0	0.34391796971439753	0.05979464037584733
0.7689271735661121	cosine	24.0	20.0	12.0	0.38770175433269644	0.03965908586713749
0.2589936927051939	cosine	24.0	8.0	4.0	0.3940062612820492	0.037277784955182205
-0.22233581009259396	cosine	24.0	8.0	4.0	0.488567763989741	0.013512582066973257
-0.07431069788209445	cosine	24.0	0.0	12.0	0.5737985964123907	0.004703590814103545
0.25444895110678567	cosine	24.0	8.0	12.0	0.6461702685025607	0.001725440175873364
0.08861342484866132	cosine	24.0	4.0	20.0	0.5940401295066866	0.0035886947605967253
0.193377198285412	cosine	24.0	4.0	12.0	0.28138742976632525	0.10142035953841916
1.236730921538133	cosine	24.0	0.0	16.0	0.46897904961054204	0.016897895516253123
-0.6884934915111042	cosine	24.0	8.0	0.0	0.40644850966246976	0.03292085287309089
-0.5919234106046045	cosine	24.0	0.0	12.0	0.48075017537254355	0.014786104244078217
-1.5024769295968108	cosine	24.0	0.0	20.0	0.46897904961054204	0.016897895516253123
-0.6805025493709242	cosine	24.0	20.0	0.0	0.21885688981825296	0.16096491949833142
0.19539503224563004	cosine	24.0	4.0	8.0	0.42552676218461316	0.027061931661110435
-1.689578930268549	cosine	24.0	8.0	12.0	0.5831292666974328	0.004156084107205838
-1.5794390578326123	cosine	24.0	20.0	0.0	0.5627748595326505	0.005432675743650132
0.25363942921774535	cosine	24.0	16.0	20.0	0.34960294939005077	0.05679866795607516
1.0200300695379931	cosine	24.0	4.0	0.0	0.2048832558666656	0.1768962477431396
-0.5509851863239194	cosine	24.0	16.0	8.0	0.48075017537254355	0.014786104244078217
1.108451179018888	cosine	24.0	0.0	4.0	0.2364037567692295	0.1423291682149232
-1.339147264008938	cosine	24.0	8.0	4.0	0.4570472630871771	0.01929656018546278
1.698752374678349	cosine	24.0	4.0	8.0	0.6776907694051246	0.001080787662488592
-1.1066563819960475	cosine	24.0	12.0	16.0	0.41316712200642364	0.03074837886955296
-1.469151359047415	cosine	24.0	16.0	12.0	0.34960294939005077	0.05679866795607516
-0.8186053462601296	cosine	24.0	16.0	12.0	0.4767312946227965	0.015480063791539503
-1.2451729526211306	cosine	24.0	12.0	8.0	0.26792425767179345	0.11264743725548343
-0.005552584065315748	cosine	24.0	8.0	0.0	0.31265269974036136	0.07853426938217861
0.8268821955482294	cosine	24.0	16.0	12.0	0.38138503569823723	0.042167604419924586
-0.33821496425775965	cosine	24.0	8.0	12.0	0.36248576037948527	0.05044712112711767
0.9720236556177673	cosine	24.0	8.0	12.0	0.4570472630871771	0.01929656018546278
1.2400503955914903	cosine	24.0	4.0	8.0	0.3940062612820492	0.037277784955182205
-0.16805511415576405	cosine	24.0	8.0	4.0	0.36248576037948527	0.05044712112711767
0.56221656503409	cosine	24.0	4.0	16.0	0.5117663157191593	0.010275152505006458
0.30490572533009513	cosine	24.0	4.0	0.0	0.4570472630871771	0.01929656018546278
0.6549774288920427	cosine	24.0	20.0	0.0	0.09379580992210841	0.3356006186019033
-0.41787387019492006	cosine	24.0	12.0	16.0	0.22247460415730505	0.1569979267286259
-0.5682124677582611	cosine	24.0	16.0	8.0	0.5117663157191593	0.010275152505006458
-2.347992656626723	cosine	24.0	12.0	8.0	0.3940062612820492	0.037277784955182205
2.6113612523897682	cosine	24.0	4.0	0.0	0.2364037567692295	0.1423291682149232
-1.0770604836485658	cosine	24.0	8.0	20.0	0.3692744729379985	0.04733536431232824
1.64345377604569	cosine	24.0	0.0	16.0	0.37518323968843365	0.044753897420978433
0.8151228761615665	cosine	24.0	20.0	0.0	0.5002443195845782	0.011787064559833655
-0.26577041049387823	cosine	24.0	20.0	16.0	0.31782086308186436	0.07516173316558697
1.636703171978169	cosine	24.0	12.0	16.0	0.34960294939005077	0.05679866795607516
0.5892600814790746	cosine	24.0	4.0	8.0	0.4570472630871771	0.01929656018546278
-0.28784508865967917	cosine	24.0	20.0	16.0	0.22247460415730505	0.1569979267286259
1.585071750107951	cosine	24.0	20.0	0.0	0.5002443195845782	0.011787064559833655
-0.9697261651362171	cosine	24.0	8.0	4.0	0.520088264892305	0.009291071757416634
-0.8511285123035136	cosine	24.0	16.0	12.0	0.4449492083146101	0.022018113736134944
-1.050231458091495	cosine	24.0	0.0	20.0	0.34391796971439753	0.05979464037584733
0.2101856161728002	cosine	24.0	16.0	12.0	0.2860387767736779	0.0977376033412587
-0.5631764772654247	cosine	24.0	0.0	4.0	0.3940062612820492	0.037277784955182205
-1.415232745225039	cosine	24.0	12.0	8.0	0.3940062612820492	0.037277784955182205
0.283686763656067	cosine	24.0	4.0	16.0	0.5117663157191593	0.010275152505006458
0.17835218390283095	cosine	24.0	8.0	20.0	0.5539117094069977	0.006089982172122457
-0.20079511651843943	cosine	24.0	4.0	16.0	0.5737985964123907	0.004703590814103545
-0.5233713460083464	cosine	24.0	8.0	4.0	0.488567763989741	0.013512582066973257
-0.312657336272707	cosine	24.0	12.0	8.0	0.14184225406153772	0.26045348007935765
-0.7853912744353498	cosine	24.0	20.0	0.0	0.43771377963650593	0.02379564823412834
0.3538828263851394	cosine	24.0	8.0	4.0	0.2994447585743574	0.08767317792776053
1.640558900707081	cosine	24.0	20.0	12.0	0.48075017537254355	0.014786104244078217
-0.4807642839864113	cosine	24.0	8.0	4.0	0.520088264892305	0.009291071757416634
0.01208999130071966	cosine	24.0	0.0	20.0	0.46897904961054204	0.016897895516253123
0.7467608480010666	cosine	24.0	16.0	20.0	0.4767312946227965	0.015480063791539503
-0.21111269135279975	cosine	24.0	4.0	0.0	0.2364037567692295	0.1423291682149232
2.203420450679996	cosine	24.0	12.0	16.0	0.38138503569823723	0.042167604419924586
0.018262419855793303	cosine	24.0	8.0	12.0	0.4570472630871771	0.01929656018546278
0.6995817892404809	cosine	24.0	20.0	0.0	0.43771377963650593	0.02379564823412834
0.3249147779985407	cosine	24.0	20.0	16.0	0.34960294939005077	0.05679866795607516
0.6763955060794941	cosine	24.0	4.0	12.0	0.2501221597922891	0.12881724171626302
0.4747438442699892	cosine	24.0	16.0	8.0	0.29465333329284926	0.09117756893125428
0.28670481119597907	cosine	24.0	8.0	4.0	0.36248576037948527	0.05044712112711767
1.6724265718007552	cosine	24.0	16.0	20.0	0.4767312946227965	0.015480063791539503
-0.5690745867906828	cosine	24.0	20.0	0.0	0.5940401295066866	0.0035886947605967253
1.9437273818671332	cosine	24.0	8.0	4.0	0.4570472630871771	0.01929656018546278
-0.5319871376916829	cosine	24.0	16.0	8.0	0.325669473639465	0.07025277592236653
0.31218455778958776	cosine	24.0	4.0	12.0	0.37518323968843365	0.044753897420978433
-1.2606409918956516	cosine	24.0	0.0	20.0	0.28138742976632525	0.10142035953841916
0.8187263482899145	cosine	24.0	0.0	20.0	0.37518323968843365	0.044753897420978433
-2.1243783583860028	cosine	24.0	4.0	16.0	0.44973403502592785	0.02090527421057417
1.838880246544683	cosine	24.0	8.0	12.0	0.2994447585743574	0.08767317792776053
-0.028128709894880772	cosine	24.0	4.0	20.0	0.21885688981825296	0.16096491949833142
-0.6505284345719416	cosine	24.0	16.0	8.0	0.38770175433269644	0.03965908586713749
-0.13158971681944548	cosine	24.0	8.0	4.0	0.36248576037948527	0.05044712112711767
-0.34566992361362486	cosine	24.0	16.0	0.0	0.37518323968843365	0.044753897420978433
0.5418395761143489	cosine	24.0	12.0	20.0	0.48075017537254355	0.014786104244078217
-0.344228636724238	cosine	24.0	16.0	8.0	0.41871789467931214	0.02904431653896035
-1.5797716980690517	cosine	24.0	12.0	20.0	0.48075017537254355	0.014786104244078217
-0.7895417353386828	cosine	24.0	20.0	16.0	0.7627700713964745	0.00027808399220007475
0.23671737073621454	cosine	24.0	4.0	0.0	0.26792425767179345	0.11264743725548343
1.4376837281904522	cosine	24.0	0.0	8.0	0.37518323968843365	0.044753897420978433
0.1266018919723137	cosine	24.0	20.0	16.0	0.22247460415730505	0.1569979267286259
0.4884121021437897	cosine	24.0	20.0	16.0	0.41316712200642364	0.03074837886955296
-1.0232932268030235	cosine	24.0	20.0	8.0	0.40004734568283173	0.03510685701315916
-0.3212700414141865	cosine	24.0	4.0	16.0	0.325669473639465	0.07025277592236653
0.1507974249088003	cosine	24.0	0.0	20.0	0.21885688981825296	0.16096491949833142
1.181737183580044	cosine	24.0	4.0	8.0	0.488567763989741	0.013512582066973257
1.1914771102221862	cosine	24.0	16.0	20.0	0.15891043154093218	0.2360104104586807
0.20023525221718594	cosine	24.0	0.0	20.0	0.5002443195845782	0.011787064559833655
0.4157662596844679	cosine	24.0	20.0	16.0	0.6038596398555423	0.0031385812005819934
0.6943691084798231	cosine	24.0	8.0	16.0	0.6048147367590064	0.0030976341623523166
2.0980162776848723	cosine	24.0	20.0	0.0	0.5002443195845782	0.011787064559833655
-2.4594448285916757	cosine	24.0	0.0	4.0	0.4570472630871771	0.01929656018546278
0.050356889740667786	cosine	24.0	16.0	12.0	0.34960294939005077	0.05679866795607516
-0.20176427348711956	cosine	24.0	0.0	20.0	0.40644850966246976	0.03292085287309089
1.1922950245585795	cosine	24.0	16.0	8.0	0.542782456065775	0.007014531725125648
-1.086077768761901	cosine	24.0	20.0	4.0	0.5315095895586144	0.008075181454718987
0.570451243120159	cosine	24.0	4.0	0.0	0.36248576037948527	0.05044712112711767
1.5324964015590106	cosine	24.0	4.0	0.0	0.36248576037948527	0.05044712112711767
0.46535827414414194	cosine	24.0	0.0	4.0	0.2364037567692295	0.1423291682149232
-0.7516940936886675	cosine	24.0	8.0	0.0	0.5627748595326505	0.005432675743650132
0.5780078416453136	cosine	24.0	0.0	8.0	0.40644850966246976	0.03292085287309089
-0.14327372045019285	cosine	24.0	8.0	4.0	0.36248576037948527	0.05044712112711767
-0.7398154108617742	cosine	24.0	20.0	0.0	0.28138742976632525	0.10142035953841916
-0.01608086265634413	cosine	24.0	16.0	4.0	0.38770175433269644	0.03965908586713749
-1.6520718909522574	cosine	24.0	20.0	0.0	0.43771377963650593	0.02379564823412834
0.24240318916066517	cosine	24.0	0.0	4.0	0.5516087657948688	0.006271913590386279
-0.9468026772377506	cosine	24.0	20.0	12.0	0.29465333329284926	0.09117756893125428
-0.18519577442552893	cosine	24.0	0.0	20.0	0.43771377963650593	0.02379564823412834
-1.9651930810437792	cosine	24.0	20.0	16.0	0.41316712200642364	0.03074837886955296
0.5112927675610096	cosine	24.0	8.0	12.0	0.2364037567692295	0.1423291682149232
-1.741516501339509	cosine	24.0	16.0	4.0	0.38770175433269644	0.03965908586713749
-0.34989438833360115	cosine	24.0	20.0	16.0	0.31782086308186436	0.07516173316558697
-1.0085533218404623	cosine	24.0	0.0	4.0	0.33096525947692135	0.06708239491800405
-0.555418199424321	cosine	24.0	0.0	4.0	0.488567763989741	0.013512582066973257
-1.1087782989537835	cosine	24.0	20.0	4.0	0.31265269974036136	0.07853426938217861
0.48615687322875106	cosine	24.0	20.0	12.0	0.6048147367590064	0.0030976341623523166
-0.5867076065117149	cosine	24.0	20.0	0.0	0.6565706694547588	0.001481745846560898
-0.7407561606223215	cosine	24.0	0.0	20.0	0.43771377963650593	0.02379564823412834
-1.1196982537192446	cosine	24.0	4.0	8.0	0.2994447585743574	0.08767317792776053
0.17097445248163276	cosine	24.0	8.0	16.0	0.542782456065775	0.007014531725125648
0.9348477851737054	cosine	24.0	0.0	20.0	0.34391796971439753	0.05979464037584733
-0.1274462417396413	cosine	24.0	0.0	12.0	0.35668561398608073	0.053232974601062806
-0.39541384352589015	cosine	24.0	0.0	20.0	0.21885688981825296	0.16096491949833142
-1.9356198127775714	cosine	24.0	16.0	12.0	0.38138503569823723	0.042167604419924586
-0.9409992274151795	cosine	24.0	20.0	8.0	0.12309149097933283	0.2887343362768521
-1.3158655774633412	cosine	24.0	0.0	20.0	0.5315095895586144	0.008075181454718987
-0.9537450236078341	cosine	24.0	4.0	8.0	0.488567763989741	0.013512582066973257
-1.462596784636409	cosine	24.0	20.0	16.0	0.34960294939005077	0.05679866795607516
0.11699796630502514	cosine	24.0	16.0	20.0	0.15891043154093218	0.2360104104586807
-1.4819615213280084	cosine	24.0	8.0	16.0	0.6048147367590064	0.0030976341623523166
0.5762654388087598	cosine	24.0	0.0	4.0	0.33096525947692135	0.06708239491800405
-0.7457689905532057	cosine	24.0	8.0	4.0	0.6146497675999968	0.002703128848699784
-0.6946146259911562	cosine	24.0	16.0	4.0	0.44973403502592785	0.02090527421057417
-0.8289702973694417	cosine	24.0	4.0	8.0	0.36248576037948527	0.05044712112711767
-0.6102949345404095	cosine	24.0	4.0	8.0	0.42552676218461316	0.027061931661110435
-0.8975035214727807	cosine	24.0	8.0	0.0	0.6253053994807227	0.0023274023270582257
0.32901744748792044	cosine	24.0	20.0	12.0	0.20160491225300214	0.18077354211323055
0.4293002065612683	cosine	24.0	12.0	8.0	0.520088264892305	0.009291071757416634
-1.5362007708312087	cosine	24.0	12.0	8.0	0.26792425767179345	0.11264743725548343
0.09491465974296366	cosine	24.0	20.0	0.0	0.43771377963650593	0.02379564823412834
-0.5913063675733615	cosine	24.0	12.0	8.0	0.14184225406153772	0.26045348007935765
1.6509969090868253	cosine	24.0	16.0	20.0	0.5402954672391693	0.0072373318982772135
1.0407296150509409	cosine	24.0	8.0	0.0	0.28138742976632525	0.10142035953841916
-0.0955258516864956	cosine	24.0	20.0	0.0	0.43771377963650593	0.02379564823412834
0.16387722398073878	cosine	24.0	0.0	20.0	0.43771377963650593	0.02379564823412834
2.4372497308183974	cosine	24.0	16.0	8.0	0.5737985964123907	0.004703590814103545
-0.3427257327422515	cosine	24.0	12.0	20.0	0.325669473639465	0.07025277592236653
1.2687243938385102	cosine	24.0	4.0	8.0	0.6461702685025607	0.001725440175873364
-0.455544699596517	cosine	24.0	0.0	20.0	0.18759161984421682	0.1979406704679717
0.038106549395491275	cosine	24.0	0.0	4.0	0.4570472630871771	0.01929656018546278
0.5879756108298076	cosine	24.0	8.0	12.0	0.4570472630871771	0.01929656018546278
-0.5212224935911189	cosine	24.0	4.0	0.0	0.488567763989741	0.013512582066973257
-0.6303045092577042	cosine	24.0	12.0	16.0	0.2542566904654915	0.12492539106643724
-0.6224848875505853	cosine	24.0	16.0	12.0	0.2860387767736779	0.0977376033412587
-0.09752218082748118	cosine	24.0	20.0	16.0	0.31782086308186436	0.07516173316558697
0.9242038440797488	cosine	24.0	0.0	20.0	0.37518323968843365	0.044753897420978433
-1.4635362852451428	cosine	24.0	20.0	16.0	0.22247460415730505	0.1569979267286259
-0.16436858799224252	cosine	24.0	8.0	0.0	0.28138742976632525	0.10142035953841916
-0.9472709220097103	cosine	24.0	20.0	0.0	0.37518323968843365	0.044753897420978433
-0.5985550926836664	cosine	24.0	12.0	20.0	0.23262105259961785	0.14621780365458337
-1.2802849614133935	cosine	24.0	16.0	12.0	0.38138503569823723	0.042167604419924586
1.2912613065074108	cosine	24.0	0.0	20.0	0.40644850966246976	0.03292085287309089
0.8985257144449732	cosine	24.0	0.0	20.0	0.31265269974036136	0.07853426938217861
0.6002380467660624	cosine	24.0	20.0	0.0	0.21885688981825296	0.16096491949833142
-0.6206885810011237	cosine	24.0	20.0	16.0	0.31782086308186436	0.07516173316558697
-0.8893497443916097	cosine	24.0	20.0	0.0	0.37518323968843365	0.044753897420978433
-0.7722527788018405	cosine	24.0	12.0	8.0	0.2048832558666656	0.1768962477431396
0.0798706121422404	cosine	24.0	20.0	4.0	0.34391796971439753	0.05979464037584733
-0.22170972159776298	cosine	24.0	4.0	12.0	0.5627748595326505	0.005432675743650132
-0.10891289609276951	cosine	24.0	20.0	0.0	0.31265269974036136	0.07853426938217861
1.3595426541640592	cosine	24.0	12.0	20.0	0.20160491225300214	0.18077354211323055
-2.2518311260554915	cosine	24.0	20.0	16.0	0.2542566904654915	0.12492539106643724
-1.186219175628153	cosine	24.0	8.0	12.0	0.488567763989741	0.013512582066973257
-0.39151737275735893	cosine	24.0	0.0	8.0	0.28138742976632525	0.10142035953841916
-1.2194570886844203	cosine	24.0	4.0	16.0	0.41871789467931214	0.02904431653896035
1.030816203229609	cosine	24.0	20.0	8.0	0.5231388366621645	0.008951565507853972
-1.0912726171404512	cosine	24.0	16.0	12.0	0.5402954672391693	0.0072373318982772135
-2.2453891503719325	cosine	24.0	16.0	8.0	0.23262105259961785	0.14621780365458337
1.2039638773013752	cosine	24.0	8.0	4.0	0.2364037567692295	0.1423291682149232
-1.4281615903179912	cosine	24.0	4.0	12.0	0.43771377963650593	0.02379564823412834
-0.33615255197457006	cosine	24.0	12.0	8.0	0.2364037567692295	0.1423291682149232
-1.123556602634171	cosine	24.0	16.0	12.0	0.34960294939005077	0.05679866795607516
-0.9942939180697389	cosine	24.0	4.0	8.0	0.3940062612820492	0.037277784955182205
0.4687563717126119	cosine	24.0	20.0	8.0	0.43082021842766494	0.02559992123005601
-0.05349065457212582	cosine	24.0	4.0	8.0	0.2048832558666656	0.1768962477431396
0.7079499347408061	cosine	24.0	12.0	8.0	0.42552676218461316	0.027061931661110435
-1.4088947309247628	cosine	24.0	20.0	0.0	0.43771377963650593	0.02379564823412834
-1.6115253978885398	cosine	24.0	4.0	12.0	0.28138742976632525	0.10142035953841916
0.23495761142146024	cosine	24.0	0.0	16.0	0.5627748595326505	0.005432675743650132
-0.6117001258841464	cosine	24.0	16.0	4.0	0.29465333329284926	0.09117756893125428
-0.5551109588114876	cosine	24.0	12.0	0.0	0.38770175433269644	0.03965908586713749
0.0734350337178776	cosine	24.0	4.0	20.0	0.21885688981825296	0.16096491949833142
0.140412327464737	cosine	24.0	4.0	16.0	0.29465333329284926	0.09117756893125428
-0.1486932726947666	cosine	24.0	0.0	20.0	0.2501221597922891	0.12881724171626302
0.566878774956193	cosine	24.0	12.0	8.0	0.2994447585743574	0.08767317792776053
0.27814454292225776	cosine	24.0	8.0	4.0	0.36248576037948527	0.05044712112711767
-1.3488132681324574	cosine	24.0	0.0	12.0	0.38770175433269644	0.03965908586713749
1.5761652668069814	cosine	24.0	8.0	4.0	0.2994447585743574	0.08767317792776053
-0.1300974797353789	cosine	24.0	20.0	4.0	0.37518323968843365	0.044753897420978433
-0.2841516204385276	cosine	24.0	16.0	8.0	0.325669473639465	0.07025277592236653
-0.42806229515987	cosine	24.0	0.0	8.0	0.43771377963650593	0.02379564823412834
0.9812112944331829	cosine	24.0	4.0	0.0	0.488567763989741	0.013512582066973257
0.40796245754253047	cosine	24.0	12.0	0.0	0.26363719294623356	0.11640217218244758
0.05727731732808247	cosine	24.0	0.0	4.0	0.33096525947692135	0.06708239491800405
0.6774565102000514	cosine	24.0	20.0	16.0	0.31782086308186436	0.07516173316558697
-0.4726104182629077	cosine	24.0	8.0	0.0	0.28138742976632525	0.10142035953841916
0.826979565094096	cosine	24.0	12.0	16.0	0.2860387767736779	0.0977376033412587
0.1449762431612577	cosine	24.0	0.0	4.0	0.2048832558666656	0.1768962477431396
-0.4007658504634352	cosine	24.0	0.0	20.0	0.37518323968843365	0.044753897420978433
0.07850862678844424	cosine	24.0	8.0	12.0	0.488567763989741	0.013512582066973257
-0.9002955237935538	cosine	24.0	20.0	12.0	0.5117663157191593	0.010275152505006458
-1.4328192917093776	cosine	24.0	8.0	4.0	0.5516087657948688	0.006271913590386279
0.19511734464081934	cosine	24.0	0.0	16.0	0.5940401295066866	0.0035886947605967253
0.05787667539728628	cosine	24.0	12.0	0.0	0.44973403502592785	0.02090527421057417
0.6181386867701152	cosine	24.0	4.0	8.0	0.26792425767179345	0.11264743725548343
-1.033797260546275	cosine	24.0	4.0	0.0	0.488567763989741	0.013512582066973257
-0.6408450301706553	cosine	24.0	4.0	8.0	0.4570472630871771	0.01929656018546278
0.8498925443739775	cosine	24.0	0.0	20.0	0.5002443195845782	0.011787064559833655
0.724606904873506	cosine	24.0	0.0	16.0	0.34391796971439753	0.05979464037584733
0.7438141691609463	cosine	24.0	20.0	0.0	0.31265269974036136	0.07853426938217861
0.2717181058122871	cosine	24.0	0.0	4.0	0.42552676218461316	0.027061931661110435
0.3935056889379861	cosine	24.0	0.0	12.0	0.44973403502592785	0.02090527421057417
-1.6535471413057612	cosine	24.0	4.0	20.0	0.40644850966246976	0.03292085287309089
2.2150452435000942	cosine	24.0	20.0	8.0	0.7077760731311638	0.0006794427973856082
0.6317697324889326	cosine	24.0	20.0	12.0	0.41871789467931214	0.02904431653896035
-1.528055403210966	cosine	24.0	4.0	8.0	0.2994447585743574	0.08767317792776053
0.9765815317141583	cosine	24.0	8.0	12.0	0.4570472630871771	0.01929656018546278
0.5998891022182864	cosine	24.0	20.0	16.0	0.41316712200642364	0.03074837886955296
1.217116790988176	cosine	24.0	16.0	20.0	0.4449492083146101	0.022018113736134944
0.4050145819018883	cosine	24.0	12.0	8.0	0.520088264892305	0.009291071757416634
0.8228249206073565	cosine	24.0	4.0	0.0	0.42552676218461316	0.027061931661110435
0.7049346520718451	cosine	24.0	4.0	20.0	0.43771377963650593	0.02379564823412834
-0.4232513387934375	cosine	24.0	12.0	20.0	0.35668561398608073	0.053232974601062806
0.3424537644494004	cosine	24.0	8.0	12.0	0.6461702685025607	0.001725440175873364
0.16889824311045523	cosine	24.0	20.0	0.0	0.31265269974036136	0.07853426938217861
0.8026332312883014	cosine	24.0	8.0	20.0	0.3692744729379985	0.04733536431232824
-0.04817003283579136	cosine	24.0	20.0	16.0	0.4767312946227965	0.015480063791539503
-1.7405349801676329	cosine	24.0	20.0	8.0	0.43082021842766494	0.02559992123005601
-1.0673524932586054	cosine	24.0	8.0	4.0	0.17336275496410164	0.21634316011970334
1.538391910539444	cosine	24.0	16.0	4.0	0.759895438492085	0.0002917980948878673
-0.6716962116796789	cosine	24.0	12.0	0.0	0.108556491213155	0.31160584178390943
0.13588540533166063	cosine	24.0	8.0	4.0	0.4570472630871771	0.01929656018546278
0.18118712191476666	cosine	24.0	8.0	12.0	0.36248576037948527	0.05044712112711767
0.1502662343282732	cosine	24.0	16.0	4.0	0.325669473639465	0.07025277592236653
1.192262621108677	cosine	24.0	0.0	4.0	0.4570472630871771	0.01929656018546278
-1.6967389300513585	cosine	24.0	12.0	8.0	0.5831292666974328	0.004156084107205838
-0.7010457006313864	cosine	24.0	16.0	20.0	0.4449492083146101	0.022018113736134944
0.4603130365421582	cosine	24.0	20.0	0.0	0.37518323968843365	0.044753897420978433
0.8030543675818118	cosine	24.0	0.0	20.0	0.37518323968843365	0.044753897420978433
0.8919596842303704	cosine	24.0	12.0	8.0	0.7407317712102525	0.00040057811829428313
-0.27663181283056393	cosine	24.0	0.0	8.0	0.31265269974036136	0.07853426938217861
1.7766466609843685	cosine	24.0	8.0	4.0	0.33096525947692135	0.06708239491800405
1.5210525502580061	cosine	24.0	16.0	4.0	0.41871789467931214	0.02904431653896035
1.261829338823114	cosine	24.0	4.0	16.0	0.325669473639465	0.07025277592236653
-0.1032294611225886	cosine	24.0	4.0	20.0	0.46897904961054204	0.016897895516253123
-0.16588218495098173	cosine	24.0	16.0	4.0	0.48075017537254355	0.014786104244078217
-0.6523603767603483	cosine	24.0	8.0	4.0	0.520088264892305	0.009291071757416634
1.3300545060190851	cosine	24.0	12.0	16.0	0.6038596398555423	0.0031385812005819934
-0.3083821060529739	cosine	24.0	8.0	16.0	0.5737985964123907	0.004703590814103545
-1.7233754509545025	cosine	24.0	12.0	16.0	0.2860387767736779	0.0977376033412587
-1.5223855268024375	cosine	24.0	0.0	20.0	0.31265269974036136	0.07853426938217861
-1.3765885472336181	cosine	24.0	12.0	8.0	0.14184225406153772	0.26045348007935765
0.9764694386259771	cosine	24.0	4.0	0.0	0.26792425767179345	0.11264743725548343
-2.1183487284038836	cosine	24.0	16.0	8.0	0.38770175433269644	0.03965908586713749
-0.9775259436050397	cosine	24.0	20.0	16.0	0.2542566904654915	0.12492539106643724
-0.06039379313909551	cosine	24.0	12.0	16.0	0.508513380930983	0.01068384436354423
-0.9976457164814326	cosine	24.0	8.0	12.0	0.26792425767179345	0.11264743725548343
0.30392549977745675	cosine	24.0	16.0	12.0	0.41316712200642364	0.03074837886955296
-1.0749751643030543	cosine	24.0	8.0	20.0	0.5231388366621645	0.008951565507853972
-0.16744689209627936	cosine	24.0	0.0	4.0	0.3940062612820492	0.037277784955182205
0.8514322744126118	cosine	24.0	20.0	16.0	0.15891043154093218	0.2360104104586807
-0.812656926537979	cosine	24.0	4.0	8.0	0.33096525947692135	0.06708239491800405
0.7671220876206347	cosine	24.0	20.0	12.0	0.6048147367590064	0.0030976341623523166
-0.3328830813364856	cosine	24.0	0.0	4.0	0.26792425767179345	0.11264743725548343
0.23275695190945478	cosine	24.0	0.0	20.0	0.37518323968843365	0.044753897420978433
-1.1890487946619415	cosine	24.0	0.0	4.0	0.5831292666974328	0.004156084107205838
0.09578060518882972	cosine	24.0	4.0	0.0	0.42552676218461316	0.027061931661110435
-0.20114924111903193	cosine	24.0	20.0	16.0	0.15891043154093218	0.2360104104586807
-1.086402160960294	cosine	24.0	12.0	8.0	0.26792425767179345	0.11264743725548343
-0.19662135647249	cosine	24.0	4.0	16.0	0.41871789467931214	0.02904431653896035
-1.7888716161375704	cosine	24.0	8.0	12.0	0.5516087657948688	0.006271913590386279
1.6436249405467647	cosine	24.0	8.0	0.0	0.21885688981825296	0.16096491949833142
-0.3607990172888886	cosine	24.0	4.0	20.0	0.37518323968843365	0.044753897420978433
0.8566851181032243	cosine	24.0	0.0	20.0	0.43771377963650593	0.02379564823412834
0.41770513849497765	cosine	24.0	0.0	20.0	0.37518323968843365	0.044753897420978433
-1.8223420539125492	cosine	24.0	8.0	20.0	0.5539117094069977	0.006089982172122457
0.1986643669982847	cosine	24.0	0.0	20.0	0.31265269974036136	0.07853426938217861
-1.2749647326643634	cosine	24.0	0.0	16.0	0.31265269974036136	0.07853426938217861
1.4766338862297612	cosine	24.0	20.0	12.0	0.35668561398608073	0.053232974601062806
-1.2502116699248529	cosine	24.0	16.0	12.0	0.41316712200642364	0.03074837886955296
-0.6028799767916533	cosine	24.0	20.0	16.0	0.41316712200642364	0.03074837886955296
-0.40760992401589513	cosine	24.0	20.0	16.0	0.22247460415730505	0.1569979267286259
0.11773378137553374	cosine	24.0	20.0	8.0	0.40004734568283173	0.03510685701315916
-0.9874024147571229	cosine	24.0	8.0	0.0	0.5940401295066866	0.0035886947605967253
0.8448381120299969	cosine	24.0	0.0	20.0	0.37518323968843365	0.044753897420978433
-0.10342249239032035	cosine	24.0	12.0	8.0	0.4570472630871771	0.01929656018546278
-1.8862939960735707	cosine	24.0	12.0	8.0	0.2048832558666656	0.1768962477431396
0.021776588249748884	cosine	24.0	16.0	20.0	0.2860387767736779	0.0977376033412587
-0.6329122829286882	cosine	24.0	4.0	8.0	0.4570472630871771	0.01929656018546278
0.016419625559096263	cosine	24.0	8.0	4.0	0.33096525947692135	0.06708239491800405
0.0025697760969412555	cosine	24.0	4.0	0.0	0.520088264892305	0.009291071757416634
0.28319669497354893	cosine	24.0	0.0	20.0	0.37518323968843365	0.044753897420978433
0.1306389066612077	cosine	24.0	20.0	4.0	0.2501221597922891	0.12881724171626302
-1.3854051922069268	cosine	24.0	20.0	0.0	0.34391796971439753	0.05979464037584733
0.2896676756539868	cosine	24.0	8.0	12.0	0.5516087657948688	0.006271913590386279
-2.355626862212786	cosine	24.0	8.0	4.0	0.5831292666974328	0.004156084107205838
0.6117857049897114	cosine	24.0	8.0	0.0	0.28138742976632525	0.10142035953841916
0.7456024515832533	cosine	24.0	20.0	12.0	0.325669473639465	0.07025277592236653
-0.39719830965314606	cosine	24.0	16.0	20.0	0.31782086308186436	0.07516173316558697
2.447439930276111	cosine	24.0	20.0	12.0	0.1395726315597707	0.26379925819755046
-0.35390137606363226	cosine	24.0	0.0	4.0	0.520088264892305	0.009291071757416634
-0.1823029694708135	cosine	24.0	8.0	4.0	0.26792425767179345	0.11264743725548343
1.268880443781712	cosine	24.0	4.0	12.0	0.34391796971439753	0.05979464037584733
-0.22293181325408495	cosine	24.0	12.0	8.0	0.4570472630871771	0.01929656018546278
-2.7607416872829154	cosine	24.0	12.0	0.0	0.542782456065775	0.007014531725125648
-0.3529986810528247	cosine	24.0	0.0	20.0	0.2501221597922891	0.12881724171626302
-0.8879796848614855	cosine	24.0	20.0	8.0	0.3077287274483321	0.08185299552131142
-0.27962921876425717	cosine	24.0	20.0	0.0	0.40644850966246976	0.03292085287309089
0.2995780048055575	cosine	24.0	4.0	0.0	0.3940062612820492	0.037277784955182205
-1.3268507749380116	cosine	24.0	16.0	4.0	0.35668561398608073	0.053232974601062806
-0.7394366672730246	cosine	24.0	4.0	0.0	0.26792425767179345	0.11264743725548343
-1.9433165188559507	cosine	24.0	8.0	20.0	0.3692744729379985	0.04733536431232824
1.1902328034836867	cosine	24.0	20.0	12.0	0.38770175433269644	0.03965908586713749
-0.444044432893544	cosine	24.0	8.0	4.0	0.3940062612820492	0.037277784955182205
-0.017589026478375798	cosine	24.0	16.0	12.0	0.2542566904654915	0.12492539106643724
0.5176441063362389	cosine	24.0	12.0	4.0	0.40644850966246976	0.03292085287309089
1.4406324827155779	cosine	24.0	16.0	0.0	0.5940401295066866	0.0035886947605967253
-0.2667710848777861	cosine	24.0	4.0	12.0	0.5002443195845782	0.011787064559833655
0.4871357980172868	cosine	24.0	0.0	20.0	0.5315095895586144	0.008075181454718987
1.913571691638137	cosine	24.0	20.0	4.0	0.2501221597922891	0.12881724171626302
-0.5414449917154279	cosine	24.0	16.0	12.0	0.31782086308186436	0.07516173316558697
0.8856879594804076	cosine	24.0	16.0	4.0	0.35668561398608073	0.053232974601062806
1.53041768628302	cosine	24.0	0.0	20.0	0.31265269974036136	0.07853426938217861
-0.7595858223170007	cosine	24.0	16.0	12.0	0.12712834523274574	0.282525295751344
2.0310635994170374	cosine	24.0	8.0	4.0	0.2048832558666656	0.1768962477431396
-1.1957939305633698	cosine	24.0	20.0	0.0	0.31265269974036136	0.07853426938217861
-0.3339061204798343	cosine	24.0	16.0	12.0	0.38138503569823723	0.042167604419924586
-0.9802537751410697	cosine	24.0	12.0	16.0	0.4449492083146101	0.022018113736134944
1.2709888747263776	cosine	24.0	8.0	12.0	0.36248576037948527	0.05044712112711767
-1.5755179278168747	cosine	24.0	4.0	12.0	0.40644850966246976	0.03292085287309089
-0.4104869421436747	cosine	24.0	12.0	4.0	0.37518323968843365	0.044753897420978433
-0.4496085956772195	cosine	24.0	20.0	8.0	0.5539117094069977	0.006089982172122457
-2.4975329207028034	cosine	24.0	16.0	4.0	0.20160491225300214	0.18077354211323055
-0.4443021943604738	cosine	24.0	16.0	12.0	0.34960294939005077	0.05679866795607516
-0.5484669814753357	cosine	24.0	8.0	16.0	0.44973403502592785	0.02090527421057417
-0.9546740253682969	cosine	24.0	20.0	16.0	0.2860387767736779	0.0977376033412587
1.3072201986950602	cosine	24.0	20.0	16.0	0.6992058987801015	0.0007768612113157386
1.2576028844611586	cosine	24.0	16.0	8.0	0.41871789467931214	0.02904431653896035
-1.6048370535411012	cosine	24.0	0.0	4.0	0.3940062612820492	0.037277784955182205
0.2507362522400747	cosine	24.0	4.0	0.0	0.4570472630871771	0.01929656018546278
1.0281190930934776	cosine	24.0	8.0	4.0	0.2994447585743574	0.08767317792776053
1.2527758143012306	cosine	24.0	8.0	12.0	0.2994447585743574	0.08767317792776053
0.4285468704371158	cosine	24.0	8.0	4.0	0.33096525947692135	0.06708239491800405
0.44040219157152205	cosine	24.0	4.0	20.0	0.40644850966246976	0.03292085287309089
-1.0018379254889263	cosine	24.0	12.0	4.0	0.28138742976632525	0.10142035953841916
-0.8039527117544139	cosine	24.0	20.0	16.0	0.41316712200642364	0.03074837886955296
0.10218981082273448	cosine	24.0	0.0	4.0	0.7092112703076886	0.0006642756623393738
1.132640547409059	cosine	24.0	20.0	0.0	0.21885688981825296	0.16096491949833142
0.2019120970316066	cosine	24.0	4.0	12.0	0.34391796971439753	0.05979464037584733
-0.5156730114608018	cosine	24.0	4.0	8.0	0.520088264892305	0.009291071757416634
0.10623886894574179	cosine	24.0	16.0	20.0	0.22247460415730505	0.1569979267286259
0.7629792709615555	cosine	24.0	0.0	4.0	0.520088264892305	0.009291071757416634
1.7709241347980194	cosine	24.0	20.0	0.0	0.28138742976632525	0.10142035953841916
0.6190894992030725	cosine	24.0	0.0	4.0	0.36248576037948527	0.05044712112711767
-0.07912025010775547	cosine	24.0	0.0	4.0	0.33096525947692135	0.06708239491800405
-1.6236955068790673	cosine	24.0	16.0	12.0	0.41316712200642364	0.03074837886955296
0.5237580780065231	cosine	24.0	16.0	12.0	0.4767312946227965	0.015480063791539503
0.7063902773260113	cosine	24.0	16.0	12.0	0.41316712200642364	0.03074837886955296
0.3425383819417666	cosine	24.0	4.0	20.0	0.2501221597922891	0.12881724171626302
0.17102256799480411	cosine	24.0	8.0	4.0	0.2994447585743574	0.08767317792776053
-0.12108627048808145	cosine	24.0	20.0	0.0	0.31265269974036136	0.07853426938217861
0.10071976741996515	cosine	24.0	4.0	8.0	0.36248576037948527	0.05044712112711767
0.2612270355803306	cosine	24.0	8.0	16.0	0.5737985964123907	0.004703590814103545
1.3342495412164113	cosine	24.0	12.0	20.0	0.41871789467931214	0.02904431653896035
1.7192644479255488	cosine	24.0	12.0	4.0	0.5627748595326505	0.005432675743650132
-0.8320211015364409	cosine	24.0	20.0	16.0	0.6992058987801015	0.0007768612113157386
0.17757036275766383	cosine	24.0	4.0	16.0	0.5117663157191593	0.010275152505006458
2.075458102481361	cosine	24.0	4.0	8.0	0.42552676218461316	0.027061931661110435
-0.17653886927822485	cosine	24.0	20.0	16.0	0.31782086308186436	0.07516173316558697
1.4746741556031042	cosine	24.0	0.0	4.0	0.2048832558666656	0.1768962477431396
0.12766920572258406	cosine	24.0	20.0	0.0	0.31265269974036136	0.07853426938217861
1.0962993720980174	cosine	24.0	12.0	16.0	0.2860387767736779	0.0977376033412587
-0.8094232057067307	cosine	24.0	16.0	12.0	0.38138503569823723	0.042167604419924586
1.2056721593825455	cosine	24.0	12.0	20.0	0.38770175433269644	0.03965908586713749
0.10493945238475146	cosine	24.0	4.0	12.0	0.37518323968843365	0.044753897420978433
-1.0240041713122625	cosine	24.0	4.0	0.0	0.33096525947692135	0.06708239491800405
0.3591963024126348	cosine	24.0	0.0	4.0	0.33096525947692135	0.06708239491800405
-0.8843869950523036	cosine	24.0	8.0	16.0	0.35668561398608073	0.053232974601062806
0.12438126465298635	cosine	24.0	4.0	20.0	0.6253053994807227	0.0023274023270582257
0.3550656979771354	cosine	24.0	0.0	4.0	0.36248576037948527	0.05044712112711767
-0.7898609945461499	cosine	24.0	0.0	12.0	0.35668561398608073	0.053232974601062806
-2.649329506420342	cosine	24.0	12.0	16.0	0.38138503569823723	0.042167604419924586
-0.33377483170888345	cosine	24.0	0.0	12.0	0.325669473639465	0.07025277592236653
-1.0286835099112384	cosine	24.0	20.0	0.0	0.37518323968843365	0.044753897420978433
-0.9127573552712048	cosine	24.0	12.0	20.0	0.5737985964123907	0.004703590814103545
0.28996015917295637	cosine	24.0	12.0	16.0	0.34960294939005077	0.05679866795607516
0.9986130247915619	cosine	24.0	12.0	4.0	0.5315095895586144	0.008075181454718987
0.7616821092625048	cosine	24.0	20.0	8.0	0.5231388366621645	0.008951565507853972
-0.13066481315434728	cosine	24.0	20.0	8.0	0.3385016001931653	0.06276288318311772
-1.4614085522622526	cosine	24.0	4.0	0.0	0.36248576037948527	0.05044712112711767
-0.7666004316727408	cosine	24.0	8.0	12.0	0.520088264892305	0.009291071757416634
1.626465588660724	cosine	24.0	12.0	20.0	0.29465333329284926	0.09117756893125428
-0.7913740361997318	cosine	24.0	8.0	4.0	0.488567763989741	0.013512582066973257
-0.13740781418774278	cosine	24.0	12.0	16.0	0.508513380930983	0.01068384436354423
-1.977308757472602	cosine	24.0	8.0	4.0	0.520088264892305	0.009291071757416634
2.4699964527076252	cosine	24.0	0.0	8.0	0.46897904961054204	0.016897895516253123
-1.1371775767271677	cosine	24.0	16.0	12.0	0.2860387767736779	0.0977376033412587
-0.3647604489275598	cosine	24.0	16.0	8.0	0.5117663157191593	0.010275152505006458
-1.5612048459761483	cosine	24.0	12.0	8.0	0.17336275496410164	0.21634316011970334
0.510898942078968	cosine	24.0	4.0	0.0	0.3940062612820492	0.037277784955182205
-1.1034935950186533	cosine	24.0	16.0	12.0	0.31782086308186436	0.07516173316558697
0.8661337306845325	cosine	24.0	16.0	20.0	0.5402954672391693	0.0072373318982772135
-0.1823912057955607	cosine	24.0	4.0	8.0	0.42552676218461316	0.027061931661110435
1.0086343649916238	cosine	24.0	12.0	8.0	0.42552676218461316	0.027061931661110435
-0.03582046007397967	cosine	24.0	16.0	0.0	0.21885688981825296	0.16096491949833142
-0.5659920976754275	cosine	24.0	12.0	0.0	0.44973403502592785	0.02090527421057417
-0.11561211622435796	cosine	24.0	20.0	8.0	0.584684582151831	0.004070583044510975
-0.25287966957829494	cosine	24.0	20.0	0.0	0.37518323968843365	0.044753897420978433
-0.36572966756344594	cosine	24.0	16.0	20.0	0.4449492083146101	0.022018113736134944
2.874197992551749	cosine	24.0	12.0	16.0	0.5402954672391693	0.0072373318982772135
-0.8945919607131759	cosine	24.0	8.0	0.0	0.37518323968843365	0.044753897420978433
1.1254674924944228	cosine	24.0	12.0	8.0	0.2994447585743574	0.08767317792776053
-0.14366951071086115	cosine	24.0	16.0	20.0	0.2542566904654915	0.12492539106643724
0.3231445759835766	cosine	24.0	20.0	8.0	0.43082021842766494	0.02559992123005601
1.192357158523633	cosine	24.0	8.0	4.0	0.42552676218461316	0.027061931661110435
-0.3918787451332508	cosine	24.0	4.0	8.0	0.3940062612820492	0.037277784955182205
0.14100246659446986	cosine	24.0	20.0	16.0	0.31782086308186436	0.07516173316558697
-1.0478502506298013	cosine	24.0	20.0	0.0	0.5002443195845782	0.011787064559833655
0.5765047151787683	cosine	24.0	4.0	12.0	0.43771377963650593	0.02379564823412834
-0.09166041884863144	cosine	24.0	4.0	0.0	0.5831292666974328	0.004156084107205838
-1.4378381181835607	cosine	24.0	0.0	20.0	0.5627748595326505	0.005432675743650132
0.896033753994129	cosine	24.0	20.0	8.0	0.6770032003863306	0.0010920931144948432
-1.3583663319962593	cosine	24.0	4.0	8.0	0.17336275496410164	0.21634316011970334
1.1599333092861341	cosine	24.0	8.0	12.0	0.36248576037948527	0.05044712112711767
-1.2541158925166764	cosine	24.0	0.0	12.0	0.325669473639465	0.07025277592236653
-1.472163061793136	cosine	24.0	12.0	16.0	0.41316712200642364	0.03074837886955296
-0.8228776259290976	cosine	24.0	8.0	16.0	0.26363719294623356	0.11640217218244758
-1.346185598505961	cosine	24.0	0.0	12.0	0.20160491225300214	0.18077354211323055
2.373460751952795	cosine	24.0	20.0	0.0	0.37518323968843365	0.044753897420978433
0.062387285468026375	cosine	24.0	20.0	8.0	0.3077287274483321	0.08185299552131142
-1.509396917764246	cosine	24.0	20.0	0.0	0.34391796971439753	0.05979464037584733
0.12658980600451525	cosine	24.0	20.0	16.0	0.34960294939005077	0.05679866795607516
-0.047934531717284914	cosine	24.0	0.0	20.0	0.5002443195845782	0.011787064559833655
1.5641216287486	cosine	24.0	8.0	0.0	0.37518323968843365	0.044753897420978433
-0.4966082654662735	cosine	24.0	8.0	0.0	0.031265269974036135	0.4437374857775104
0.7307656532477367	cosine	24.0	20.0	16.0	0.2542566904654915	0.12492539106643724
0.9616294122217995	cosine	24.0	0.0	20.0	0.28138742976632525	0.10142035953841916
-0.1354933389457166	cosine	24.0	20.0	0.0	0.28138742976632525	0.10142035953841916
0.17573064320432547	cosine	24.0	12.0	0.0	0.26363719294623356	0.11640217218244758
1.3548721525369205	cosine	24.0	20.0	16.0	0.19069251784911861	0.19405940885016393
0.34619942283882493	cosine	24.0	20.0	16.0	0.5402954672391693	0.0072373318982772135
0.5812011099928637	cosine	24.0	8.0	12.0	0.488567763989741	0.013512582066973257
1.683644884501799	cosine	24.0	8.0	16.0	0.108556491213155	0.31160584178390943
-0.9025096176149192	cosine	24.0	16.0	8.0	0.26363719294623356	0.11640217218244758
1.849481313642263	cosine	24.0	8.0	16.0	0.5737985964123907	0.004703590814103545
0.3516703240751117	cosine	24.0	0.0	20.0	0.28138742976632525	0.10142035953841916
-0.1212479044804691	cosine	24.0	16.0	12.0	0.34960294939005077	0.05679866795607516
-0.38096163298495805	cosine	24.0	8.0	4.0	0.26792425767179345	0.11264743725548343
-0.8504647661831798	cosine	24.0	8.0	16.0	0.41871789467931214	0.02904431653896035
0.22464949716790442	cosine	24.0	20.0	16.0	0.6038596398555423	0.0031385812005819934
1.2412154613271174	cosine	24.0	16.0	20.0	0.34960294939005077	0.05679866795607516
-0.5296317426707453	cosine	24.0	12.0	8.0	0.26792425767179345	0.11264743725548343
-2.000776833155087	cosine	24.0	4.0	0.0	0.520088264892305	0.009291071757416634
-1.7746972778707641	cosine	24.0	4.0	0.0	0.3940062612820492	0.037277784955182205
-0.15640373784953807	cosine	24.0	16.0	12.0	0.38138503569823723	0.042167604419924586
-0.4041923296807328	cosine	24.0	12.0	0.0	0.23262105259961785	0.14621780365458337
-0.4490020235899529	cosine	24.0	12.0	8.0	0.2994447585743574	0.08767317792776053
0.2077208252995913	cosine	24.0	12.0	16.0	0.38138503569823723	0.042167604419924586
-0.8443544994218599	cosine	24.0	12.0	16.0	0.5720775535473558	0.004811332704071246
1.016845819435629	cosine	24.0	4.0	0.0	0.33096525947692135	0.06708239491800405
1.0361018976776155	cosine	24.0	0.0	20.0	0.34391796971439753	0.05979464037584733
-0.9478198117211311	cosine	24.0	0.0	20.0	0.5940401295066866	0.0035886947605967253
-0.8390128190996519	cosine	24.0	16.0	12.0	0.2860387767736779	0.0977376033412587
-0.7116251210743354	cosine	24.0	12.0	8.0	0.3940062612820492	0.037277784955182205
0.12328120053865142	cosine	24.0	20.0	0.0	0.31265269974036136	0.07853426938217861
-1.4032962423981863	cosine	24.0	12.0	20.0	0.5117663157191593	0.010275152505006458
0.3119080199386891	cosine	24.0	12.0	16.0	0.2542566904654915	0.12492539106643724
-0.49222182187109526	cosine	24.0	16.0	20.0	0.22247460415730505	0.1569979267286259
1.318752697055845	cosine	24.0	4.0	0.0	0.42552676218461316	0.027061931661110435
-1.0141611847314644	cosine	24.0	12.0	8.0	0.4570472630871771	0.01929656018546278
-0.8690985322125133	cosine	24.0	16.0	20.0	0.31782086308186436	0.07516173316558697
0.3904874480057047	cosine	24.0	0.0	16.0	0.6253053994807227	0.0023274023270582257
0.02923680078395716	cosine	24.0	8.0	0.0	0.5002443195845782	0.011787064559833655
0.09736838501322614	cosine	24.0	20.0	16.0	0.508513380930983	0.01068384436354423
0.21199550580369295	cosine	24.0	4.0	16.0	0.542782456065775	0.007014531725125648
-1.5704402359585117	cosine	24.0	12.0	20.0	0.35668561398608073	0.053232974601062806
-0.055740494251259036	cosine	24.0	12.0	16.0	0.4767312946227965	0.015480063791539503
0.73640091940292	cosine	24.0	4.0	8.0	0.36248576037948527	0.05044712112711767
0.7629961092328359	cosine	24.0	4.0	0.0	0.3940062612820492	0.037277784955182205
0.701879325105767	cosine	24.0	4.0	20.0	0.5627748595326505	0.005432675743650132
-0.45646075617177395	cosine	24.0	0.0	4.0	0.6776907694051246	0.001080787662488592
-0.7537273993550516	cosine	24.0	0.0	4.0	0.488567763989741	0.013512582066973257
1.6236404960682407	cosine	24.0	20.0	16.0	0.31782086308186436	0.07516173316558697
0.38255917099049586	cosine	24.0	4.0	12.0	0.2501221597922891	0.12881724171626302
1.023904220942657	cosine	24.0	12.0	8.0	0.2048832558666656	0.1768962477431396
-0.5406014266384341	cosine	24.0	8.0	16.0	0.38770175433269644	0.03965908586713749
-0.45559868746737353	cosine	24.0	12.0	8.0	0.07880125225640984	0.3606815004067642
1.1894274924859882	cosine	24.0	8.0	12.0	0.26792425767179345	0.11264743725548343
-0.20827933142955643	cosine	24.0	4.0	8.0	0.6146497675999968	0.002703128848699784
-1.6702146122116255	cosine	24.0	20.0	16.0	0.2860387767736779	0.0977376033412587
1.0060488310518574	cosine	24.0	0.0	4.0	0.6461702685025607	0.001725440175873364
1.4020669482826225	cosine	24.0	12.0	8.0	0.11032175315897377	0.30878653769005726
0.8446095698745556	cosine	24.0	4.0	8.0	0.33096525947692135	0.06708239491800405
-1.30149155012936	cosine	24.0	12.0	4.0	0.28138742976632525	0.10142035953841916
-1.022141676766953	cosine	24.0	4.0	12.0	0.5002443195845782	0.011787064559833655
-1.1159405747148945	cosine	24.0	20.0	8.0	0.3385016001931653	0.06276288318311772
-0.1348011047083759	cosine	24.0	16.0	8.0	0.38770175433269644	0.03965908586713749
-0.7100205941384392	cosine	24.0	16.0	0.0	0.31265269974036136	0.07853426938217861
-1.5736996443069742	cosine	24.0	0.0	4.0	0.488567763989741	0.013512582066973257
0.5588764053380841	cosine	24.0	16.0	20.0	0.34960294939005077	0.05679866795607516
0.14536518383545496	cosine	24.0	12.0	16.0	0.41316712200642364	0.03074837886955296
0.24816933337756886	cosine	24.0	16.0	12.0	0.2542566904654915	0.12492539106643724
0.7212440628991746	cosine	24.0	12.0	16.0	0.22247460415730505	0.1569979267286259
1.0872337488254586	cosine	24.0	16.0	20.0	0.41316712200642364	0.03074837886955296
0.2750260666092857	cosine	24.0	16.0	8.0	0.29465333329284926	0.09117756893125428
-1.089403358160439	cosine	24.0	8.0	20.0	0.46159309117249814	0.018350598749125858
0.6794234372525749	cosine	24.0	16.0	12.0	0.2860387767736779	0.0977376033412587
-1.3009781971849521	cosine	24.0	0.0	12.0	0.41871789467931214	0.02904431653896035
0.09595212980291098	cosine	24.0	4.0	8.0	0.26792425767179345	0.11264743725548343
1.5088064584040206	cosine	24.0	16.0	12.0	0.15891043154093218	0.2360104104586807
-0.2128122380972732	cosine	24.0	20.0	0.0	0.15632634987018068	0.23962792898088553
-0.32383958392660733	cosine	24.0	4.0	0.0	0.2994447585743574	0.08767317792776053
0.1530988318219834	cosine	24.0	20.0	8.0	0.5231388366621645	0.008951565507853972
-1.0212454976294023	cosine	24.0	8.0	12.0	0.6461702685025607	0.001725440175873364
-1.2112073243640686	cosine	24.0	8.0	4.0	0.2364037567692295	0.1423291682149232
0.14335237811695895	cosine	24.0	20.0	12.0	0.41871789467931214	0.02904431653896035
-0.5205245527092751	cosine	24.0	8.0	4.0	0.2994447585743574	0.08767317792776053
-0.14261595625953033	cosine	24.0	16.0	12.0	0.41316712200642364	0.03074837886955296
-0.2618210100152821	cosine	24.0	12.0	4.0	0.40644850966246976	0.03292085287309089
1.6874760468098626	cosine	24.0	4.0	12.0	0.18759161984421682	0.1979406704679717
-1.6423830532681714	cosine	24.0	8.0	4.0	0.5831292666974328	0.004156084107205838
-2.03317707043208	cosine	24.0	16.0	12.0	0.41316712200642364	0.03074837886955296
-1.2203086114167243	cosine	24.0	0.0	16.0	0.5315095895586144	0.008075181454718987
-2.163970778613371	cosine	24.0	16.0	20.0	0.19069251784911861	0.19405940885016393
0.8928396879808351	cosine	24.0	16.0	20.0	0.41316712200642364	0.03074837886955296
0.5141355034177088	cosine	24.0	20.0	0.0	0.34391796971439753	0.05979464037584733
0.0934863605238515	cosine	24.0	16.0	4.0	0.5117663157191593	0.010275152505006458
2.2779884620329445	cosine	24.0	20.0	12.0	0.35668561398608073	0.053232974601062806
-1.7896602877137917	cosine	24.0	8.0	4.0	0.2048832558666656	0.1768962477431396
-0.10293940079841409	cosine	24.0	20.0	4.0	0.34391796971439753	0.05979464037584733
1.170982567687175	cosine	24.0	4.0	8.0	0.33096525947692135	0.06708239491800405
-0.5241175344914394	cosine	24.0	0.0	20.0	0.2501221597922891	0.12881724171626302
0.8946203957246561	cosine	24.0	12.0	8.0	0.33096525947692135	0.06708239491800405
-1.6389534513571724	cosine	24.0	12.0	20.0	0.41871789467931214	0.02904431653896035
0.5685132476738577	cosine	24.0	12.0	16.0	0.4449492083146101	0.022018113736134944
0.10429707111412809	cosine	24.0	4.0	0.0	0.2364037567692295	0.1423291682149232
-0.07939949479269541	cosine	24.0	0.0	20.0	0.31265269974036136	0.07853426938217861
-0.7784567215790072	cosine	24.0	4.0	0.0	0.36248576037948527	0.05044712112711767
0.8801479037150365	cosine	24.0	20.0	0.0	0.21885688981825296	0.16096491949833142
0.5491776810723963	cosine	24.0	16.0	20.0	0.31782086308186436	0.07516173316558697
0.046588598777354204	cosine	24.0	16.0	20.0	0.34960294939005077	0.05679866795607516
1.137013853642649	cosine	24.0	8.0	12.0	0.36248576037948527	0.05044712112711767
1.0425233603999278	cosine	24.0	8.0	4.0	0.33096525947692135	0.06708239491800405
-0.249349362175973	cosine	24.0	20.0	0.0	0.18759161984421682	0.1979406704679717
-0.8213193566913258	cosine	24.0	20.0	0.0	0.15632634987018068	0.23962792898088553
0.36170548510197653	cosine	24.0	4.0	0.0	0.2364037567692295	0.1423291682149232
-0.22397744127464406	cosine	24.0	8.0	12.0	0.26792425767179345	0.11264743725548343
-0.544664590710555	cosine	24.0	20.0	16.0	0.4767312946227965	0.015480063791539503
-0.1393643855234644	cosine	24.0	20.0	0.0	0.34391796971439753	0.05979464037584733
1.056396157458957	cosine	24.0	0.0	8.0	0.09379580992210841	0.3356006186019033
0.1101869973195214	cosine	24.0	16.0	12.0	0.22247460415730505	0.1569979267286259
-0.09264095024988475	cosine	24.0	16.0	0.0	0.34391796971439753	0.05979464037584733
-1.697874356260289	cosine	24.0	20.0	0.0	0.2501221597922891	0.12881724171626302
-0.2686026690034523	cosine	24.0	4.0	0.0	0.5516087657948688	0.006271913590386279
-2.3810708003416674	cosine	24.0	8.0	12.0	0.42552676218461316	0.027061931661110435
-0.6535032069847312	cosine	24.0	20.0	0.0	0.40644850966246976	0.03292085287309089
0.9158727185834746	cosine	24.0	12.0	16.0	0.5402954672391693	0.0072373318982772135
-0.2468282816843091	cosine	24.0	12.0	16.0	0.38138503569823723	0.042167604419924586
-0.46506225799183476	cosine	24.0	8.0	12.0	0.33096525947692135	0.06708239491800405
-0.990763844227586	cosine	24.0	0.0	20.0	0.5002443195845782	0.011787064559833655
-0.3882221249452798	cosine	24.0	4.0	16.0	0.44973403502592785	0.02090527421057417
0.06334571635085538	cosine	24.0	8.0	12.0	0.5831292666974328	0.004156084107205838
-0.0820225786777182	cosine	24.0	20.0	8.0	0.6462303276414973	0.001723933898960118
0.6910462353380264	cosine	24.0	20.0	16.0	0.34960294939005077	0.05679866795607516
-0.5248186433757728	cosine	24.0	8.0	20.0	0.49236596391733134	0.012928792206995913
-1.2737911942549394	cosine	24.0	12.0	8.0	0.2994447585743574	0.08767317792776053
0.5342734542704803	cosine	24.0	16.0	20.0	0.41316712200642364	0.03074837886955296
1.3245729249006644	cosine	24.0	0.0	4.0	0.3940062612820492	0.037277784955182205
0.23210941490498085	cosine	24.0	20.0	8.0	0.24618298195866567	0.13260270265321483
-0.41816859612670154	cosine	24.0	4.0	12.0	0.46897904961054204	0.016897895516253123
-0.42249712463854766	cosine	24.0	12.0	16.0	0.38138503569823723	0.042167604419924586
-0.44525734088800145	cosine	24.0	16.0	8.0	0.325669473639465	0.07025277592236653
-0.17114790326592924	cosine	24.0	12.0	16.0	0.31782086308186436	0.07516173316558697
0.37071516157032375	cosine	24.0	8.0	4.0	0.33096525947692135	0.06708239491800405
0.31308494089147637	cosine	24.0	4.0	20.0	0.43771377963650593	0.02379564823412834
1.2064261934164793	cosine	24.0	12.0	16.0	0.19069251784911861	0.19405940885016393
0.5878811172723535	cosine	24.0	8.0	12.0	0.488567763989741	0.013512582066973257
1.1634581862047768	cosine	24.0	4.0	8.0	0.3940062612820492	0.037277784955182205
0.21108918117519057	cosine	24.0	20.0	16.0	0.2542566904654915	0.12492539106643724
-0.07880241570458642	cosine	24.0	20.0	0.0	0.37518323968843365	0.044753897420978433
-0.29092563077589517	cosine	24.0	8.0	12.0	0.42552676218461316	0.027061931661110435
1.4169836133271985	cosine	24.0	4.0	8.0	0.2364037567692295	0.1423291682149232
2.0861158219964997	cosine	24.0	20.0	0.0	0.5002443195845782	0.011787064559833655
-0.17879677961112478	cosine	24.0	20.0	0.0	0.34391796971439753	0.05979464037584733
1.6966600475257159	cosine	24.0	20.0	8.0	0.18463723646899924	0.20168182460565853
-0.6591971071077372	cosine	24.0	12.0	20.0	0.5117663157191593	0.010275152505006458
0.8648691247464643	cosine	24.0	16.0	20.0	0.19069251784911861	0.19405940885016393
-0.24255546782732873	cosine	24.0	20.0	0.0	0.31265269974036136	0.07853426938217861
0.8666047362911107	cosine	24.0	0.0	8.0	0.34391796971439753	0.05979464037584733
-0.14086481894735353	cosine	24.0	8.0	12.0	0.07880125225640984	0.3606815004067642
2.112172495963671	cosine	24.0	12.0	20.0	0.325669473639465	0.07025277592236653
1.4496972855404746	cosine	24.0	4.0	8.0	0.26792425767179345	0.11264743725548343
0.8869331842391517	cosine	24.0	20.0	0.0	0.37518323968843365	0.044753897420978433
-0.004700856000173456	cosine	24.0	16.0	8.0	0.48075017537254355	0.014786104244078217
0.6100936268226838	cosine	24.0	12.0	4.0	0.5315095895586144	0.008075181454718987
-1.599853225626339	cosine	24.0	20.0	16.0	0.15891043154093218	0.2360104104586807
-0.9155928922984273	cosine	24.0	20.0	4.0	0.28138742976632525	0.10142035953841916
1.3434135387348631	cosine	24.0	0.0	20.0	0.2501221597922891	0.12881724171626302
1.5192107647562783	cosine	24.0	4.0	0.0	0.5831292666974328	0.004156084107205838
-0.3767715701021597	cosine	24.0	8.0	0.0	0.37518323968843365	0.044753897420978433
-0.3936242228305447	cosine	24.0	16.0	0.0	0.46897904961054204	0.016897895516253123
-0.5119152313000589	cosine	24.0	4.0	12.0	0.6565706694547588	0.001481745846560898
-0.30672391926201426	cosine	24.0	0.0	4.0	0.488567763989741	0.013512582066973257
-2.147891165174923	cosine	24.0	20.0	16.0	0.12712834523274574	0.282525295751344
0.02973960212792428	cosine	24.0	20.0	16.0	0.4449492083146101	0.022018113736134944
1.0380110927663009	cosine	24.0	16.0	20.0	0.2542566904654915	0.12492539106643724
0.9840267445850523	cosine	24.0	4.0	8.0	0.36248576037948527	0.05044712112711767
0.854150225957104	cosine	24.0	4.0	12.0	0.18759161984421682	0.1979406704679717
-1.3201690826771666	cosine	24.0	16.0	20.0	0.508513380930983	0.01068384436354423
0.27887889788259623	cosine	24.0	4.0	8.0	0.33096525947692135	0.06708239491800405
-1.4136532174076266	cosine	24.0	0.0	16.0	0.5002443195845782	0.011787064559833655
0.8456955981351554	cosine	24.0	0.0	4.0	0.33096525947692135	0.06708239491800405
0.08861914754042681	cosine	24.0	8.0	12.0	0.488567763989741	0.013512582066973257
-1.0336266988120546	cosine	24.0	12.0	16.0	0.2860387767736779	0.0977376033412587
0.05358294109970456	cosine	24.0	12.0	20.0	0.35668561398608073	0.053232974601062806
-0.053943810298342665	cosine	24.0	20.0	16.0	0.19069251784911861	0.19405940885016393
1.5672914864014418	cosine	24.0	4.0	0.0	0.6461702685025607	0.001725440175873364
1.2775436806869198	cosine	24.0	16.0	8.0	0.5737985964123907	0.004703590814103545
