ID	Waveform	Period	Phase	Nadir	Tau	P
1.2554982045313505	cosine	24.0	20.0	16.0	0.2860387767736779	0.0977376033412587
2.093063975731137	cosine	24.0	8.0	16.0	0.38770175433269644	0.03965908586713749
0.09716864302375364	cosine	24.0	16.0	12.0	0.41316712200642364	0.03074837886955296
1.3743930530511521	cosine	24.0	12.0	16.0	0.38138503569823723	0.042167604419924586
0.5123301298491018	cosine	24.0	4.0	12.0	0.5940401295066866	0.0035886947605967253
-0.2030429694235507	cosine	24.0	12.0	8.0	0.33096525947692135	0.06708239491800405
-1.8709830655596889	cosine	24.0	4.0	8.0	0.2364037567692295	0.1423291682149232
1.1171807297500689	cosine	24.0	4.0	20.0	0.46897904961054204	0.016897895516253123
2.1032621928976742	cosine	24.0	16.0	0.0	0.40644850966246976	0.03292085287309089
-1.2765151273334265	cosine	24.0	4.0	8.0	0.26792425767179345	0.11264743725548343
0.03571675848435979	cosine	24.0	16.0	8.0	0.325669473639465	0.07025277592236653
-0.8167981857988188	cosine	24.0	0.0	20.0	0.5627748595326505	0.005432675743650132
-1.4214981238921445	cosine	24.0	8.0	12.0	0.26792425767179345	0.11264743725548343
0.3538242789434113	cosine	24.0	0.0	8.0	0.5002443195845782	0.011787064559833655
0.4553074214578761	cosine	24.0	12.0	8.0	0.17336275496410164	0.21634316011970334
0.7165631462741698	cosine	24.0	16.0	12.0	0.5402954672391693	0.0072373318982772135
-0.7397572701055017	cosine	24.0	8.0	4.0	0.2048832558666656	0.1768962477431396
-0.3583011419903641	cosine	24.0	16.0	20.0	0.2542566904654915	0.12492539106643724
1.5688018209609205	cosine	24.0	16.0	12.0	0.38138503569823723	0.042167604419924586
0.8043230972905323	cosine	24.0	20.0	16.0	0.34960294939005077	0.05679866795607516
0.8471573730751755	cosine	24.0	0.0	8.0	0.6878359394287951	0.0009259810947007011
-1.4579459248473163	cosine	24.0	4.0	0.0	0.3940062612820492	0.037277784955182205
-0.8052081688865953	cosine	24.0	0.0	20.0	0.40644850966246976	0.03292085287309089
0.49774218295388717	cosine	24.0	8.0	16.0	0.48075017537254355	0.014786104244078217
-1.8454073203757446	cosine	24.0	20.0	12.0	0.44973403502592785	0.02090527421057417
-0.7118925258055514	cosine	24.0	16.0	0.0	0.18759161984421682	0.1979406704679717
-1.3764630551012969	cosine	24.0	8.0	20.0	0.43082021842766494	0.02559992123005601
-0.30842421766995115	cosine	24.0	0.0	20.0	0.6878359394287951	0.0009259810947007011
1.2063953777679943	cosine	24.0	16.0	20.0	0.31782086308186436	0.07516173316558697
-0.1667221642185552	cosine	24.0	12.0	20.0	0.5117663157191593	0.010275152505006458
0.1547210201175767	cosine	24.0	0.0	20.0	0.43771377963650593	0.02379564823412834
0.7772581422221672	cosine	24.0	4.0	0.0	0.26792425767179345	0.11264743725548343
0.8677340278565192	cosine	24.0	20.0	16.0	0.4767312946227965	0.015480063791539503
-0.23916602766835798	cosine	24.0	16.0	20.0	0.4449492083146101	0.022018113736134944
0.9636826075396998	cosine	24.0	8.0	4.0	0.2364037567692295	0.1423291682149232
1.5243321308631255	cosine	24.0	12.0	20.0	0.5737985964123907	0.004703590814103545
-0.6197798880564763	cosine	24.0	0.0	16.0	0.43771377963650593	0.02379564823412834
-1.2720959259862195	cosine	24.0	12.0	8.0	0.3940062612820492	0.037277784955182205
-0.9274579243526079	cosine	24.0	0.0	4.0	0.36248576037948527	0.05044712112711767
-0.5002962570960734	cosine	24.0	0.0	4.0	0.33096525947692135	0.06708239491800405
0.7426878069966234	cosine	24.0	4.0	0.0	0.3940062612820492	0.037277784955182205
1.2632120960016644	cosine	24.0	20.0	0.0	0.28138742976632525	0.10142035953841916
0.6519688810797918	cosine	24.0	16.0	12.0	0.6674238124719151	0.0012612939717876347
0.9168816546122344	cosine	24.0	16.0	4.0	0.5737985964123907	0.004703590814103545
-1.2312888153877504	cosine	24.0	8.0	4.0	0.2364037567692295	0.1423291682149232
0.4764001998847417	cosine	24.0	8.0	0.0	0.40644850966246976	0.03292085287309089
-0.8628697984713597	cosine	24.0	8.0	0.0	0.6253053994807227	0.0023274023270582257
0.3769056461335096	cosine	24.0	0.0	16.0	0.5315095895586144	0.008075181454718987
1.0877859932344756	cosine	24.0	0.0	20.0	0.31265269974036136	0.07853426938217861
0.31777626203280823	cosine	24.0	8.0	12.0	0.4570472630871771	0.01929656018546278
0.419672533437889	cosine	24.0	12.0	16.0	0.508513380930983	0.01068384436354423
2.618526345723337	cosine	24.0	20.0	0.0	0.37518323968843365	0.044753897420978433
-1.0989050001991976	cosine	24.0	0.0	20.0	0.34391796971439753	0.05979464037584733
0.49053498089244446	cosine	24.0	0.0	8.0	0.28138742976632525	0.10142035953841916
0.20609004918027962	cosine	24.0	20.0	16.0	0.4449492083146101	0.022018113736134944
0.8483044728642793	cosine	24.0	20.0	0.0	0.31265269974036136	0.07853426938217861
-0.5269629391624391	cosine	24.0	8.0	20.0	0.3692744729379985	0.04733536431232824
2.7760644234482763	cosine	24.0	4.0	12.0	0.18759161984421682	0.1979406704679717
0.9652361082080052	cosine	24.0	20.0	4.0	0.40644850966246976	0.03292085287309089
-0.11758819148848433	cosine	24.0	8.0	0.0	0.5002443195845782	0.011787064559833655
0.7228876904414746	cosine	24.0	16.0	12.0	0.38138503569823723	0.042167604419924586
-0.32429397277034067	cosine	24.0	20.0	16.0	0.4449492083146101	0.022018113736134944
1.1178515615877251	cosine	24.0	8.0	0.0	0.5627748595326505	0.005432675743650132
-1.376816946223065	cosine	24.0	0.0	20.0	0.46897904961054204	0.016897895516253123
-1.6887116880042088	cosine	24.0	8.0	4.0	0.2994447585743574	0.08767317792776053
0.8876330654457829	cosine	24.0	8.0	12.0	0.4570472630871771	0.01929656018546278
-0.7783787883575906	cosine	24.0	0.0	8.0	0.5940401295066866	0.0035886947605967253
-1.0640153788747766	cosine	24.0	8.0	12.0	0.33096525947692135	0.06708239491800405
-0.03240368414323903	cosine	24.0	16.0	12.0	0.2860387767736779	0.0977376033412587
1.691403180481305	cosine	24.0	8.0	16.0	0.38770175433269644	0.03965908586713749
1.4863482285136858	cosine	24.0	16.0	12.0	0.4449492083146101	0.022018113736134944
1.8921363018593857	cosine	24.0	4.0	0.0	0.26792425767179345	0.11264743725548343
-0.03398270991373298	cosine	24.0	0.0	8.0	0.43771377963650593	0.02379564823412834
-0.36887011264215713	cosine	24.0	0.0	4.0	0.36248576037948527	0.05044712112711767
-0.15904146406087116	cosine	24.0	4.0	0.0	0.6461702685025607	0.001725440175873364
-0.13317425760996157	cosine	24.0	0.0	8.0	0.7503664793768673	0.00034189223478594356
-0.758640532530714	cosine	24.0	4.0	16.0	0.41871789467931214	0.02904431653896035
0.6285111282329451	cosine	24.0	16.0	20.0	0.2542566904654915	0.12492539106643724
-0.856609372770733	cosine	24.0	16.0	20.0	0.22247460415730505	0.1569979267286259
1.1443811877198762	cosine	24.0	0.0	16.0	0.2501221597922891	0.12881724171626302
-0.15308931573281645	cosine	24.0	16.0	20.0	0.31782086308186436	0.07516173316558697
-2.351515750020572	cosine	24.0	0.0	4.0	0.2994447585743574	0.08767317792776053
1.1574741164618376	cosine	24.0	8.0	12.0	0.6461702685025607	0.001725440175873364
-0.7864769430534987	cosine	24.0	4.0	16.0	0.23262105259961785	0.14621780365458337
-1.5015936850352438	cosine	24.0	16.0	8.0	0.325669473639465	0.07025277592236653
1.2762583377463481	cosine	24.0	16.0	8.0	0.20160491225300214	0.18077354211323055
0.9543735132777613	cosine	24.0	8.0	20.0	0.5231388366621645	0.008951565507853972
1.4002487767365006	cosine	24.0	12.0	16.0	0.38138503569823723	0.042167604419924586
-0.4307093672696931	cosine	24.0	4.0	0.0	0.3940062612820492	0.037277784955182205
0.09139892078759351	cosine	24.0	0.0	8.0	0.40644850966246976	0.03292085287309089
1.0206004078768909	cosine	24.0	4.0	8.0	0.36248576037948527	0.05044712112711767
0.420586847765936	cosine	24.0	16.0	20.0	0.508513380930983	0.01068384436354423
0.6747075879365095	cosine	24.0	8.0	12.0	0.11032175315897377	0.30878653769005726
0.8038365801469095	cosine	24.0	12.0	8.0	0.42552676218461316	0.027061931661110435
0.5556799951095309	cosine	24.0	4.0	0.0	0.3940062612820492	0.037277784955182205
1.6458623923235631	cosine	24.0	4.0	20.0	0.5627748595326505	0.005432675743650132
-0.5999372752032622	cosine	24.0	4.0	0.0	0.33096525947692135	0.06708239491800405
0.12399262269881953	cosine	24.0	16.0	12.0	0.2860387767736779	0.0977376033412587
-0.8425888821247928	cosine	24.0	8.0	20.0	0.584684582151831	0.004070583044510975
0.5645451703790162	cosine	24.0	16.0	0.0	0.7503664793768673	0.00034189223478594356
1.1637196040874305	cosine	24.0	16.0	12.0	0.5402954672391693	0.0072373318982772135
0.8258555218109986	cosine	24.0	16.0	4.0	0.26363719294623356	0.11640217218244758
-0.30083676814558885	cosine	24.0	12.0	16.0	0.4449492083146101	0.022018113736134944
0.2914123744121628	cosine	24.0	20.0	12.0	0.8529438595319322	5.6637130374794965e-05
0.6876126759532541	cosine	24.0	12.0	16.0	0.31782086308186436	0.07516173316558697
-1.0624992340095842	cosine	24.0	20.0	16.0	0.2860387767736779	0.0977376033412587
-0.40959052663011325	cosine	24.0	12.0	16.0	0.38138503569823723	0.042167604419924586
-0.6639542459872214	cosine	24.0	12.0	0.0	0.48075017537254355	0.014786104244078217
-0.6971546545793194	cosine	24.0	16.0	8.0	0.5117663157191593	0.010275152505006458
-1.1094001454015805	cosine	24.0	20.0	16.0	0.2542566904654915	0.12492539106643724
1.0298439631091396	cosine	24.0	20.0	8.0	0.3692744729379985	0.04733536431232824
-0.5241700722817437	cosine	24.0	16.0	12.0	0.2542566904654915	0.12492539106643724
0.6594907911993648	cosine	24.0	12.0	8.0	0.5516087657948688	0.006271913590386279
-0.6576944732526429	cosine	24.0	0.0	20.0	0.2501221597922891	0.12881724171626302
-1.565289155705435	cosine	24.0	4.0	0.0	0.3940062612820492	0.037277784955182205
2.3793837930677375	cosine	24.0	20.0	0.0	0.40644850966246976	0.03292085287309089
0.09570565320503639	cosine	24.0	12.0	16.0	0.4449492083146101	0.022018113736134944
-0.16896466065136403	cosine	24.0	4.0	12.0	0.34391796971439753	0.05979464037584733
-1.3818079109501316	cosine	24.0	16.0	12.0	0.2542566904654915	0.12492539106643724
2.0609758715968782	cosine	24.0	0.0	20.0	0.40644850966246976	0.03292085287309089
-0.4306385227812215	cosine	24.0	12.0	0.0	0.6048147367590064	0.0030976341623523166
0.8895519240673917	cosine	24.0	20.0	12.0	0.20160491225300214	0.18077354211323055
0.2272172478439687	cosine	24.0	12.0	16.0	0.38138503569823723	0.042167604419924586
-0.2723342944452453	cosine	24.0	8.0	12.0	0.2048832558666656	0.1768962477431396
-0.04077612041013375	cosine	24.0	12.0	8.0	0.6146497675999968	0.002703128848699784
-0.2646426856797464	cosine	24.0	16.0	12.0	0.2542566904654915	0.12492539106643724
0.6360833070999506	cosine	24.0	4.0	8.0	0.33096525947692135	0.06708239491800405
-0.33754774083442	cosine	24.0	4.0	12.0	0.12506107989614454	0.2856969100727392
0.34940169495236634	cosine	24.0	16.0	4.0	0.38770175433269644	0.03965908586713749
0.7020197587824409	cosine	24.0	4.0	0.0	0.2364037567692295	0.1423291682149232
-2.1988146061363802	cosine	24.0	12.0	16.0	0.22247460415730505	0.1569979267286259
-0.6587244339515125	cosine	24.0	12.0	8.0	0.5516087657948688	0.006271913590386279
-0.6651434988072297	cosine	24.0	0.0	12.0	0.35668561398608073	0.053232974601062806
0.5990485050306427	cosine	24.0	0.0	4.0	0.488567763989741	0.013512582066973257
0.01188819539866639	cosine	24.0	4.0	0.0	0.2364037567692295	0.1423291682149232
0.8358438487775496	cosine	24.0	12.0	16.0	0.31782086308186436	0.07516173316558697
0.7755573836883053	cosine	24.0	16.0	20.0	0.2542566904654915	0.12492539106643724
-1.123618921770581	cosine	24.0	16.0	20.0	0.4767312946227965	0.015480063791539503
-0.04468350929295421	cosine	24.0	8.0	0.0	0.46897904961054204	0.016897895516253123
-2.22043588000146	cosine	24.0	0.0	4.0	0.26792425767179345	0.11264743725548343
1.904532666800947	cosine	24.0	12.0	16.0	0.41316712200642364	0.03074837886955296
1.8628625088207316	cosine	24.0	4.0	0.0	0.33096525947692135	0.06708239491800405
-0.19374669383137957	cosine	24.0	12.0	8.0	0.3940062612820492	0.037277784955182205
-0.510876610812629	cosine	24.0	12.0	8.0	0.36248576037948527	0.05044712112711767
0.7030677688533711	cosine	24.0	8.0	4.0	0.36248576037948527	0.05044712112711767
1.2192501372400912	cosine	24.0	16.0	4.0	0.35668561398608073	0.053232974601062806
2.6075446895493726	cosine	24.0	8.0	16.0	0.29465333329284926	0.09117756893125428
-1.0011355886776319	cosine	24.0	16.0	20.0	0.2860387767736779	0.0977376033412587
-0.3555063934112734	cosine	24.0	16.0	0.0	0.43771377963650593	0.02379564823412834
-1.2395228933564966	cosine	24.0	0.0	20.0	0.31265269974036136	0.07853426938217861
0.505627348046477	cosine	24.0	20.0	16.0	0.34960294939005077	0.05679866795607516
0.2719538571281724	cosine	24.0	20.0	8.0	0.49236596391733134	0.012928792206995913
1.2271628473654506	cosine	24.0	8.0	20.0	0.49236596391733134	0.012928792206995913
0.5917896541917543	cosine	24.0	8.0	4.0	0.3940062612820492	0.037277784955182205
-0.46991837181669033	cosine	24.0	0.0	4.0	0.3940062612820492	0.037277784955182205
-0.4428212621984925	cosine	24.0	20.0	16.0	0.22247460415730505	0.1569979267286259
0.6571956844492883	cosine	24.0	4.0	8.0	0.2048832558666656	0.1768962477431396
0.3686805535594899	cosine	24.0	12.0	16.0	0.34960294939005077	0.05679866795607516
0.8556828890310998	cosine	24.0	0.0	16.0	0.37518323968843365	0.044753897420978433
0.6551004405471034	cosine	24.0	16.0	12.0	0.38138503569823723	0.042167604419924586
0.11956679954939264	cosine	24.0	0.0	12.0	0.5117663157191593	0.010275152505006458
-0.8544479561698554	cosine	24.0	8.0	4.0	0.36248576037948527	0.05044712112711767
-0.37498059042814774	cosine	24.0	20.0	0.0	0.2501221597922891	0.12881724171626302
-0.2182641090805131	cosine	24.0	8.0	16.0	0.325669473639465	0.07025277592236653
-0.6805574957447493	cosine	24.0	0.0	20.0	0.34391796971439753	0.05979464037584733
0.9731055046665507	cosine	24.0	12.0	16.0	0.41316712200642364	0.03074837886955296
-1.4136009195200097	cosine	24.0	0.0	4.0	0.2994447585743574	0.08767317792776053
0.3917859133631476	cosine	24.0	4.0	20.0	0.43771377963650593	0.02379564823412834
-0.20226082653979569	cosine	24.0	0.0	4.0	0.26792425767179345	0.11264743725548343
0.20117290560616202	cosine	24.0	4.0	12.0	0.7191012094028312	0.0005679614709175215
0.3789599157822254	cosine	24.0	20.0	16.0	0.38138503569823723	0.042167604419924586
0.5445803845875752	cosine	24.0	16.0	12.0	0.34960294939005077	0.05679866795607516
0.8828680234963496	cosine	24.0	4.0	8.0	0.4570472630871771	0.01929656018546278
0.2731743904410118	cosine	24.0	16.0	12.0	0.34960294939005077	0.05679866795607516
-0.4319058155744701	cosine	24.0	0.0	12.0	0.6358308771056221	0.0020033371474573332
0.3545444031002711	cosine	24.0	4.0	8.0	0.26792425767179345	0.11264743725548343
0.7555122100345232	cosine	24.0	16.0	0.0	0.34391796971439753	0.05979464037584733
-1.2110920795711775	cosine	24.0	8.0	12.0	0.36248576037948527	0.05044712112711767
1.1829007972162393	cosine	24.0	12.0	8.0	0.42552676218461316	0.027061931661110435
-0.7997523655965166	cosine	24.0	12.0	20.0	0.26363719294623356	0.11640217218244758
-0.06486925766708812	cosine	24.0	0.0	4.0	0.26792425767179345	0.11264743725548343
2.4293065378628445	cosine	24.0	16.0	12.0	0.4449492083146101	0.022018113736134944
-2.0753438988578816	cosine	24.0	12.0	4.0	0.40644850966246976	0.03292085287309089
-1.0534958212547412	cosine	24.0	8.0	4.0	0.2048832558666656	0.1768962477431396
0.3756450541250939	cosine	24.0	4.0	8.0	0.36248576037948527	0.05044712112711767
-0.3545656725182869	cosine	24.0	0.0	8.0	0.6878359394287951	0.0009259810947007011
2.0533584865257173	cosine	24.0	4.0	8.0	0.17336275496410164	0.21634316011970334
0.567285509324065	cosine	24.0	8.0	4.0	0.36248576037948527	0.05044712112711767
-1.3972237337731994	cosine	24.0	20.0	16.0	0.2860387767736779	0.0977376033412587
-0.7592101874440477	cosine	24.0	8.0	12.0	0.42552676218461316	0.027061931661110435
-1.1236908682161109	cosine	24.0	0.0	12.0	0.38770175433269644	0.03965908586713749
-0.37801565387698444	cosine	24.0	12.0	20.0	0.325669473639465	0.07025277592236653
0.042867301969579615	cosine	24.0	0.0	4.0	0.2994447585743574	0.08767317792776053
-0.7423122040698452	cosine	24.0	0.0	4.0	0.33096525947692135	0.06708239491800405
-1.12414554830258	cosine	24.0	8.0	12.0	0.42552676218461316	0.027061931661110435
0.06479786005030114	cosine	24.0	0.0	20.0	0.5002443195845782	0.011787064559833655
-0.33753812956046486	cosine	24.0	12.0	16.0	0.2860387767736779	0.0977376033412587
-0.7950994128287338	cosine	24.0	4.0	8.0	0.36248576037948527	0.05044712112711767
-0.2226635828142146	cosine	24.0	4.0	8.0	0.36248576037948527	0.05044712112711767
-2.2138929709975566	cosine	24.0	16.0	20.0	0.41316712200642364	0.03074837886955296
-0.5773384492580529	cosine	24.0	8.0	20.0	0.49236596391733134	0.012928792206995913
0.6103700724648888	cosine	24.0	12.0	16.0	0.38138503569823723	0.042167604419924586
-0.18610046047716652	cosine	24.0	12.0	0.0	0.5117663157191593	0.010275152505006458
0.932008954773882	cosine	24.0	16.0	20.0	0.22247460415730505	0.1569979267286259
0.21489617993352858	cosine	24.0	4.0	0.0	0.6146497675999968	0.002703128848699784
-1.8509765749923792	cosine	24.0	4.0	0.0	0.17336275496410164	0.21634316011970334
-0.0029951058590982384	cosine	24.0	16.0	0.0	0.5002443195845782	0.011787064559833655
-1.6659995535397805	cosine	24.0	4.0	12.0	0.34391796971439753	0.05979464037584733
0.994801130919748	cosine	24.0	16.0	12.0	0.15891043154093218	0.2360104104586807
1.065501036028321	cosine	24.0	16.0	20.0	0.4449492083146101	0.022018113736134944
0.9490681909355216	cosine	24.0	20.0	16.0	0.22247460415730505	0.1569979267286259
0.417400130442629	cosine	24.0	12.0	20.0	0.23262105259961785	0.14621780365458337
-1.1020928829590533	cosine	24.0	4.0	0.0	0.14184225406153772	0.26045348007935765
-0.9425192277921342	cosine	24.0	20.0	0.0	0.34391796971439753	0.05979464037584733
0.36848658856412203	cosine	24.0	16.0	4.0	0.5117663157191593	0.010275152505006458
-1.312021149374367	cosine	24.0	8.0	12.0	0.36248576037948527	0.05044712112711767
-2.6877419422634	cosine	24.0	12.0	4.0	0.5627748595326505	0.005432675743650132
0.6730127055013748	cosine	24.0	16.0	20.0	0.31782086308186436	0.07516173316558697
-0.21464448334133993	cosine	24.0	0.0	8.0	0.2501221597922891	0.12881724171626302
-0.11167113373792893	cosine	24.0	20.0	4.0	0.43771377963650593	0.02379564823412834
-1.1768753559484815	cosine	24.0	12.0	8.0	0.2994447585743574	0.08767317792776053
0.18035569792413392	cosine	24.0	4.0	12.0	0.40644850966246976	0.03292085287309089
-0.4989447185680153	cosine	24.0	20.0	16.0	0.2860387767736779	0.0977376033412587
0.1284605088277356	cosine	24.0	20.0	0.0	0.37518323968843365	0.044753897420978433
-0.42001823605993116	cosine	24.0	20.0	12.0	0.35668561398608073	0.053232974601062806
-0.37439504756847364	cosine	24.0	8.0	12.0	0.11032175315897377	0.30878653769005726
-1.8326172281894104	cosine	24.0	8.0	20.0	0.43082021842766494	0.02559992123005601
-2.2111746105899917	cosine	24.0	12.0	16.0	0.38138503569823723	0.042167604419924586
0.16721098720283348	cosine	24.0	0.0	20.0	0.40644850966246976	0.03292085287309089
-1.2312653101821447	cosine	24.0	8.0	0.0	0.31265269974036136	0.07853426938217861
-1.117935778491051	cosine	24.0	4.0	16.0	0.6978631577988536	0.0007932410229537244
0.017869350641205036	cosine	24.0	8.0	12.0	0.3940062612820492	0.037277784955182205
1.286846208508208	cosine	24.0	8.0	0.0	0.28138742976632525	0.10142035953841916
0.033214734796644156	cosine	24.0	0.0	4.0	0.26792425767179345	0.11264743725548343
0.12621685591432505	cosine	24.0	0.0	4.0	0.4570472630871771	0.01929656018546278
-0.04057682388206609	cosine	24.0	4.0	8.0	0.14184225406153772	0.26045348007935765
-0.7224905884899705	cosine	24.0	8.0	4.0	0.33096525947692135	0.06708239491800405
-0.32557248005198713	cosine	24.0	0.0	4.0	0.2994447585743574	0.08767317792776053
-0.5476693647812684	cosine	24.0	16.0	20.0	0.41316712200642364	0.03074837886955296
0.19843788416766597	cosine	24.0	12.0	8.0	0.11032175315897377	0.30878653769005726
-0.5997810269006822	cosine	24.0	4.0	8.0	0.488567763989741	0.013512582066973257
0.04765280901502117	cosine	24.0	16.0	20.0	0.22247460415730505	0.1569979267286259
1.2558478887607167	cosine	24.0	8.0	12.0	0.26792425767179345	0.11264743725548343
0.4044205475057404	cosine	24.0	16.0	12.0	0.31782086308186436	0.07516173316558697
-0.6338370300825568	cosine	24.0	20.0	16.0	0.38138503569823723	0.042167604419924586
0.6789558950690863	cosine	24.0	16.0	4.0	0.41871789467931214	0.02904431653896035
-0.3775781200102133	cosine	24.0	16.0	8.0	0.542782456065775	0.007014531725125648
0.7855592215432916	cosine	24.0	20.0	4.0	0.31265269974036136	0.07853426938217861
-0.04519001187540127	cosine	24.0	12.0	8.0	0.42552676218461316	0.027061931661110435
-0.3515170138994213	cosine	24.0	12.0	16.0	0.41316712200642364	0.03074837886955296
-1.6426435353281748	cosine	24.0	12.0	16.0	0.22247460415730505	0.1569979267286259
-0.7964198620319135	cosine	24.0	4.0	8.0	0.42552676218461316	0.027061931661110435
-0.47984444374953017	cosine	24.0	20.0	0.0	0.34391796971439753	0.05979464037584733
0.6223317944613874	cosine	24.0	20.0	0.0	0.43771377963650593	0.02379564823412834
1.482785993890253	cosine	24.0	4.0	8.0	0.17336275496410164	0.21634316011970334
-0.27820878554684403	cosine	24.0	4.0	12.0	0.31265269974036136	0.07853426938217861
1.2353977346815324	cosine	24.0	20.0	0.0	0.6253053994807227	0.0023274023270582257
-1.6228872140194965	cosine	24.0	0.0	20.0	0.46897904961054204	0.016897895516253123
0.3698839104290852	cosine	24.0	0.0	12.0	0.6668470174522378	0.0012722098173665757
-0.5493568052585512	cosine	24.0	16.0	20.0	0.38138503569823723	0.042167604419924586
-0.8890070750202077	cosine	24.0	12.0	20.0	0.35668561398608073	0.053232974601062806
-0.8294072409608789	cosine	24.0	0.0	20.0	0.34391796971439753	0.05979464037584733
1.108072797253977	cosine	24.0	20.0	12.0	0.48075017537254355	0.014786104244078217
-1.1803841909786874	cosine	24.0	0.0	16.0	0.18759161984421682	0.1979406704679717
-0.004198855717492512	cosine	24.0	0.0	4.0	0.5516087657948688	0.006271913590386279
0.7067450747539569	cosine	24.0	12.0	16.0	0.2860387767736779	0.0977376033412587
-0.015019924311786335	cosine	24.0	12.0	20.0	0.29465333329284926	0.09117756893125428
-1.471263443439435	cosine	24.0	0.0	20.0	0.40644850966246976	0.03292085287309089
0.5209968420422364	cosine	24.0	4.0	8.0	0.488567763989741	0.013512582066973257
1.4172148966133487	cosine	24.0	16.0	12.0	0.31782086308186436	0.07516173316558697
-0.07187805577242934	cosine	24.0	20.0	16.0	0.508513380930983	0.01068384436354423
-0.9036703169321196	cosine	24.0	0.0	4.0	0.2048832558666656	0.1768962477431396
0.09940325485301155	cosine	24.0	4.0	8.0	0.36248576037948527	0.05044712112711767
1.5248881400728678	cosine	24.0	16.0	12.0	0.22247460415730505	0.1569979267286259
0.6853920977248835	cosine	24.0	16.0	8.0	0.26363719294623356	0.11640217218244758
0.787390709010439	cosine	24.0	12.0	4.0	0.21885688981825296	0.16096491949833142
-0.13516747801016404	cosine	24.0	20.0	16.0	0.22247460415730505	0.1569979267286259
-3.1108074840743383	cosine	24.0	0.0	8.0	0.37518323968843365	0.044753897420978433
0.25008871772476043	cosine	24.0	16.0	0.0	0.31265269974036136	0.07853426938217861
0.6223420191436807	cosine	24.0	8.0	12.0	0.3940062612820492	0.037277784955182205
-1.7201855902423826	cosine	24.0	20.0	0.0	0.40644850966246976	0.03292085287309089
2.255451879455626	cosine	24.0	16.0	12.0	0.34960294939005077	0.05679866795607516
-0.03640125864220537	cosine	24.0	4.0	0.0	0.3940062612820492	0.037277784955182205
0.8326356409389477	cosine	24.0	16.0	12.0	0.6038596398555423	0.0031385812005819934
1.4028189837539562	cosine	24.0	0.0	4.0	0.26792425767179345	0.11264743725548343
0.4401032558476464	cosine	24.0	8.0	0.0	0.34391796971439753	0.05979464037584733
0.34917356998740723	cosine	24.0	8.0	16.0	0.542782456065775	0.007014531725125648
0.24548028186616475	cosine	24.0	12.0	8.0	0.2048832558666656	0.1768962477431396
-0.5437862562603838	cosine	24.0	20.0	0.0	0.40644850966246976	0.03292085287309089
-0.18036066419960364	cosine	24.0	16.0	20.0	0.38138503569823723	0.042167604419924586
0.7715854728276036	cosine	24.0	8.0	12.0	0.5516087657948688	0.006271913590386279
0.41157269012249625	cosine	24.0	0.0	4.0	0.6461702685025607	0.001725440175873364
0.6744338531133046	cosine	24.0	16.0	20.0	0.22247460415730505	0.1569979267286259
-0.8305368370304873	cosine	24.0	8.0	16.0	0.44973403502592785	0.02090527421057417
1.073760687392084	cosine	24.0	8.0	12.0	0.36248576037948527	0.05044712112711767
1.3865524754798078	cosine	24.0	8.0	12.0	0.26792425767179345	0.11264743725548343
0.39310039813976777	cosine	24.0	0.0	16.0	0.2501221597922891	0.12881724171626302
1.1297087529601855	cosine	24.0	20.0	16.0	0.5402954672391693	0.0072373318982772135
0.21388582750079382	cosine	24.0	4.0	20.0	0.5315095895586144	0.008075181454718987
-0.5800976412966447	cosine	24.0	12.0	20.0	0.23262105259961785	0.14621780365458337
-1.0683211168525466	cosine	24.0	0.0	12.0	0.29465333329284926	0.09117756893125428
-2.4049248634646965	cosine	24.0	0.0	20.0	0.15632634987018068	0.23962792898088553
1.5442647741229423	cosine	24.0	12.0	8.0	0.488567763989741	0.013512582066973257
-0.13102962728937617	cosine	24.0	0.0	16.0	0.46897904961054204	0.016897895516253123
-0.2941510547074571	cosine	24.0	16.0	20.0	0.38138503569823723	0.042167604419924586
-1.4345339438171942	cosine	24.0	20.0	4.0	0.5940401295066866	0.0035886947605967253
1.3978196267399554	cosine	24.0	4.0	0.0	0.42552676218461316	0.027061931661110435
-0.4264376994778789	cosine	24.0	4.0	0.0	0.6146497675999968	0.002703128848699784
0.2899768517726842	cosine	24.0	16.0	8.0	0.26363719294623356	0.11640217218244758
0.6971671739985476	cosine	24.0	4.0	12.0	0.6565706694547588	0.001481745846560898
1.1780683821182165	cosine	24.0	8.0	16.0	0.35668561398608073	0.053232974601062806
-0.3376963281551939	cosine	24.0	0.0	12.0	0.38770175433269644	0.03965908586713749
-0.6784851494244062	cosine	24.0	0.0	4.0	0.2364037567692295	0.1423291682149232
-1.7768786167774713	cosine	24.0	0.0	8.0	0.34391796971439753	0.05979464037584733
-0.5689674776358844	cosine	24.0	0.0	20.0	0.2501221597922891	0.12881724171626302
-0.6607266198343578	cosine	24.0	20.0	0.0	0.46897904961054204	0.016897895516253123
-0.20942815364334644	cosine	24.0	20.0	16.0	0.31782086308186436	0.07516173316558697
0.8596521430646974	cosine	24.0	4.0	12.0	0.5940401295066866	0.0035886947605967253
-1.7033196234585768	cosine	24.0	20.0	0.0	0.5002443195845782	0.011787064559833655
-0.07631508558713784	cosine	24.0	12.0	16.0	0.5402954672391693	0.0072373318982772135
-0.6169656150812274	cosine	24.0	0.0	4.0	0.33096525947692135	0.06708239491800405
-0.15038006724736352	cosine	24.0	12.0	4.0	0.37518323968843365	0.044753897420978433
-1.4764397529353948	cosine	24.0	12.0	8.0	0.2994447585743574	0.08767317792776053
0.07187039100848079	cosine	24.0	8.0	16.0	0.41871789467931214	0.02904431653896035
-1.123358775007624	cosine	24.0	16.0	12.0	0.2542566904654915	0.12492539106643724
-0.4423605994112393	cosine	24.0	20.0	0.0	0.34391796971439753	0.05979464037584733
0.284662819886371	cosine	24.0	8.0	12.0	0.14184225406153772	0.26045348007935765
0.2254082568762302	cosine	24.0	4.0	16.0	0.5117663157191593	0.010275152505006458
-0.752664284444419	cosine	24.0	0.0	4.0	0.4570472630871771	0.01929656018546278
-1.1067014116451686	cosine	24.0	20.0	0.0	0.09379580992210841	0.3356006186019033
-0.9098760616696306	cosine	24.0	16.0	12.0	0.4767312946227965	0.015480063791539503
0.5588359952181637	cosine	24.0	0.0	20.0	0.37518323968843365	0.044753897420978433
-0.5863436050242993	cosine	24.0	0.0	20.0	0.28138742976632525	0.10142035953841916
0.21177111126809306	cosine	24.0	8.0	4.0	0.33096525947692135	0.06708239491800405
1.0508710607678393	cosine	24.0	20.0	0.0	0.2501221597922891	0.12881724171626302
-2.275820113852117	cosine	24.0	12.0	8.0	0.2364037567692295	0.1423291682149232
0.2920557731511145	cosine	24.0	16.0	12.0	0.2860387767736779	0.0977376033412587
-0.12327792302859357	cosine	24.0	0.0	4.0	0.4570472630871771	0.01929656018546278
0.8355624628879476	cosine	24.0	20.0	0.0	0.18759161984421682	0.1979406704679717
1.1489981269691871	cosine	24.0	12.0	4.0	0.2501221597922891	0.12881724171626302
0.6862491931129994	cosine	24.0	16.0	4.0	0.41871789467931214	0.02904431653896035
0.9634885901537144	cosine	24.0	16.0	20.0	0.5402954672391693	0.0072373318982772135
-0.05562412930299394	cosine	24.0	16.0	4.0	0.325669473639465	0.07025277592236653
0.6219266114103221	cosine	24.0	8.0	12.0	0.42552676218461316	0.027061931661110435
1.0586628668991478	cosine	24.0	12.0	8.0	0.2364037567692295	0.1423291682149232
-0.03823640817225111	cosine	24.0	4.0	8.0	0.2048832558666656	0.1768962477431396
0.4749779818744842	cosine	24.0	16.0	12.0	0.41316712200642364	0.03074837886955296
-1.64961868654722	cosine	24.0	8.0	12.0	0.36248576037948527	0.05044712112711767
-0.8817108827835911	cosine	24.0	8.0	12.0	0.17336275496410164	0.21634316011970334
-0.43907908423264114	cosine	24.0	0.0	4.0	0.488567763989741	0.013512582066973257
-0.7007115936177754	cosine	24.0	0.0	8.0	0.5002443195845782	0.011787064559833655
-1.1748317728854498	cosine	24.0	20.0	4.0	0.34391796971439753	0.05979464037584733
-0.9293785644298976	cosine	24.0	8.0	4.0	0.2364037567692295	0.1423291682149232
-1.6583770222089622	cosine	24.0	16.0	20.0	0.22247460415730505	0.1569979267286259
-0.34111857201952583	cosine	24.0	16.0	12.0	0.2860387767736779	0.0977376033412587
-0.13470466160843544	cosine	24.0	0.0	20.0	0.40644850966246976	0.03292085287309089
-1.9994415538486094	cosine	24.0	16.0	12.0	0.5720775535473558	0.004811332704071246
-1.3598929326147393	cosine	24.0	12.0	16.0	0.19069251784911861	0.19405940885016393
0.16062828354712397	cosine	24.0	4.0	0.0	0.2364037567692295	0.1423291682149232
-0.5794207747308585	cosine	24.0	16.0	20.0	0.41316712200642364	0.03074837886955296
-0.2986074325701175	cosine	24.0	16.0	20.0	0.5720775535473558	0.004811332704071246
-0.03966823515281161	cosine	24.0	8.0	20.0	0.40004734568283173	0.03510685701315916
-0.704141175755305	cosine	24.0	4.0	8.0	0.2048832558666656	0.1768962477431396
-0.8700862287293216	cosine	24.0	4.0	20.0	0.46897904961054204	0.016897895516253123
-0.9521815374767775	cosine	24.0	16.0	20.0	0.34960294939005077	0.05679866795607516
-0.3242224658743521	cosine	24.0	12.0	16.0	0.41316712200642364	0.03074837886955296
1.1226482550167989	cosine	24.0	4.0	20.0	0.28138742976632525	0.10142035953841916
-1.3832901695978868	cosine	24.0	20.0	16.0	0.4767312946227965	0.015480063791539503
-0.9948306513635335	cosine	24.0	4.0	12.0	0.31265269974036136	0.07853426938217861
0.6600426253384104	cosine	24.0	4.0	12.0	0.43771377963650593	0.02379564823412834
-0.2853995164385081	cosine	24.0	8.0	12.0	0.6146497675999968	0.002703128848699784
0.7074230557076379	cosine	24.0	8.0	12.0	0.33096525947692135	0.06708239491800405
-0.9957433751940755	cosine	24.0	4.0	0.0	0.520088264892305	0.009291071757416634
-0.25131704737364285	cosine	24.0	12.0	16.0	0.34960294939005077	0.05679866795607516
-0.4294045766431996	cosine	24.0	4.0	12.0	0.37518323968843365	0.044753897420978433
-0.164797709261289	cosine	24.0	4.0	12.0	0.37518323968843365	0.044753897420978433
-0.8931798762697832	cosine	24.0	0.0	20.0	0.34391796971439753	0.05979464037584733
-0.8898036730577873	cosine	24.0	4.0	0.0	0.42552676218461316	0.027061931661110435
0.32634714146313415	cosine	24.0	8.0	12.0	0.42552676218461316	0.027061931661110435
0.6863598485235186	cosine	24.0	8.0	12.0	0.36248576037948527	0.05044712112711767
0.6690517029504889	cosine	24.0	4.0	0.0	0.26792425767179345	0.11264743725548343
-0.17247531630630472	cosine	24.0	8.0	4.0	0.26792425767179345	0.11264743725548343
-0.5751254493851907	cosine	24.0	4.0	8.0	0.33096525947692135	0.06708239491800405
-0.39530126032361285	cosine	24.0	0.0	4.0	0.8037727730153804	0.00013753899982164714
-2.684453845258871	cosine	24.0	8.0	0.0	0.18759161984421682	0.1979406704679717
-0.09568022039899103	cosine	24.0	16.0	12.0	0.4767312946227965	0.015480063791539503
2.2874317114828226	cosine	24.0	8.0	16.0	0.26363719294623356	0.11640217218244758
0.3337485808119301	cosine	24.0	12.0	8.0	0.33096525947692135	0.06708239491800405
-0.8375284179329063	cosine	24.0	20.0	16.0	0.6356417261637287	0.0020087796364305814
0.3673209567780258	cosine	24.0	20.0	12.0	0.44973403502592785	0.02090527421057417
1.4418655490914587	cosine	24.0	8.0	4.0	0.5516087657948688	0.006271913590386279
0.29972230202060907	cosine	24.0	4.0	16.0	0.48075017537254355	0.014786104244078217
1.0312920005717676	cosine	24.0	16.0	20.0	0.4449492083146101	0.022018113736134944
-0.5347041303450915	cosine	24.0	16.0	20.0	0.2860387767736779	0.0977376033412587
0.8585176496281207	cosine	24.0	4.0	0.0	0.5516087657948688	0.006271913590386279
-0.7951746241939293	cosine	24.0	20.0	8.0	0.21541010921383247	0.16480480916667006
0.6706033816501311	cosine	24.0	0.0	20.0	0.46897904961054204	0.016897895516253123
-0.16371041452935853	cosine	24.0	20.0	4.0	0.34391796971439753	0.05979464037584733
0.6062410597211138	cosine	24.0	4.0	12.0	0.5002443195845782	0.011787064559833655
-0.41896930698499435	cosine	24.0	8.0	16.0	0.35668561398608073	0.053232974601062806
-0.6537674406431928	cosine	24.0	12.0	0.0	0.44973403502592785	0.02090527421057417
0.7157833607069141	cosine	24.0	16.0	12.0	0.38138503569823723	0.042167604419924586
0.20289073071107966	cosine	24.0	12.0	16.0	0.4449492083146101	0.022018113736134944
2.8706459027842115	cosine	24.0	8.0	0.0	0.43771377963650593	0.02379564823412834
-1.6068786434519806	cosine	24.0	4.0	8.0	0.33096525947692135	0.06708239491800405
-0.7390154688807109	cosine	24.0	12.0	8.0	0.42552676218461316	0.027061931661110435
0.8369836842431612	cosine	24.0	0.0	16.0	0.7503664793768673	0.00034189223478594356
1.313296809348996	cosine	24.0	20.0	16.0	0.2542566904654915	0.12492539106643724
-0.4793948072379534	cosine	24.0	4.0	0.0	0.3940062612820492	0.037277784955182205
-0.9179624358603516	cosine	24.0	0.0	20.0	0.37518323968843365	0.044753897420978433
-0.2822014417628062	cosine	24.0	4.0	12.0	0.37518323968843365	0.044753897420978433
-1.225173230280978	cosine	24.0	16.0	0.0	0.40644850966246976	0.03292085287309089
1.6564690423640593	cosine	24.0	16.0	12.0	0.41316712200642364	0.03074837886955296
0.35788235711122357	cosine	24.0	20.0	12.0	0.5117663157191593	0.010275152505006458
-0.02855178626940956	cosine	24.0	12.0	8.0	0.36248576037948527	0.05044712112711767
-0.001116564366296092	cosine	24.0	12.0	8.0	0.4570472630871771	0.01929656018546278
0.30379731383988956	cosine	24.0	12.0	16.0	0.5402954672391693	0.0072373318982772135
-1.303556478393158	cosine	24.0	12.0	16.0	0.31782086308186436	0.07516173316558697
0.6429651833602339	cosine	24.0	4.0	8.0	0.11032175315897377	0.30878653769005726
-0.7819610090922331	cosine	24.0	4.0	20.0	0.21885688981825296	0.16096491949833142
-1.2819404580902323	cosine	24.0	0.0	20.0	0.5002443195845782	0.011787064559833655
1.5466133848254013	cosine	24.0	16.0	0.0	0.5627748595326505	0.005432675743650132
0.9879792297984704	cosine	24.0	12.0	4.0	0.5002443195845782	0.011787064559833655
0.7543072861843658	cosine	24.0	20.0	16.0	0.6356417261637287	0.0020087796364305814
-1.595819562017188	cosine	24.0	4.0	16.0	0.542782456065775	0.007014531725125648
1.5872182686601106	cosine	24.0	12.0	20.0	0.38770175433269644	0.03965908586713749
0.3301180601117092	cosine	24.0	16.0	12.0	0.41316712200642364	0.03074837886955296
-0.013524770741639843	cosine	24.0	8.0	4.0	0.4570472630871771	0.01929656018546278
-2.6730664450181685	cosine	24.0	12.0	20.0	0.23262105259961785	0.14621780365458337
0.3265667074710224	cosine	24.0	8.0	4.0	0.3940062612820492	0.037277784955182205
-0.8212098479152419	cosine	24.0	16.0	12.0	0.38138503569823723	0.042167604419924586
-0.20867042188537316	cosine	24.0	16.0	20.0	0.34960294939005077	0.05679866795607516
0.7050766736313352	cosine	24.0	4.0	8.0	0.2048832558666656	0.1768962477431396
0.18571951924632843	cosine	24.0	16.0	12.0	0.5720775535473558	0.004811332704071246
0.9187771206200382	cosine	24.0	0.0	8.0	0.34391796971439753	0.05979464037584733
-2.191297644755291	cosine	24.0	20.0	16.0	0.38138503569823723	0.042167604419924586
-0.4095567870300063	cosine	24.0	16.0	12.0	0.5402954672391693	0.0072373318982772135
-1.2640898626218804	cosine	24.0	16.0	20.0	0.4767312946227965	0.015480063791539503
0.21996921835945776	cosine	24.0	16.0	4.0	0.38770175433269644	0.03965908586713749
-0.8288949609443669	cosine	24.0	8.0	12.0	0.2364037567692295	0.1423291682149232
-1.1402493155098434	cosine	24.0	12.0	8.0	0.3940062612820492	0.037277784955182205
0.33948639364579974	cosine	24.0	20.0	0.0	0.46897904961054204	0.016897895516253123
-0.8192137409882922	cosine	24.0	0.0	20.0	0.37518323968843365	0.044753897420978433
-0.2392728107719599	cosine	24.0	20.0	0.0	0.43771377963650593	0.02379564823412834
-1.0851637751751562	cosine	24.0	0.0	20.0	0.6565706694547588	0.001481745846560898
1.4225846856046014	cosine	24.0	4.0	8.0	0.4570472630871771	0.01929656018546278
0.12762885015172848	cosine	24.0	12.0	16.0	0.5720775535473558	0.004811332704071246
-0.26752802598161984	cosine	24.0	4.0	8.0	0.33096525947692135	0.06708239491800405
-0.17882188081459427	cosine	24.0	4.0	8.0	0.3940062612820492	0.037277784955182205
-1.552874357334842	cosine	24.0	4.0	8.0	0.520088264892305	0.009291071757416634
-1.925285194335731	cosine	24.0	8.0	4.0	0.14184225406153772	0.26045348007935765
0.031951348166818	cosine	24.0	20.0	0.0	0.2501221597922891	0.12881724171626302
1.0641631646399965	cosine	24.0	4.0	8.0	0.2364037567692295	0.1423291682149232
-0.6508070734214155	cosine	24.0	0.0	4.0	0.2994447585743574	0.08767317792776053
1.2160283682173774	cosine	24.0	0.0	16.0	0.2501221597922891	0.12881724171626302
-1.4107076861123469	cosine	24.0	0.0	4.0	0.26792425767179345	0.11264743725548343
0.9462837731466356	cosine	24.0	16.0	0.0	0.34391796971439753	0.05979464037584733
0.08633262916323305	cosine	24.0	12.0	8.0	0.2364037567692295	0.1423291682149232
-0.33625938651166687	cosine	24.0	20.0	0.0	0.37518323968843365	0.044753897420978433
0.14426503268027513	cosine	24.0	8.0	4.0	0.2364037567692295	0.1423291682149232
-0.5144451963496427	cosine	24.0	12.0	0.0	0.48075017537254355	0.014786104244078217
-0.43663423250247096	cosine	24.0	20.0	0.0	0.37518323968843365	0.044753897420978433
0.48457218961132686	cosine	24.0	12.0	20.0	0.44973403502592785	0.02090527421057417
1.8972810500346098	cosine	24.0	8.0	4.0	0.2364037567692295	0.1423291682149232
0.2642664057706177	cosine	24.0	12.0	20.0	0.41871789467931214	0.02904431653896035
-0.6893755543805169	cosine	24.0	20.0	0.0	0.5315095895586144	0.008075181454718987
-1.0319857136495627	cosine	24.0	4.0	8.0	0.520088264892305	0.009291071757416634
0.7497796745238461	cosine	24.0	12.0	0.0	0.29465333329284926	0.09117756893125428
-0.3012746977498938	cosine	24.0	0.0	20.0	0.43771377963650593	0.02379564823412834
-0.3016360436310152	cosine	24.0	20.0	0.0	0.28138742976632525	0.10142035953841916
-0.3091396284347181	cosine	24.0	8.0	0.0	0.21885688981825296	0.16096491949833142
0.08061837330093097	cosine	24.0	20.0	4.0	0.43771377963650593	0.02379564823412834
-0.8424162627526826	cosine	24.0	16.0	20.0	0.38138503569823723	0.042167604419924586
-0.08585875275104399	cosine	24.0	16.0	8.0	0.29465333329284926	0.09117756893125428
0.5927659417602754	cosine	24.0	20.0	0.0	0.34391796971439753	0.05979464037584733
-0.4996447990821463	cosine	24.0	20.0	12.0	0.325669473639465	0.07025277592236653
-1.4462519969157193	cosine	24.0	0.0	20.0	0.46897904961054204	0.016897895516253123
0.1994513651930193	cosine	24.0	4.0	20.0	0.43771377963650593	0.02379564823412834
-0.28149526173364314	cosine	24.0	12.0	0.0	0.38770175433269644	0.03965908586713749
1.4561451796778808	cosine	24.0	12.0	20.0	0.542782456065775	0.007014531725125648
-1.6301635333246292	cosine	24.0	16.0	0.0	0.34391796971439753	0.05979464037584733
-0.26637842602018824	cosine	24.0	0.0	12.0	0.5737985964123907	0.004703590814103545
1.6153818560754136	cosine	24.0	16.0	8.0	0.41871789467931214	0.02904431653896035
1.1048487789731753	cosine	24.0	20.0	16.0	0.5402954672391693	0.0072373318982772135
0.3086339353281119	cosine	24.0	8.0	4.0	0.26792425767179345	0.11264743725548343
1.1331681655303985	cosine	24.0	8.0	4.0	0.26792425767179345	0.11264743725548343
-0.8662866699293913	cosine	24.0	4.0	20.0	0.5627748595326505	0.005432675743650132
0.1976682221494054	cosine	24.0	16.0	20.0	0.4449492083146101	0.022018113736134944
0.47146858493319965	cosine	24.0	20.0	16.0	0.2860387767736779	0.0977376033412587
0.6563464217784433	cosine	24.0	4.0	0.0	0.2364037567692295	0.1423291682149232
0.14990785757055966	cosine	24.0	20.0	16.0	0.508513380930983	0.01068384436354423
-0.13208338504460995	cosine	24.0	12.0	8.0	0.26792425767179345	0.11264743725548343
-0.6307979163611105	cosine	24.0	0.0	4.0	0.3940062612820492	0.037277784955182205
0.16521531157878916	cosine	24.0	4.0	0.0	0.2364037567692295	0.1423291682149232
1.755987981566001	cosine	24.0	12.0	20.0	0.48075017537254355	0.014786104244078217
-0.28870194200322397	cosine	24.0	8.0	16.0	0.8219277191853164	9.966241538375499e-05
0.5145096073304436	cosine	24.0	4.0	12.0	0.31265269974036136	0.07853426938217861
1.7898729651410847	cosine	24.0	20.0	16.0	0.38138503569823723	0.042167604419924586
0.40150896060810093	cosine	24.0	20.0	4.0	0.12506107989614454	0.2856969100727392
-1.1255046881654507	cosine	24.0	16.0	20.0	0.508513380930983	0.01068384436354423
-0.891235026016186	cosine	24.0	20.0	0.0	0.43771377963650593	0.02379564823412834
-1.0984089000250725	cosine	24.0	16.0	0.0	0.28138742976632525	0.10142035953841916
-0.4149476656988604	cosine	24.0	4.0	0.0	0.2994447585743574	0.08767317792776053
-0.5447322704280854	cosine	24.0	8.0	12.0	0.2994447585743574	0.08767317792776053
-0.9509292278444095	cosine	24.0	0.0	20.0	0.18759161984421682	0.1979406704679717
0.2967621583094375	cosine	24.0	8.0	12.0	0.42552676218461316	0.027061931661110435
1.6985394825243856	cosine	24.0	16.0	20.0	0.31782086308186436	0.07516173316558697
0.6543904403372722	cosine	24.0	12.0	8.0	0.488567763989741	0.013512582066973257
2.6303205627483934	cosine	24.0	4.0	20.0	0.34391796971439753	0.05979464037584733
0.37648100935201717	cosine	24.0	20.0	16.0	0.2542566904654915	0.12492539106643724
-2.709539700920935	cosine	24.0	4.0	20.0	0.6565706694547588	0.001481745846560898
-1.3395703498256812	cosine	24.0	12.0	16.0	0.2860387767736779	0.0977376033412587
0.4410291979912103	cosine	24.0	4.0	20.0	0.15632634987018068	0.23962792898088553
-1.3768359928533511	cosine	24.0	8.0	4.0	0.3940062612820492	0.037277784955182205
-0.4018047060203676	cosine	24.0	20.0	4.0	0.43771377963650593	0.02379564823412834
1.9761400117392844	cosine	24.0	4.0	0.0	0.42552676218461316	0.027061931661110435
-2.1681934419351725	cosine	24.0	0.0	16.0	0.5002443195845782	0.011787064559833655
0.43235742149639816	cosine	24.0	20.0	0.0	0.37518323968843365	0.044753897420978433
-0.09376480088303212	cosine	24.0	4.0	12.0	0.46897904961054204	0.016897895516253123
-1.052221996693891	cosine	24.0	4.0	0.0	0.33096525947692135	0.06708239491800405
-0.8117451666953223	cosine	24.0	8.0	4.0	0.2364037567692295	0.1423291682149232
-0.6190645664630412	cosine	24.0	8.0	4.0	0.4570472630871771	0.01929656018546278
-1.1369518466366972	cosine	24.0	16.0	12.0	0.38138503569823723	0.042167604419924586
-0.6354977313529129	cosine	24.0	16.0	4.0	0.29465333329284926	0.09117756893125428
0.03831029826689998	cosine	24.0	0.0	20.0	0.40644850966246976	0.03292085287309089
-0.06401654056291578	cosine	24.0	4.0	8.0	0.2994447585743574	0.08767317792776053
0.7584151561448782	cosine	24.0	4.0	12.0	0.18759161984421682	0.1979406704679717
-0.7675341294017932	cosine	24.0	0.0	20.0	0.43771377963650593	0.02379564823412834
-0.9806263808602174	cosine	24.0	16.0	12.0	0.4449492083146101	0.022018113736134944
-0.41652976361695004	cosine	24.0	16.0	12.0	0.508513380930983	0.01068384436354423
-1.413222475110897	cosine	24.0	8.0	12.0	0.33096525947692135	0.06708239491800405
-1.128002781333591	cosine	24.0	20.0	16.0	0.38138503569823723	0.042167604419924586
-0.7318141517192202	cosine	24.0	4.0	0.0	0.17336275496410164	0.21634316011970334
-1.0398055109847888	cosine	24.0	8.0	12.0	0.36248576037948527	0.05044712112711767
-0.6560177653446163	cosine	24.0	4.0	8.0	0.26792425767179345	0.11264743725548343
-1.1092495076997326	cosine	24.0	0.0	20.0	0.40644850966246976	0.03292085287309089
-0.36616330564820826	cosine	24.0	4.0	0.0	0.36248576037948527	0.05044712112711767
-0.3597659450154076	cosine	24.0	4.0	8.0	0.33096525947692135	0.06708239491800405
1.0039084719146898	cosine	24.0	12.0	8.0	0.14184225406153772	0.26045348007935765
0.24724599827106758	cosine	24.0	4.0	8.0	0.33096525947692135	0.06708239491800405
-0.41712035288533533	cosine	24.0	4.0	20.0	0.5002443195845782	0.011787064559833655
0.8594085548683599	cosine	24.0	16.0	20.0	0.7627700713964745	0.00027808399220007475
-0.8767391382812387	cosine	24.0	16.0	20.0	0.38138503569823723	0.042167604419924586
-0.9210624474687461	cosine	24.0	20.0	4.0	0.2501221597922891	0.12881724171626302
0.15206959652339722	cosine	24.0	12.0	16.0	0.19069251784911861	0.19405940885016393
-0.2657348556442565	cosine	24.0	8.0	12.0	0.2364037567692295	0.1423291682149232
-0.35145963736350816	cosine	24.0	16.0	0.0	0.37518323968843365	0.044753897420978433
-0.6355743184761502	cosine	24.0	16.0	20.0	0.5402954672391693	0.0072373318982772135
-0.1819330235208855	cosine	24.0	0.0	4.0	0.488567763989741	0.013512582066973257
1.1983450320432638	cosine	24.0	0.0	8.0	0.5315095895586144	0.008075181454718987
-0.7753431491711009	cosine	24.0	4.0	0.0	0.36248576037948527	0.05044712112711767
0.27853370087012674	cosine	24.0	16.0	4.0	0.38770175433269644	0.03965908586713749
0.5871318851130212	cosine	24.0	0.0	4.0	0.4570472630871771	0.01929656018546278
-0.3821767770012696	cosine	24.0	0.0	16.0	0.37518323968843365	0.044753897420978433
-0.6281155634724236	cosine	24.0	16.0	0.0	0.43771377963650593	0.02379564823412834
-0.23334323116904448	cosine	24.0	12.0	8.0	0.42552676218461316	0.027061931661110435
0.39044767192223395	cosine	24.0	4.0	12.0	0.40644850966246976	0.03292085287309089
0.07569914500559927	cosine	24.0	20.0	16.0	0.2860387767736779	0.0977376033412587
-0.3311721151355219	cosine	24.0	12.0	16.0	0.31782086308186436	0.07516173316558697
0.5650383220091748	cosine	24.0	8.0	4.0	0.42552676218461316	0.027061931661110435
1.2358479977485248	cosine	24.0	0.0	12.0	0.325669473639465	0.07025277592236653
1.2894865852370867	cosine	24.0	20.0	4.0	0.37518323968843365	0.044753897420978433
1.041149276487878	cosine	24.0	4.0	0.0	0.4570472630871771	0.01929656018546278
-2.23234558141614	cosine	24.0	16.0	20.0	0.2860387767736779	0.0977376033412587
-0.9195336652599185	cosine	24.0	4.0	0.0	0.2364037567692295	0.1423291682149232
1.4533902971525383	cosine	24.0	4.0	0.0	0.4570472630871771	0.01929656018546278
-0.4343714228851325	cosine	24.0	4.0	20.0	0.7191012094028312	0.0005679614709175215
2.2630017738585635	cosine	24.0	0.0	4.0	0.14184225406153772	0.26045348007935765
-0.0943661937024379	cosine	24.0	12.0	8.0	0.42552676218461316	0.027061931661110435
-1.6427654845377968	cosine	24.0	4.0	20.0	0.43771377963650593	0.02379564823412834
-0.5292047109790577	cosine	24.0	16.0	12.0	0.34960294939005077	0.05679866795607516
-0.17763664734731827	cosine	24.0	0.0	8.0	0.28138742976632525	0.10142035953841916
-0.10084366541979142	cosine	24.0	12.0	8.0	0.33096525947692135	0.06708239491800405
-0.8849663735235676	cosine	24.0	4.0	0.0	0.33096525947692135	0.06708239491800405
0.64891864003729	cosine	24.0	0.0	4.0	0.26792425767179345	0.11264743725548343
0.33694291113223046	cosine	24.0	12.0	8.0	0.42552676218461316	0.027061931661110435
-0.946255669384537	cosine	24.0	20.0	4.0	0.28138742976632525	0.10142035953841916
0.6905687785369123	cosine	24.0	4.0	20.0	0.40644850966246976	0.03292085287309089
1.0026969541763706	cosine	24.0	4.0	8.0	0.42552676218461316	0.027061931661110435
-0.7338491377183265	cosine	24.0	20.0	8.0	0.7077760731311638	0.0006794427973856082
0.5366946277247474	cosine	24.0	12.0	8.0	0.42552676218461316	0.027061931661110435
-1.1892058100252738	cosine	24.0	20.0	12.0	0.23262105259961785	0.14621780365458337
1.3313096360434513	cosine	24.0	16.0	8.0	0.325669473639465	0.07025277592236653
0.9293319818679807	cosine	24.0	16.0	20.0	0.41316712200642364	0.03074837886955296
0.5224322605572871	cosine	24.0	20.0	16.0	0.31782086308186436	0.07516173316558697
0.7692751811109281	cosine	24.0	12.0	20.0	0.325669473639465	0.07025277592236653
0.13777977040577669	cosine	24.0	12.0	16.0	0.2860387767736779	0.0977376033412587
0.16852154852144818	cosine	24.0	0.0	4.0	0.14184225406153772	0.26045348007935765
0.009131989167539628	cosine	24.0	12.0	8.0	0.36248576037948527	0.05044712112711767
-1.0848098319272117	cosine	24.0	8.0	0.0	0.2501221597922891	0.12881724171626302
0.47531644967118136	cosine	24.0	0.0	4.0	0.5516087657948688	0.006271913590386279
1.6122801095583554	cosine	24.0	12.0	0.0	0.325669473639465	0.07025277592236653
-1.8861235284796125	cosine	24.0	0.0	12.0	0.48075017537254355	0.014786104244078217
0.24854413099106626	cosine	24.0	20.0	0.0	0.5002443195845782	0.011787064559833655
-0.35880778370342165	cosine	24.0	8.0	12.0	0.520088264892305	0.009291071757416634
-1.3844367084956828	cosine	24.0	4.0	8.0	0.33096525947692135	0.06708239491800405
1.1576166522289508	cosine	24.0	20.0	0.0	0.37518323968843365	0.044753897420978433
-1.1061513227605873	cosine	24.0	12.0	8.0	0.33096525947692135	0.06708239491800405
0.26806412021420706	cosine	24.0	16.0	20.0	0.31782086308186436	0.07516173316558697
0.14284021702869867	cosine	24.0	0.0	16.0	0.5315095895586144	0.008075181454718987
-1.3466980954958723	cosine	24.0	8.0	12.0	0.26792425767179345	0.11264743725548343
1.5458011891786476	cosine	24.0	4.0	12.0	0.31265269974036136	0.07853426938217861
-0.8887277200044432	cosine	24.0	4.0	8.0	0.2364037567692295	0.1423291682149232
-1.6387726990042937	cosine	24.0	20.0	16.0	0.41316712200642364	0.03074837886955296
0.32494297096747765	cosine	24.0	12.0	20.0	0.325669473639465	0.07025277592236653
2.423448625666487	cosine	24.0	20.0	16.0	0.34960294939005077	0.05679866795607516
-0.3191003944030741	cosine	24.0	0.0	8.0	0.31265269974036136	0.07853426938217861
-1.7004517970909863	cosine	24.0	4.0	20.0	0.43771377963650593	0.02379564823412834
-2.62612102430322	cosine	24.0	4.0	20.0	0.31265269974036136	0.07853426938217861
0.8805349749182766	cosine	24.0	0.0	20.0	0.37518323968843365	0.044753897420978433
2.681393656289311	cosine	24.0	4.0	0.0	0.42552676218461316	0.027061931661110435
0.20150529814618015	cosine	24.0	0.0	4.0	0.33096525947692135	0.06708239491800405
0.18626902730039618	cosine	24.0	12.0	16.0	0.31782086308186436	0.07516173316558697
0.015307990184989725	cosine	24.0	12.0	0.0	0.325669473639465	0.07025277592236653
-0.8237541491136814	cosine	24.0	8.0	4.0	0.26792425767179345	0.11264743725548343
1.110121176313918	cosine	24.0	0.0	16.0	0.5002443195845782	0.011787064559833655
-0.24628576243523723	cosine	24.0	20.0	12.0	0.48075017537254355	0.014786104244078217
-1.2976871299579242	cosine	24.0	16.0	0.0	0.34391796971439753	0.05979464037584733
0.20950924825790984	cosine	24.0	16.0	20.0	0.31782086308186436	0.07516173316558697
1.1877989610591346	cosine	24.0	0.0	20.0	0.37518323968843365	0.044753897420978433
0.5852139960235623	cosine	24.0	20.0	16.0	0.19069251784911861	0.19405940885016393
0.23883466256610875	cosine	24.0	4.0	0.0	0.3940062612820492	0.037277784955182205
-1.0734621380258573	cosine	24.0	20.0	16.0	0.41316712200642364	0.03074837886955296
-0.49779554540862164	cosine	24.0	20.0	16.0	0.2860387767736779	0.0977376033412587
-1.0217831971910671	cosine	24.0	20.0	16.0	0.34960294939005077	0.05679866795607516
-0.1288649594436193	cosine	24.0	8.0	4.0	0.520088264892305	0.009291071757416634
1.2282604462120832	cosine	24.0	16.0	20.0	0.2860387767736779	0.0977376033412587
1.085214970705967	cosine	24.0	20.0	16.0	0.34960294939005077	0.05679866795607516
-1.0512939983700897	cosine	24.0	8.0	4.0	0.3940062612820492	0.037277784955182205
-0.9129211956780374	cosine	24.0	20.0	16.0	0.22247460415730505	0.1569979267286259
0.13407480790059018	cosine	24.0	12.0	16.0	0.4767312946227965	0.015480063791539503
-0.7874071054652039	cosine	24.0	0.0	4.0	0.33096525947692135	0.06708239491800405
-0.5128134909340869	cosine	24.0	16.0	20.0	0.22247460415730505	0.1569979267286259
1.6883487920236444	cosine	24.0	20.0	16.0	0.31782086308186436	0.07516173316558697
-0.31795743768131407	cosine	24.0	0.0	20.0	0.15632634987018068	0.23962792898088553
-1.429193797839986	cosine	24.0	8.0	4.0	0.3940062612820492	0.037277784955182205
-0.2199038278777555	cosine	24.0	12.0	16.0	0.41316712200642364	0.03074837886955296
0.5577045512579845	cosine	24.0	4.0	12.0	0.6253053994807227	0.0023274023270582257
-1.9950239307364315	cosine	24.0	4.0	20.0	0.34391796971439753	0.05979464037584733
-1.643230480296852	cosine	24.0	4.0	8.0	0.33096525947692135	0.06708239491800405
1.37897033613767	cosine	24.0	16.0	0.0	0.5315095895586144	0.008075181454718987
0.24497360508826413	cosine	24.0	20.0	16.0	0.34960294939005077	0.05679866795607516
-0.7681132724122722	cosine	24.0	12.0	16.0	0.508513380930983	0.01068384436354423
0.46186866512347063	cosine	24.0	16.0	12.0	0.5402954672391693	0.0072373318982772135
0.183761155202302	cosine	24.0	16.0	20.0	0.41316712200642364	0.03074837886955296
1.0004783577272203	cosine	24.0	0.0	20.0	0.43771377963650593	0.02379564823412834
0.05383116662949328	cosine	24.0	20.0	16.0	0.4767312946227965	0.015480063791539503
1.0714303167787176	cosine	24.0	4.0	12.0	0.28138742976632525	0.10142035953841916
-0.2931281357546224	cosine	24.0	12.0	8.0	0.3940062612820492	0.037277784955182205
-0.46833122981062214	cosine	24.0	12.0	16.0	0.15891043154093218	0.2360104104586807
0.17335790656402933	cosine	24.0	0.0	20.0	0.2501221597922891	0.12881724171626302
0.3738460814965016	cosine	24.0	12.0	16.0	0.31782086308186436	0.07516173316558697
-0.20462977872464688	cosine	24.0	16.0	0.0	0.2501221597922891	0.12881724171626302
-1.5766449010757912	cosine	24.0	0.0	8.0	0.2501221597922891	0.12881724171626302
0.7093337708672668	cosine	24.0	12.0	4.0	0.5940401295066866	0.0035886947605967253
0.29222866845526807	cosine	24.0	16.0	0.0	0.5315095895586144	0.008075181454718987
-1.0953083759597968	cosine	24.0	4.0	0.0	0.4570472630871771	0.01929656018546278
-0.13886794205414302	cosine	24.0	8.0	20.0	0.40004734568283173	0.03510685701315916
-2.031107929846828	cosine	24.0	8.0	20.0	0.3692744729379985	0.04733536431232824
-0.3817906239337408	cosine	24.0	16.0	12.0	0.2542566904654915	0.12492539106643724
-2.3357166346132163	cosine	24.0	16.0	12.0	0.2860387767736779	0.0977376033412587
-1.6836469139832313	cosine	24.0	8.0	4.0	0.33096525947692135	0.06708239491800405
1.4964267895687788	cosine	24.0	20.0	12.0	0.23262105259961785	0.14621780365458337
0.059079390672847454	cosine	24.0	20.0	0.0	0.31265269974036136	0.07853426938217861
0.02111966601875212	cosine	24.0	20.0	16.0	0.5720775535473558	0.004811332704071246
0.12784182474689204	cosine	24.0	12.0	4.0	0.5002443195845782	0.011787064559833655
1.33784876515034	cosine	24.0	16.0	4.0	0.325669473639465	0.07025277592236653
0.8786988955058666	cosine	24.0	4.0	8.0	0.4570472630871771	0.01929656018546278
-0.8309488405239699	cosine	24.0	0.0	4.0	0.2048832558666656	0.1768962477431396
1.5379687500255725	cosine	24.0	20.0	16.0	0.4449492083146101	0.022018113736134944
-1.3990196643357353	cosine	24.0	12.0	16.0	0.2860387767736779	0.0977376033412587
-0.2935061669185873	cosine	24.0	20.0	16.0	0.4767312946227965	0.015480063791539503
0.1576090810553263	cosine	24.0	20.0	0.0	0.37518323968843365	0.044753897420978433
0.2394625905117189	cosine	24.0	12.0	8.0	0.4570472630871771	0.01929656018546278
-0.7178269715676453	cosine	24.0	12.0	16.0	0.31782086308186436	0.07516173316558697
1.0871064852817116	cosine	24.0	0.0	8.0	0.34391796971439753	0.05979464037584733
0.14220300386905854	cosine	24.0	8.0	4.0	0.4570472630871771	0.01929656018546278
-0.25713732024595193	cosine	24.0	8.0	12.0	0.3940062612820492	0.037277784955182205
0.6986657198898445	cosine	24.0	12.0	16.0	0.31782086308186436	0.07516173316558697
-0.312520298455315	cosine	24.0	8.0	12.0	0.520088264892305	0.009291071757416634
0.05176106448300144	cosine	24.0	12.0	16.0	0.5402954672391693	0.0072373318982772135
-0.10801382862088578	cosine	24.0	8.0	12.0	0.3940062612820492	0.037277784955182205
-0.5287929272438555	cosine	24.0	20.0	16.0	0.22247460415730505	0.1569979267286259
-0.12090345928312912	cosine	24.0	20.0	0.0	0.31265269974036136	0.07853426938217861
-0.3514131536089957	cosine	24.0	12.0	20.0	0.35668561398608073	0.053232974601062806
-0.21072484111787118	cosine	24.0	16.0	12.0	0.31782086308186436	0.07516173316558697
-0.21902861221318073	cosine	24.0	20.0	16.0	0.41316712200642364	0.03074837886955296
0.44140826553220924	cosine	24.0	12.0	20.0	0.325669473639465	0.07025277592236653
1.1056214359807297	cosine	24.0	20.0	16.0	0.4449492083146101	0.022018113736134944
0.8381751076337789	cosine	24.0	16.0	0.0	0.5627748595326505	0.005432675743650132
-0.7046792827836961	cosine	24.0	16.0	0.0	0.40644850966246976	0.03292085287309089
-0.31051525561949045	cosine	24.0	4.0	8.0	0.3940062612820492	0.037277784955182205
-2.236681902000652	cosine	24.0	8.0	12.0	0.488567763989741	0.013512582066973257
0.07805693243563432	cosine	24.0	4.0	8.0	0.6146497675999968	0.002703128848699784
0.03858638278136604	cosine	24.0	8.0	0.0	0.46897904961054204	0.016897895516253123
-0.9907335690036777	cosine	24.0	12.0	16.0	0.2860387767736779	0.0977376033412587
-0.630238623033203	cosine	24.0	0.0	4.0	0.488567763989741	0.013512582066973257
-0.11644344974856735	cosine	24.0	12.0	4.0	0.37518323968843365	0.044753897420978433
-0.0010060120347827085	cosine	24.0	0.0	20.0	0.12506107989614454	0.2856969100727392
-1.2540191198883242	cosine	24.0	8.0	4.0	0.14184225406153772	0.26045348007935765
0.35982464860686103	cosine	24.0	20.0	12.0	0.44973403502592785	0.02090527421057417
1.5911532107173345	cosine	24.0	20.0	16.0	0.2542566904654915	0.12492539106643724
-0.8554493867227692	cosine	24.0	12.0	4.0	0.18759161984421682	0.1979406704679717
0.24920781865196684	cosine	24.0	20.0	0.0	0.28138742976632525	0.10142035953841916
-1.03742670549132	cosine	24.0	0.0	20.0	0.5315095895586144	0.008075181454718987
-0.18188318968858885	cosine	24.0	20.0	16.0	0.31782086308186436	0.07516173316558697
0.6691324857930228	cosine	24.0	20.0	0.0	0.40644850966246976	0.03292085287309089
-0.383784355200144	cosine	24.0	4.0	12.0	0.5002443195845782	0.011787064559833655
-0.15820715722009365	cosine	24.0	4.0	8.0	0.2994447585743574	0.08767317792776053
0.6028710271310699	cosine	24.0	20.0	4.0	0.43771377963650593	0.02379564823412834
2.225499514419049	cosine	24.0	12.0	8.0	0.33096525947692135	0.06708239491800405
-1.1607777126369965	cosine	24.0	8.0	4.0	0.3940062612820492	0.037277784955182205
-2.170967536046683	cosine	24.0	0.0	4.0	0.17336275496410164	0.21634316011970334
-1.271362204218687	cosine	24.0	12.0	20.0	0.41871789467931214	0.02904431653896035
-0.4296439184883606	cosine	24.0	20.0	16.0	0.31782086308186436	0.07516173316558697
0.7020885002646864	cosine	24.0	16.0	12.0	0.4449492083146101	0.022018113736134944
-0.6067723773810342	cosine	24.0	12.0	8.0	0.33096525947692135	0.06708239491800405
0.056740298950825455	cosine	24.0	20.0	4.0	0.15632634987018068	0.23962792898088553
0.10217761803071401	cosine	24.0	16.0	12.0	0.2542566904654915	0.12492539106643724
-0.31367576947604797	cosine	24.0	16.0	4.0	0.5737985964123907	0.004703590814103545
-1.8998610147378634	cosine	24.0	0.0	4.0	0.2364037567692295	0.1423291682149232
-1.925519847725866	cosine	24.0	0.0	20.0	0.31265269974036136	0.07853426938217861
-0.3552755983931893	cosine	24.0	12.0	8.0	0.2364037567692295	0.1423291682149232
0.26449174450800544	cosine	24.0	4.0	16.0	0.5117663157191593	0.010275152505006458
0.3185976703358519	cosine	24.0	4.0	16.0	0.26363719294623356	0.11640217218244758
-0.9606995158442722	cosine	24.0	20.0	0.0	0.46897904961054204	0.016897895516253123
1.5761875260674585	cosine	24.0	8.0	12.0	0.42552676218461316	0.027061931661110435
-0.10991056699906145	cosine	24.0	0.0	20.0	0.34391796971439753	0.05979464037584733
-0.3674907959986289	cosine	24.0	20.0	0.0	0.46897904961054204	0.016897895516253123
1.2082464346242845	cosine	24.0	20.0	8.0	0.43082021842766494	0.02559992123005601
0.014318997383277817	cosine	24.0	8.0	4.0	0.520088264892305	0.009291071757416634
1.1319415743249526	cosine	24.0	12.0	4.0	0.18759161984421682	0.1979406704679717
1.2933604222045063	cosine	24.0	16.0	12.0	0.5720775535473558	0.004811332704071246
0.2246749690367326	cosine	24.0	20.0	0.0	0.5002443195845782	0.011787064559833655
0.7214297892162995	cosine	24.0	12.0	0.0	0.35668561398608073	0.053232974601062806
0.10024805165235566	cosine	24.0	12.0	20.0	0.325669473639465	0.07025277592236653
0.25149019078116136	cosine	24.0	20.0	8.0	0.3692744729379985	0.04733536431232824
-1.8415531193319028	cosine	24.0	12.0	4.0	0.2501221597922891	0.12881724171626302
0.34045372512547	cosine	24.0	0.0	16.0	0.31265269974036136	0.07853426938217861
-0.6831912288759006	cosine	24.0	16.0	0.0	0.46897904961054204	0.016897895516253123
0.0906251760405926	cosine	24.0	20.0	0.0	0.6565706694547588	0.001481745846560898
-0.5486268410321663	cosine	24.0	0.0	20.0	0.34391796971439753	0.05979464037584733
0.7360575442544799	cosine	24.0	4.0	8.0	0.7722522721128164	0.00023698638032029084
0.16850931793085341	cosine	24.0	16.0	8.0	0.23262105259961785	0.14621780365458337
0.530418840126502	cosine	24.0	0.0	20.0	0.43771377963650593	0.02379564823412834
0.00680877203140453	cosine	24.0	0.0	20.0	0.21885688981825296	0.16096491949833142
0.8815209326646438	cosine	24.0	4.0	12.0	0.15632634987018068	0.23962792898088553
0.34711378663440723	cosine	24.0	12.0	8.0	0.14184225406153772	0.26045348007935765
1.6300243040086355	cosine	24.0	16.0	0.0	0.37518323968843365	0.044753897420978433
0.1250866323506548	cosine	24.0	16.0	12.0	0.2542566904654915	0.12492539106643724
1.1645514475939012	cosine	24.0	4.0	0.0	0.42552676218461316	0.027061931661110435
0.28641419767236437	cosine	24.0	4.0	0.0	0.520088264892305	0.009291071757416634
-0.9192865486236609	cosine	24.0	4.0	20.0	0.43771377963650593	0.02379564823412834
0.7001765462501293	cosine	24.0	20.0	0.0	0.28138742976632525	0.10142035953841916
0.8830437132716838	cosine	24.0	16.0	12.0	0.34960294939005077	0.05679866795607516
0.1480978205064744	cosine	24.0	0.0	20.0	0.2501221597922891	0.12881724171626302
-0.21595437931211217	cosine	24.0	8.0	0.0	0.34391796971439753	0.05979464037584733
1.515279010314935	cosine	24.0	12.0	20.0	0.26363719294623356	0.11640217218244758
-0.8176342223800593	cosine	24.0	20.0	16.0	0.2542566904654915	0.12492539106643724
-0.35636559365224	cosine	24.0	8.0	16.0	0.38770175433269644	0.03965908586713749
1.3571820921896398	cosine	24.0	8.0	0.0	0.43771377963650593	0.02379564823412834
-0.73576469956024	cosine	24.0	0.0	20.0	0.21885688981825296	0.16096491949833142
-1.5653806310868885	cosine	24.0	12.0	0.0	0.325669473639465	0.07025277592236653
-0.3794219797303562	cosine	24.0	20.0	16.0	0.41316712200642364	0.03074837886955296
-1.2423446775801346	cosine	24.0	16.0	0.0	0.5627748595326505	0.005432675743650132
-0.18918336952079995	cosine	24.0	20.0	0.0	0.5315095895586144	0.008075181454718987
0.30209579061633063	cosine	24.0	4.0	0.0	0.26792425767179345	0.11264743725548343
1.3573174244564792	cosine	24.0	16.0	20.0	0.31782086308186436	0.07516173316558697
-1.9933111259147993	cosine	24.0	0.0	12.0	0.48075017537254355	0.014786104244078217
-0.8872446546121299	cosine	24.0	8.0	20.0	0.3077287274483321	0.08185299552131142
0.35747782276798173	cosine	24.0	16.0	20.0	0.19069251784911861	0.19405940885016393
1.553144863962125	cosine	24.0	4.0	8.0	0.5831292666974328	0.004156084107205838
-0.4619844508357032	cosine	24.0	8.0	16.0	0.6048147367590064	0.0030976341623523166
1.2039402954862841	cosine	24.0	4.0	8.0	0.5516087657948688	0.006271913590386279
-0.9224549000524151	cosine	24.0	20.0	0.0	0.34391796971439753	0.05979464037584733
1.082700841783457	cosine	24.0	0.0	20.0	0.6565706694547588	0.001481745846560898
0.28873101859688766	cosine	24.0	20.0	4.0	0.28138742976632525	0.10142035953841916
0.3704725525916792	cosine	24.0	0.0	8.0	0.31265269974036136	0.07853426938217861
0.9906803443334865	cosine	24.0	12.0	20.0	0.325669473639465	0.07025277592236653
0.4335696322630331	cosine	24.0	20.0	16.0	0.41316712200642364	0.03074837886955296
1.585917520712398	cosine	24.0	8.0	0.0	0.46897904961054204	0.016897895516253123
-0.3354083915176009	cosine	24.0	16.0	20.0	0.31782086308186436	0.07516173316558697
-0.12591088691658403	cosine	24.0	12.0	8.0	0.5516087657948688	0.006271913590386279
-1.2330358375952246	cosine	24.0	16.0	12.0	0.2860387767736779	0.0977376033412587
2.2824355698063927	cosine	24.0	8.0	12.0	0.07880125225640984	0.3606815004067642
0.1286942243858002	cosine	24.0	8.0	4.0	0.33096525947692135	0.06708239491800405
0.5800254685286667	cosine	24.0	12.0	16.0	0.41316712200642364	0.03074837886955296
-1.4045165702957034	cosine	24.0	16.0	4.0	0.44973403502592785	0.02090527421057417
0.46306355873715366	cosine	24.0	8.0	12.0	0.520088264892305	0.009291071757416634
-0.17526289049395716	cosine	24.0	0.0	16.0	0.46897904961054204	0.016897895516253123
-0.22820880802622215	cosine	24.0	12.0	4.0	0.31265269974036136	0.07853426938217861
0.23555766051534552	cosine	24.0	20.0	0.0	0.43771377963650593	0.02379564823412834
0.20717751476285662	cosine	24.0	12.0	4.0	0.43771377963650593	0.02379564823412834
-1.442114705826051	cosine	24.0	8.0	4.0	0.2994447585743574	0.08767317792776053
-0.35436442636753335	cosine	24.0	4.0	12.0	0.46897904961054204	0.016897895516253123
0.17959698328486381	cosine	24.0	8.0	4.0	0.2364037567692295	0.1423291682149232
-0.15751673995353455	cosine	24.0	20.0	8.0	0.43082021842766494	0.02559992123005601
1.6669363784731235	cosine	24.0	16.0	12.0	0.38138503569823723	0.042167604419924586
0.8099238222138448	cosine	24.0	8.0	4.0	0.14184225406153772	0.26045348007935765
0.5570655175246477	cosine	24.0	4.0	0.0	0.4570472630871771	0.01929656018546278
1.1877110219512828	cosine	24.0	8.0	4.0	0.3940062612820492	0.037277784955182205
-0.5268225560080467	cosine	24.0	0.0	16.0	0.37518323968843365	0.044753897420978433
-0.1535179193591016	cosine	24.0	0.0	8.0	0.46897904961054204	0.016897895516253123
1.1142085035367733	cosine	24.0	12.0	20.0	0.23262105259961785	0.14621780365458337
-1.38922802801026	cosine	24.0	12.0	16.0	0.2542566904654915	0.12492539106643724
-0.408951768333129	cosine	24.0	4.0	0.0	0.42552676218461316	0.027061931661110435
-0.8662799149990661	cosine	24.0	4.0	0.0	0.6461702685025607	0.001725440175873364
1.5777055791344443	cosine	24.0	12.0	0.0	0.325669473639465	0.07025277592236653
1.5852815584493483	cosine	24.0	4.0	16.0	0.29465333329284926	0.09117756893125428
-0.014361164923913745	cosine	24.0	4.0	8.0	0.8037727730153804	0.00013753899982164714
-1.505379466693158	cosine	24.0	12.0	20.0	0.6048147367590064	0.0030976341623523166
0.09555267951065503	cosine	24.0	12.0	20.0	0.35668561398608073	0.053232974601062806
-0.3113576733825592	cosine	24.0	16.0	0.0	0.5315095895586144	0.008075181454718987
0.15455811663057897	cosine	24.0	0.0	20.0	0.34391796971439753	0.05979464037584733
-0.9680287329322407	cosine	24.0	4.0	20.0	0.43771377963650593	0.02379564823412834
1.0371893484125705	cosine	24.0	16.0	4.0	0.5117663157191593	0.010275152505006458
-1.0282331873264432	cosine	24.0	20.0	4.0	0.5315095895586144	0.008075181454718987
-0.33232098516290737	cosine	24.0	16.0	12.0	0.2542566904654915	0.12492539106643724
-0.5838432673306272	cosine	24.0	4.0	20.0	0.6878359394287951	0.0009259810947007011
-0.0386633954179518	cosine	24.0	20.0	16.0	0.6674238124719151	0.0012612939717876347
-0.8173420897222282	cosine	24.0	20.0	0.0	0.5315095895586144	0.008075181454718987
2.105499834736242	cosine	24.0	12.0	16.0	0.31782086308186436	0.07516173316558697
0.20785651074728465	cosine	24.0	0.0	4.0	0.3940062612820492	0.037277784955182205
-1.003234071334482	cosine	24.0	0.0	20.0	0.37518323968843365	0.044753897420978433
0.4238417560572089	cosine	24.0	8.0	12.0	0.36248576037948527	0.05044712112711767
0.4158600275619064	cosine	24.0	8.0	12.0	0.520088264892305	0.009291071757416634
-1.04217802208139	cosine	24.0	20.0	16.0	0.5402954672391693	0.0072373318982772135
1.1902939887163688	cosine	24.0	8.0	4.0	0.33096525947692135	0.06708239491800405
1.4444126524142724	cosine	24.0	16.0	20.0	0.4449492083146101	0.022018113736134944
2.3981006845107715	cosine	24.0	4.0	8.0	0.4570472630871771	0.01929656018546278
1.2624969010708738	cosine	24.0	4.0	20.0	0.21885688981825296	0.16096491949833142
-0.4448840378466187	cosine	24.0	8.0	20.0	0.584684582151831	0.004070583044510975
-1.2246164975752791	cosine	24.0	12.0	8.0	0.5516087657948688	0.006271913590386279
0.7868103869501154	cosine	24.0	8.0	12.0	0.33096525947692135	0.06708239491800405
0.5361872243037682	cosine	24.0	4.0	0.0	0.42552676218461316	0.027061931661110435
0.06956116025972879	cosine	24.0	0.0	4.0	0.26792425767179345	0.11264743725548343
-1.288449972024917	cosine	24.0	0.0	8.0	0.37518323968843365	0.044753897420978433
-0.37445027514348095	cosine	24.0	4.0	8.0	0.7092112703076886	0.0006642756623393738
-0.5907692538133675	cosine	24.0	8.0	4.0	0.3940062612820492	0.037277784955182205
-0.5050491702188777	cosine	24.0	16.0	20.0	0.2860387767736779	0.0977376033412587
-1.360434762662402	cosine	24.0	0.0	12.0	0.38770175433269644	0.03965908586713749
0.2966892919629773	cosine	24.0	12.0	16.0	0.4767312946227965	0.015480063791539503
0.8468877709647753	cosine	24.0	16.0	12.0	0.4449492083146101	0.022018113736134944
-0.49165029887466755	cosine	24.0	12.0	16.0	0.34960294939005077	0.05679866795607516
-0.43040424807860167	cosine	24.0	8.0	4.0	0.42552676218461316	0.027061931661110435
-0.6940938071914393	cosine	24.0	0.0	16.0	0.28138742976632525	0.10142035953841916
1.938813691217333	cosine	24.0	16.0	12.0	0.34960294939005077	0.05679866795607516
1.2732355627308491	cosine	24.0	12.0	8.0	0.5831292666974328	0.004156084107205838
-0.6150271938825529	cosine	24.0	8.0	12.0	0.26792425767179345	0.11264743725548343
1.425262174589848	cosine	24.0	4.0	0.0	0.2364037567692295	0.1423291682149232
1.0675146604069083	cosine	24.0	16.0	0.0	0.28138742976632525	0.10142035953841916
-0.07223708031017952	cosine	24.0	0.0	4.0	0.2364037567692295	0.1423291682149232
-1.1227040995848059	cosine	24.0	16.0	20.0	0.41316712200642364	0.03074837886955296
-0.010830872546006717	cosine	24.0	0.0	8.0	0.37518323968843365	0.044753897420978433
-1.0102818844098391	cosine	24.0	0.0	20.0	0.43771377963650593	0.02379564823412834
-0.16904048705129476	cosine	24.0	12.0	8.0	0.520088264892305	0.009291071757416634
-0.3736032459297328	cosine	24.0	12.0	16.0	0.38138503569823723	0.042167604419924586
0.9656769502832364	cosine	24.0	16.0	8.0	0.35668561398608073	0.053232974601062806
-0.6813839054793505	cosine	24.0	12.0	8.0	0.17336275496410164	0.21634316011970334
-0.5606779616654628	cosine	24.0	0.0	4.0	0.14184225406153772	0.26045348007935765
-0.178845834304978	cosine	24.0	0.0	20.0	0.40644850966246976	0.03292085287309089
-0.47184505552143535	cosine	24.0	4.0	8.0	0.42552676218461316	0.027061931661110435
1.1782539085937875	cosine	24.0	8.0	12.0	0.3940062612820492	0.037277784955182205
1.1579824599862047	cosine	24.0	8.0	12.0	0.2994447585743574	0.08767317792776053
1.2828522054858198	cosine	24.0	8.0	4.0	0.4570472630871771	0.01929656018546278
0.036537732331297	cosine	24.0	20.0	16.0	0.34960294939005077	0.05679866795607516
1.3675229228377077	cosine	24.0	16.0	20.0	0.4449492083146101	0.022018113736134944
-0.2892800137308731	cosine	24.0	12.0	8.0	0.33096525947692135	0.06708239491800405
-0.6056320416813148	cosine	24.0	16.0	12.0	0.38138503569823723	0.042167604419924586
1.421998686090243	cosine	24.0	4.0	8.0	0.3940062612820492	0.037277784955182205
1.997562676172969	cosine	24.0	20.0	0.0	0.40644850966246976	0.03292085287309089
1.9891802954492246	cosine	24.0	16.0	12.0	0.4449492083146101	0.022018113736134944
-0.7958000280925424	cosine	24.0	20.0	0.0	0.34391796971439753	0.05979464037584733
-0.2281621569403041	cosine	24.0	0.0	20.0	0.2501221597922891	0.12881724171626302
-0.011054476763812705	cosine	24.0	0.0	20.0	0.40644850966246976	0.03292085287309089
-1.009646945106591	cosine	24.0	4.0	20.0	0.37518323968843365	0.044753897420978433
2.0871443666434315	cosine	24.0	16.0	12.0	0.34960294939005077	0.05679866795607516
0.3659156320535255	cosine	24.0	4.0	16.0	0.20160491225300214	0.18077354211323055
-0.26324687256562995	cosine	24.0	8.0	20.0	0.46159309117249814	0.018350598749125858
0.0621993626808028	cosine	24.0	4.0	8.0	0.33096525947692135	0.06708239491800405
-0.43368409302388905	cosine	24.0	20.0	16.0	0.15891043154093218	0.2360104104586807
1.4595674575250435	cosine	24.0	16.0	12.0	0.12712834523274574	0.282525295751344
-0.3839726547627311	cosine	24.0	20.0	16.0	0.2860387767736779	0.0977376033412587
1.0856988830404248	cosine	24.0	4.0	12.0	0.43771377963650593	0.02379564823412834
-1.3692815262512434	cosine	24.0	16.0	12.0	0.2542566904654915	0.12492539106643724
0.2623085784690963	cosine	24.0	4.0	8.0	0.3940062612820492	0.037277784955182205
-0.9926196682421373	cosine	24.0	8.0	12.0	0.17336275496410164	0.21634316011970334
-0.25934609961084454	cosine	24.0	16.0	12.0	0.19069251784911861	0.19405940885016393
0.3510466683658365	cosine	24.0	16.0	12.0	0.4767312946227965	0.015480063791539503
1.7056039416721147	cosine	24.0	16.0	8.0	0.108556491213155	0.31160584178390943
-1.357148960885228	cosine	24.0	4.0	8.0	0.4570472630871771	0.01929656018546278
0.6724761818183892	cosine	24.0	16.0	4.0	0.44973403502592785	0.02090527421057417
0.6178918908509465	cosine	24.0	4.0	16.0	0.41871789467931214	0.02904431653896035
-0.33665129359427315	cosine	24.0	8.0	12.0	0.33096525947692135	0.06708239491800405
-0.9382144769471901	cosine	24.0	4.0	0.0	0.2364037567692295	0.1423291682149232
-1.2352245186560564	cosine	24.0	20.0	12.0	0.23262105259961785	0.14621780365458337
-1.6516692633409578	cosine	24.0	20.0	12.0	0.23262105259961785	0.14621780365458337
-0.7663707190525676	cosine	24.0	8.0	12.0	0.36248576037948527	0.05044712112711767
0.11794610390088336	cosine	24.0	4.0	0.0	0.2994447585743574	0.08767317792776053
1.2715669715516946	cosine	24.0	12.0	8.0	0.36248576037948527	0.05044712112711767
0.5363387412183691	cosine	24.0	20.0	16.0	0.31782086308186436	0.07516173316558697
1.0163974686823019	cosine	24.0	16.0	20.0	0.19069251784911861	0.19405940885016393
0.5819222100276702	cosine	24.0	16.0	12.0	0.6356417261637287	0.0020087796364305814
1.1508674817911542	cosine	24.0	20.0	0.0	0.31265269974036136	0.07853426938217861
-1.4532621201147087	cosine	24.0	12.0	20.0	0.20160491225300214	0.18077354211323055
-2.1960410213107524	cosine	24.0	0.0	20.0	0.2501221597922891	0.12881724171626302
-1.1252229321693155	cosine	24.0	20.0	0.0	0.31265269974036136	0.07853426938217861
-1.6676850577278457	cosine	24.0	16.0	4.0	0.38770175433269644	0.03965908586713749
0.671925396685541	cosine	24.0	20.0	16.0	0.2860387767736779	0.0977376033412587
-0.0924823281875786	cosine	24.0	12.0	8.0	0.4570472630871771	0.01929656018546278
-1.0130352800096638	cosine	24.0	8.0	16.0	0.5117663157191593	0.010275152505006458
0.8120076799875066	cosine	24.0	4.0	12.0	0.43771377963650593	0.02379564823412834
-0.5634092427904425	cosine	24.0	0.0	20.0	0.46897904961054204	0.016897895516253123
0.5905580336203012	cosine	24.0	20.0	16.0	0.4767312946227965	0.015480063791539503
-2.18726389128873	cosine	24.0	4.0	8.0	0.4570472630871771	0.01929656018546278
-1.3113095199139637	cosine	24.0	16.0	12.0	0.31782086308186436	0.07516173316558697
-0.9313972966232322	cosine	24.0	0.0	16.0	0.21885688981825296	0.16096491949833142
-0.1643812527022778	cosine	24.0	4.0	8.0	0.33096525947692135	0.06708239491800405
-0.36139552902542604	cosine	24.0	4.0	8.0	0.2994447585743574	0.08767317792776053
-1.4158899046522728	cosine	24.0	12.0	8.0	0.3940062612820492	0.037277784955182205
-0.22483453441700202	cosine	24.0	20.0	0.0	0.34391796971439753	0.05979464037584733
1.0750250665478676	cosine	24.0	20.0	16.0	0.508513380930983	0.01068384436354423
1.5001168547077817	cosine	24.0	8.0	4.0	0.2364037567692295	0.1423291682149232
-0.5685789340838218	cosine	24.0	0.0	12.0	0.26363719294623356	0.11640217218244758
-1.8578468814709697	cosine	24.0	4.0	16.0	0.48075017537254355	0.014786104244078217
0.2905132057272822	cosine	24.0	8.0	0.0	0.37518323968843365	0.044753897420978433
-1.037894430239553	cosine	24.0	0.0	12.0	0.44973403502592785	0.02090527421057417
0.3157281711709651	cosine	24.0	4.0	16.0	0.35668561398608073	0.053232974601062806
-1.0580737482776505	cosine	24.0	4.0	8.0	0.2994447585743574	0.08767317792776053
0.13099370849716863	cosine	24.0	20.0	0.0	0.37518323968843365	0.044753897420978433
1.6373680999100242	cosine	24.0	4.0	8.0	0.26792425767179345	0.11264743725548343
-0.1399757910557605	cosine	24.0	0.0	8.0	0.34391796971439753	0.05979464037584733
-0.10301824272842551	cosine	24.0	4.0	16.0	0.44973403502592785	0.02090527421057417
0.3715692589429108	cosine	24.0	12.0	16.0	0.2542566904654915	0.12492539106643724
-0.47754595691488233	cosine	24.0	16.0	20.0	0.41316712200642364	0.03074837886955296
-0.02041728901570886	cosine	24.0	16.0	8.0	0.29465333329284926	0.09117756893125428
0.45507554220060736	cosine	24.0	12.0	16.0	0.5720775535473558	0.004811332704071246
-0.853517104367881	cosine	24.0	4.0	8.0	0.6146497675999968	0.002703128848699784
0.49054352184784	cosine	24.0	4.0	0.0	0.6146497675999968	0.002703128848699784
0.017435298022051928	cosine	24.0	0.0	4.0	0.3940062612820492	0.037277784955182205
-0.692310949504386	cosine	24.0	12.0	16.0	0.5402954672391693	0.0072373318982772135
-1.35281835778651	cosine	24.0	20.0	4.0	0.40644850966246976	0.03292085287309089
-0.6139876553654243	cosine	24.0	4.0	16.0	0.325669473639465	0.07025277592236653
-0.6239231585206642	cosine	24.0	12.0	4.0	0.46897904961054204	0.016897895516253123
-1.282811515221385	cosine	24.0	16.0	12.0	0.31782086308186436	0.07516173316558697
-0.5939051964137152	cosine	24.0	8.0	4.0	0.2364037567692295	0.1423291682149232
0.2043767452397894	cosine	24.0	12.0	8.0	0.488567763989741	0.013512582066973257
-1.2259084037579693	cosine	24.0	20.0	16.0	0.2542566904654915	0.12492539106643724
-1.3336347366167376	cosine	24.0	16.0	12.0	0.38138503569823723	0.042167604419924586
-1.2814391522805673	cosine	24.0	8.0	12.0	0.2048832558666656	0.1768962477431396
0.028669180538027892	cosine	24.0	12.0	8.0	0.26792425767179345	0.11264743725548343
0.0004748641606433589	cosine	24.0	20.0	8.0	0.49236596391733134	0.012928792206995913
0.3869823904747589	cosine	24.0	0.0	8.0	0.5315095895586144	0.008075181454718987
1.084642775141918	cosine	24.0	4.0	8.0	0.26792425767179345	0.11264743725548343
1.4278486272261681	cosine	24.0	16.0	12.0	0.2542566904654915	0.12492539106643724
0.17719726499890248	cosine	24.0	0.0	20.0	0.28138742976632525	0.10142035953841916
-0.33222256836320313	cosine	24.0	16.0	12.0	0.6038596398555423	0.0031385812005819934
1.4564077330141343	cosine	24.0	0.0	20.0	0.37518323968843365	0.044753897420978433
1.1928199497421361	cosine	24.0	4.0	0.0	0.3940062612820492	0.037277784955182205
0.03471082684521419	cosine	24.0	12.0	20.0	0.38770175433269644	0.03965908586713749
0.09298013436516825	cosine	24.0	16.0	20.0	0.4767312946227965	0.015480063791539503
-0.46646670985421484	cosine	24.0	20.0	16.0	0.2542566904654915	0.12492539106643724
0.28504512886686534	cosine	24.0	8.0	0.0	0.5002443195845782	0.011787064559833655
-1.8031598568678202	cosine	24.0	20.0	0.0	0.31265269974036136	0.07853426938217861
2.4749020293808504	cosine	24.0	8.0	4.0	0.3940062612820492	0.037277784955182205
-0.34102528792376363	cosine	24.0	0.0	8.0	0.5315095895586144	0.008075181454718987
-0.04099643211313083	cosine	24.0	20.0	16.0	0.31782086308186436	0.07516173316558697
0.18193863204272617	cosine	24.0	20.0	0.0	0.5940401295066866	0.0035886947605967253
-0.15593468349712883	cosine	24.0	20.0	0.0	0.5940401295066866	0.0035886947605967253
1.306463941879668	cosine	24.0	16.0	12.0	0.4449492083146101	0.022018113736134944
0.5257563525962419	cosine	24.0	20.0	0.0	0.34391796971439753	0.05979464037584733
-1.2369628073135517	cosine	24.0	12.0	8.0	0.42552676218461316	0.027061931661110435
-3.571188981363292	cosine	24.0	8.0	4.0	0.488567763989741	0.013512582066973257
-1.012997812916896	cosine	24.0	12.0	8.0	0.26792425767179345	0.11264743725548343
0.5972707371569522	cosine	24.0	16.0	20.0	0.2542566904654915	0.12492539106643724
0.18995435988869575	cosine	24.0	0.0	20.0	0.7503664793768673	0.00034189223478594356
1.1822286191663036	cosine	24.0	16.0	20.0	0.41316712200642364	0.03074837886955296
-0.1487552311338754	cosine	24.0	4.0	8.0	0.33096525947692135	0.06708239491800405
0.07759252150761166	cosine	24.0	4.0	8.0	0.33096525947692135	0.06708239491800405
1.0353729308851103	cosine	24.0	12.0	16.0	0.2860387767736779	0.0977376033412587
1.0636917195475635	cosine	24.0	20.0	16.0	0.2860387767736779	0.0977376033412587
-0.6362291497344765	cosine	24.0	16.0	4.0	0.44973403502592785	0.02090527421057417
-0.7298458591007749	cosine	24.0	0.0	16.0	0.40644850966246976	0.03292085287309089
0.4077799884497929	cosine	24.0	20.0	16.0	0.38138503569823723	0.042167604419924586
0.7749495019450544	cosine	24.0	12.0	4.0	0.31265269974036136	0.07853426938217861
0.0996632170601625	cosine	24.0	12.0	8.0	0.2994447585743574	0.08767317792776053
0.11730884913222418	cosine	24.0	4.0	20.0	0.40644850966246976	0.03292085287309089
-0.6437220200039933	cosine	24.0	16.0	12.0	0.31782086308186436	0.07516173316558697
1.5451599196499899	cosine	24.0	0.0	4.0	0.3940062612820492	0.037277784955182205
0.8112130399610579	cosine	24.0	8.0	4.0	0.42552676218461316	0.027061931661110435
0.2354059594024478	cosine	24.0	4.0	12.0	0.5940401295066866	0.0035886947605967253
1.0627280203721983	cosine	24.0	8.0	12.0	0.3940062612820492	0.037277784955182205
0.5501452689796591	cosine	24.0	16.0	4.0	0.23262105259961785	0.14621780365458337
-1.120133414957033	cosine	24.0	12.0	16.0	0.31782086308186436	0.07516173316558697
0.8660677305435809	cosine	24.0	16.0	12.0	0.5720775535473558	0.004811332704071246
0.42709221761742194	cosine	24.0	12.0	8.0	0.42552676218461316	0.027061931661110435
0.15036699512067656	cosine	24.0	0.0	16.0	0.5940401295066866	0.0035886947605967253
0.754783389670011	cosine	24.0	8.0	12.0	0.4570472630871771	0.01929656018546278
-0.35885727379693205	cosine	24.0	20.0	16.0	0.2860387767736779	0.0977376033412587
0.0995932570117411	cosine	24.0	16.0	8.0	0.542782456065775	0.007014531725125648
