ID	Waveform	Period	Phase	Nadir	Tau	P
1.4078103402430175	cosine	24.0	2.0	12.0	0.4242424242424244	0.02742697317621316
1.1298595029853264	cosine	24.0	4.0	0.0	0.3636363636363638	0.04990853551146973
-0.56574517581969	cosine	24.0	16.0	12.0	0.45454545454545475	0.019834630913749846
0.8230369750548082	cosine	24.0	18.0	16.0	0.3333333333333335	0.06570102610411901
0.20690479400577752	cosine	24.0	20.0	0.0	0.6060606060606063	0.003044944233852819
1.9724356063441273	cosine	24.0	16.0	0.0	0.6969696969696972	0.0008043156973336818
0.26265052943855294	cosine	24.0	14.0	16.0	0.1818181818181819	0.20529080418760415
0.3060942578302349	cosine	24.0	22.0	0.0	0.4848484848484851	0.014106153084401886
1.6063154908377624	cosine	24.0	18.0	20.0	0.45454545454545475	0.019834630913749846
0.7954159098285521	cosine	24.0	14.0	0.0	0.6363636363636367	0.001988079806063042
-0.562265560326313	cosine	24.0	14.0	12.0	0.24242424242424254	0.1362855657955242
-0.9349301507984238	cosine	24.0	2.0	4.0	0.3939393939393941	0.037302414641954044
0.1705364043208219	cosine	24.0	6.0	4.0	0.3939393939393941	0.037302414641954044
0.7014313600171237	cosine	24.0	16.0	14.0	0.30303030303030315	0.08511721571435177
0.8045795849262454	cosine	24.0	16.0	14.0	0.3939393939393941	0.037302414641954044
0.1285895746590127	cosine	24.0	12.0	2.0	0.575757575757576	0.004583576838638997
1.0904304160484142	cosine	24.0	8.0	6.0	0.5151515151515154	0.00986438530634296
1.7661142473306506	cosine	24.0	6.0	2.0	0.30303030303030315	0.08511721571435177
1.0575882575080573	cosine	24.0	20.0	14.0	0.4242424242424244	0.02742697317621316
-0.4698101035982153	cosine	24.0	20.0	18.0	0.4848484848484851	0.014106153084401886
0.9426411967225257	cosine	24.0	10.0	8.0	0.45454545454545475	0.019834630913749846
-0.412557190556582	cosine	24.0	10.0	14.0	0.575757575757576	0.004583576838638997
1.5369178693501344	cosine	24.0	12.0	14.0	0.5151515151515154	0.00986438530634296
-0.4393964318165182	cosine	24.0	18.0	16.0	0.6060606060606063	0.003044944233852819
-1.405086738442975	cosine	24.0	12.0	10.0	0.4242424242424244	0.02742697317621316
1.1070993361682577	cosine	24.0	10.0	16.0	0.6363636363636367	0.001988079806063042
1.730981469353046	cosine	24.0	22.0	8.0	0.4848484848484851	0.014106153084401886
0.1621102575781579	cosine	24.0	2.0	10.0	0.6363636363636367	0.001988079806063042
0.5952129800265357	cosine	24.0	8.0	10.0	0.3939393939393941	0.037302414641954044
1.8910723481591223	cosine	24.0	22.0	4.0	0.5454545454545456	0.0067819162397311575
0.21364037422096885	cosine	24.0	0.0	22.0	0.3333333333333335	0.06570102610411901
-2.3172515262446516	cosine	24.0	20.0	14.0	0.4848484848484851	0.014106153084401886
1.1595910966529908	cosine	24.0	14.0	12.0	0.575757575757576	0.004583576838638997
0.5560936935306953	cosine	24.0	6.0	10.0	0.666666666666667	0.0012756406460599887
-2.026710124202071	cosine	24.0	16.0	14.0	0.3939393939393941	0.037302414641954044
0.8689297346567527	cosine	24.0	8.0	16.0	0.575757575757576	0.004583576838638997
-0.1758711564845745	cosine	24.0	22.0	20.0	0.45454545454545475	0.019834630913749846
-1.8492059922840351	cosine	24.0	14.0	10.0	0.4242424242424244	0.02742697317621316
0.19825698870200897	cosine	24.0	14.0	12.0	0.30303030303030315	0.08511721571435177
-0.8002623814061042	cosine	24.0	8.0	10.0	0.3939393939393941	0.037302414641954044
1.4188567411248607	cosine	24.0	14.0	10.0	0.3939393939393941	0.037302414641954044
1.3439674966311645	cosine	24.0	18.0	20.0	0.5454545454545456	0.0067819162397311575
0.38464603952609844	cosine	24.0	0.0	2.0	0.30303030303030315	0.08511721571435177
1.0114480270342585	cosine	24.0	16.0	20.0	0.575757575757576	0.004583576838638997
-1.872525384352681	cosine	24.0	0.0	22.0	0.3636363636363638	0.04990853551146973
-0.44242888274414144	cosine	24.0	20.0	22.0	0.6363636363636367	0.001988079806063042
1.3640740690942663	cosine	24.0	4.0	2.0	0.3333333333333335	0.06570102610411901
0.5704726911397882	cosine	24.0	18.0	10.0	0.6060606060606063	0.003044944233852819
1.0211317912696898	cosine	24.0	2.0	12.0	0.3636363636363638	0.04990853551146973
-0.4748453649769875	cosine	24.0	2.0	18.0	0.3636363636363638	0.04990853551146973
0.458171264206631	cosine	24.0	16.0	2.0	0.3939393939393941	0.037302414641954044
-1.9449356414336172	cosine	24.0	18.0	14.0	0.4242424242424244	0.02742697317621316
-1.4443669316193097	cosine	24.0	18.0	16.0	0.3636363636363638	0.04990853551146973
-1.4688187778866053	cosine	24.0	8.0	18.0	0.5454545454545456	0.0067819162397311575
0.6127017572196051	cosine	24.0	22.0	0.0	0.7575757575757579	0.000303320964553055
0.353359728937608	cosine	24.0	20.0	18.0	0.5454545454545456	0.0067819162397311575
0.6453806512334004	cosine	24.0	22.0	16.0	0.45454545454545475	0.019834630913749846
0.14521080335801034	cosine	24.0	0.0	2.0	0.6363636363636367	0.001988079806063042
-0.8533149258460144	cosine	24.0	6.0	4.0	0.2727272727272728	0.10854448149943507
-2.3012979785700827	cosine	24.0	20.0	14.0	0.6363636363636367	0.001988079806063042
-1.066733381583547	cosine	24.0	10.0	14.0	0.3939393939393941	0.037302414641954044
1.5799708438656974	cosine	24.0	4.0	10.0	0.5454545454545456	0.0067819162397311575
0.9714934124395422	cosine	24.0	0.0	22.0	0.5454545454545456	0.0067819162397311575
-0.6131797949675099	cosine	24.0	14.0	18.0	0.4242424242424244	0.02742697317621316
-0.4555296323526133	cosine	24.0	2.0	22.0	0.5454545454545456	0.0067819162397311575
-0.4107973657254317	cosine	24.0	10.0	4.0	0.2121212121212122	0.16852366968754684
-0.42787246596034756	cosine	24.0	22.0	2.0	0.575757575757576	0.004583576838638997
-0.49006275869581145	cosine	24.0	22.0	18.0	0.5454545454545456	0.0067819162397311575
-0.8209165016814182	cosine	24.0	2.0	0.0	0.5151515151515154	0.00986438530634296
0.46668783650369133	cosine	24.0	10.0	14.0	0.3939393939393941	0.037302414641954044
-0.9710696386774881	cosine	24.0	22.0	16.0	0.3636363636363638	0.04990853551146973
-0.3283353908595863	cosine	24.0	18.0	20.0	0.3333333333333335	0.06570102610411901
1.5992613578887633	cosine	24.0	18.0	20.0	0.30303030303030315	0.08511721571435177
1.1992258948707768	cosine	24.0	16.0	18.0	0.3636363636363638	0.04990853551146973
-1.9077368143969404	cosine	24.0	2.0	0.0	0.5454545454545456	0.0067819162397311575
0.648932950983247	cosine	24.0	18.0	12.0	0.24242424242424254	0.1362855657955242
1.0730212559312986	cosine	24.0	22.0	16.0	0.4848484848484851	0.014106153084401886
-0.04225339103941837	cosine	24.0	22.0	10.0	0.5454545454545456	0.0067819162397311575
-0.24825410463401487	cosine	24.0	6.0	4.0	0.6363636363636367	0.001988079806063042
-0.08140146844817032	cosine	24.0	2.0	22.0	0.45454545454545475	0.019834630913749846
0.4275439806871103	cosine	24.0	22.0	20.0	0.3636363636363638	0.04990853551146973
1.4584795367702574	cosine	24.0	22.0	18.0	0.5151515151515154	0.00986438530634296
2.0938940250404157	cosine	24.0	2.0	0.0	0.3636363636363638	0.04990853551146973
-0.3291571778258936	cosine	24.0	10.0	6.0	0.3636363636363638	0.04990853551146973
-1.4748260391928152	cosine	24.0	20.0	0.0	0.30303030303030315	0.08511721571435177
-1.5692677946325118	cosine	24.0	8.0	6.0	0.3636363636363638	0.04990853551146973
-0.1466382642787559	cosine	24.0	4.0	2.0	0.5151515151515154	0.00986438530634296
1.3265019169345522	cosine	24.0	12.0	8.0	0.7272727272727276	0.0004983045770249599
-0.5289191625435787	cosine	24.0	4.0	6.0	0.3636363636363638	0.04990853551146973
-0.5583380243251624	cosine	24.0	14.0	16.0	0.4848484848484851	0.014106153084401886
-1.1094653477994172	cosine	24.0	0.0	10.0	0.6060606060606063	0.003044944233852819
-0.320924981626718	cosine	24.0	4.0	10.0	0.4848484848484851	0.014106153084401886
-0.6355310259457438	cosine	24.0	6.0	8.0	0.3333333333333335	0.06570102610411901
-0.1596598793638228	cosine	24.0	20.0	18.0	0.3636363636363638	0.04990853551146973
0.9815378152688766	cosine	24.0	14.0	20.0	0.4848484848484851	0.014106153084401886
0.09074222941243466	cosine	24.0	14.0	12.0	0.5454545454545456	0.0067819162397311575
-0.7521914800150836	cosine	24.0	12.0	14.0	0.3636363636363638	0.04990853551146973
0.6142545170289807	cosine	24.0	6.0	4.0	0.3939393939393941	0.037302414641954044
0.8741290350319185	cosine	24.0	12.0	14.0	0.45454545454545475	0.019834630913749846
0.11025352153999148	cosine	24.0	6.0	0.0	0.45454545454545475	0.019834630913749846
0.23565389899074946	cosine	24.0	12.0	10.0	0.3939393939393941	0.037302414641954044
0.14038120201902837	cosine	24.0	20.0	22.0	0.3636363636363638	0.04990853551146973
-0.44381599973605634	cosine	24.0	8.0	12.0	0.3333333333333335	0.06570102610411901
0.5727988134091232	cosine	24.0	20.0	16.0	0.6969696969696972	0.0008043156973336818
-1.0047474428771634	cosine	24.0	12.0	10.0	0.4242424242424244	0.02742697317621316
-2.346353092719102	cosine	24.0	20.0	10.0	0.4848484848484851	0.014106153084401886
0.2913341776819381	cosine	24.0	8.0	10.0	0.3636363636363638	0.04990853551146973
0.9141064956716064	cosine	24.0	20.0	0.0	0.575757575757576	0.004583576838638997
0.39330540593077795	cosine	24.0	16.0	18.0	0.30303030303030315	0.08511721571435177
2.3878016287255712	cosine	24.0	22.0	20.0	0.3333333333333335	0.06570102610411901
-0.10033949618790322	cosine	24.0	0.0	2.0	0.3333333333333335	0.06570102610411901
-0.506010584126784	cosine	24.0	10.0	14.0	0.3939393939393941	0.037302414641954044
0.6194950656780847	cosine	24.0	16.0	0.0	0.45454545454545475	0.019834630913749846
-0.8825161075886993	cosine	24.0	18.0	16.0	0.666666666666667	0.0012756406460599887
0.8746352639897268	cosine	24.0	2.0	0.0	0.4242424242424244	0.02742697317621316
1.5045437482629511	cosine	24.0	12.0	4.0	0.6060606060606063	0.003044944233852819
0.24419674149600445	cosine	24.0	14.0	12.0	0.3636363636363638	0.04990853551146973
-1.6246725793599837	cosine	24.0	10.0	12.0	0.4242424242424244	0.02742697317621316
0.45090187978374924	cosine	24.0	20.0	22.0	0.3333333333333335	0.06570102610411901
0.38240589280053844	cosine	24.0	8.0	10.0	0.4242424242424244	0.02742697317621316
1.337803412333993	cosine	24.0	0.0	22.0	0.4848484848484851	0.014106153084401886
0.21257067983259983	cosine	24.0	16.0	18.0	0.2727272727272728	0.10854448149943507
0.5120812865769196	cosine	24.0	12.0	14.0	0.6363636363636367	0.001988079806063042
-0.9492767873545824	cosine	24.0	6.0	2.0	0.4242424242424244	0.02742697317621316
0.577954376057328	cosine	24.0	2.0	4.0	0.3333333333333335	0.06570102610411901
-0.3056292900980365	cosine	24.0	4.0	2.0	0.4848484848484851	0.014106153084401886
-0.3541200878134488	cosine	24.0	0.0	18.0	0.3333333333333335	0.06570102610411901
0.59130541824336	cosine	24.0	14.0	12.0	0.30303030303030315	0.08511721571435177
1.6993687215160747	cosine	24.0	8.0	6.0	0.4848484848484851	0.014106153084401886
0.34922753594049005	cosine	24.0	10.0	18.0	0.3333333333333335	0.06570102610411901
-0.6379077449314298	cosine	24.0	12.0	16.0	0.6060606060606063	0.003044944233852819
-0.8116590384198534	cosine	24.0	22.0	20.0	0.4242424242424244	0.02742697317621316
0.34969413195618193	cosine	24.0	6.0	12.0	0.4848484848484851	0.014106153084401886
-1.943690781331164	cosine	24.0	8.0	12.0	0.4848484848484851	0.014106153084401886
-0.4278730933762565	cosine	24.0	8.0	18.0	0.4848484848484851	0.014106153084401886
-1.3461404597968456	cosine	24.0	4.0	6.0	0.4242424242424244	0.02742697317621316
-0.7137065519294578	cosine	24.0	20.0	18.0	0.2727272727272728	0.10854448149943507
-0.6811699984862147	cosine	24.0	20.0	14.0	0.3333333333333335	0.06570102610411901
1.9432701341368022	cosine	24.0	14.0	12.0	0.3333333333333335	0.06570102610411901
1.6299012719150119	cosine	24.0	4.0	6.0	0.30303030303030315	0.08511721571435177
0.5756602632165155	cosine	24.0	2.0	12.0	0.8181818181818186	0.00010656710346223243
-0.07798011894044554	cosine	24.0	12.0	10.0	0.2727272727272728	0.10854448149943507
0.12422888055498346	cosine	24.0	8.0	6.0	0.5151515151515154	0.00986438530634296
0.2514663389925187	cosine	24.0	8.0	6.0	0.6363636363636367	0.001988079806063042
-0.8050807465495768	cosine	24.0	6.0	14.0	0.5151515151515154	0.00986438530634296
-0.34987721341312816	cosine	24.0	0.0	22.0	0.3333333333333335	0.06570102610411901
-0.4322052863836526	cosine	24.0	2.0	4.0	0.30303030303030315	0.08511721571435177
0.6496752801217254	cosine	24.0	12.0	10.0	0.45454545454545475	0.019834630913749846
-0.13926552017407776	cosine	24.0	10.0	20.0	0.6363636363636367	0.001988079806063042
0.09793319351915401	cosine	24.0	8.0	10.0	0.30303030303030315	0.08511721571435177
-0.8952593388881158	cosine	24.0	18.0	14.0	0.3333333333333335	0.06570102610411901
-0.6365687427685063	cosine	24.0	4.0	10.0	0.3636363636363638	0.04990853551146973
-1.673898083371418	cosine	24.0	6.0	2.0	0.45454545454545475	0.019834630913749846
-0.06095356877312967	cosine	24.0	2.0	10.0	0.5454545454545456	0.0067819162397311575
-0.08776802641451642	cosine	24.0	22.0	8.0	0.3939393939393941	0.037302414641954044
0.9718229069212408	cosine	24.0	10.0	8.0	0.2727272727272728	0.10854448149943507
-1.8890365246211722	cosine	24.0	10.0	6.0	0.3939393939393941	0.037302414641954044
-2.5183528266201294	cosine	24.0	14.0	2.0	0.45454545454545475	0.019834630913749846
-0.25402392458018125	cosine	24.0	20.0	14.0	0.3939393939393941	0.037302414641954044
0.2267966762742528	cosine	24.0	18.0	0.0	0.4242424242424244	0.02742697317621316
-1.0800563308489002	cosine	24.0	4.0	18.0	0.45454545454545475	0.019834630913749846
0.7445195388627708	cosine	24.0	0.0	22.0	0.3636363636363638	0.04990853551146973
0.27068956351945656	cosine	24.0	20.0	16.0	0.4848484848484851	0.014106153084401886
-1.2758528972047833	cosine	24.0	6.0	12.0	0.24242424242424254	0.1362855657955242
-2.1580614665405444	cosine	24.0	12.0	14.0	0.4848484848484851	0.014106153084401886
1.4925526250146024	cosine	24.0	8.0	0.0	0.4242424242424244	0.02742697317621316
0.4402067501832397	cosine	24.0	2.0	0.0	0.6363636363636367	0.001988079806063042
-0.03401279173941583	cosine	24.0	12.0	10.0	0.30303030303030315	0.08511721571435177
-0.37328332582365453	cosine	24.0	16.0	20.0	0.5151515151515154	0.00986438530634296
-0.38724881541940603	cosine	24.0	22.0	18.0	0.45454545454545475	0.019834630913749846
1.346936135357145	cosine	24.0	14.0	16.0	0.2727272727272728	0.10854448149943507
-0.04513886829416105	cosine	24.0	4.0	6.0	0.6060606060606063	0.003044944233852819
1.7984806535997075	cosine	24.0	0.0	20.0	0.4848484848484851	0.014106153084401886
0.1333971307067435	cosine	24.0	6.0	8.0	0.6060606060606063	0.003044944233852819
-0.7503321418601883	cosine	24.0	14.0	12.0	0.30303030303030315	0.08511721571435177
0.1664911971956048	cosine	24.0	22.0	20.0	0.4242424242424244	0.02742697317621316
0.7058203843343082	cosine	24.0	22.0	0.0	0.4848484848484851	0.014106153084401886
1.6876481466269062	cosine	24.0	2.0	0.0	0.24242424242424254	0.1362855657955242
-0.03994787930568986	cosine	24.0	14.0	12.0	0.5454545454545456	0.0067819162397311575
1.0010747854228603	cosine	24.0	22.0	0.0	0.45454545454545475	0.019834630913749846
-1.1643652589656523	cosine	24.0	14.0	16.0	0.3333333333333335	0.06570102610411901
-2.3744170489275427	cosine	24.0	18.0	16.0	0.3939393939393941	0.037302414641954044
-1.0905510867596055	cosine	24.0	8.0	10.0	0.3636363636363638	0.04990853551146973
0.38525240847789377	cosine	24.0	6.0	10.0	0.3636363636363638	0.04990853551146973
0.6435895685014192	cosine	24.0	22.0	0.0	0.3939393939393941	0.037302414641954044
0.21778900442039642	cosine	24.0	20.0	8.0	0.575757575757576	0.004583576838638997
0.1119450088932281	cosine	24.0	18.0	12.0	0.2727272727272728	0.10854448149943507
-1.7348555106334895	cosine	24.0	4.0	6.0	0.3636363636363638	0.04990853551146973
0.4967133896751193	cosine	24.0	12.0	10.0	0.4242424242424244	0.02742697317621316
0.6906658598246539	cosine	24.0	18.0	22.0	0.5454545454545456	0.0067819162397311575
-1.4780988832924478	cosine	24.0	22.0	18.0	0.3939393939393941	0.037302414641954044
-0.7613605405789391	cosine	24.0	18.0	14.0	0.5454545454545456	0.0067819162397311575
0.2989427735192683	cosine	24.0	22.0	18.0	0.3636363636363638	0.04990853551146973
0.6312738290310518	cosine	24.0	2.0	8.0	0.3939393939393941	0.037302414641954044
0.7867098502066754	cosine	24.0	16.0	10.0	0.4242424242424244	0.02742697317621316
1.3204662019145175	cosine	24.0	12.0	14.0	0.3636363636363638	0.04990853551146973
-1.1119289298065986	cosine	24.0	16.0	18.0	0.5151515151515154	0.00986438530634296
-0.2060687863828763	cosine	24.0	14.0	18.0	0.3333333333333335	0.06570102610411901
-0.05611398564204915	cosine	24.0	14.0	10.0	0.3939393939393941	0.037302414641954044
-0.6789459715906256	cosine	24.0	10.0	12.0	0.3636363636363638	0.04990853551146973
0.15431156778441163	cosine	24.0	20.0	4.0	0.4242424242424244	0.02742697317621316
0.44218179049664474	cosine	24.0	12.0	14.0	0.3333333333333335	0.06570102610411901
-0.39493576366884453	cosine	24.0	16.0	18.0	0.2727272727272728	0.10854448149943507
0.8491488821555412	cosine	24.0	6.0	22.0	0.24242424242424254	0.1362855657955242
-0.6038015430630723	cosine	24.0	14.0	22.0	0.6060606060606063	0.003044944233852819
-1.7759907918123001	cosine	24.0	6.0	4.0	0.575757575757576	0.004583576838638997
-0.8590940601569079	cosine	24.0	14.0	12.0	0.2121212121212122	0.16852366968754684
1.12714448811191	cosine	24.0	18.0	16.0	0.30303030303030315	0.08511721571435177
-0.4586653595244246	cosine	24.0	16.0	18.0	0.575757575757576	0.004583576838638997
-0.09436315408220941	cosine	24.0	16.0	14.0	0.4242424242424244	0.02742697317621316
0.6063273076030471	cosine	24.0	6.0	8.0	0.45454545454545475	0.019834630913749846
-1.2329200453717548	cosine	24.0	8.0	10.0	0.3939393939393941	0.037302414641954044
-0.23311595233457658	cosine	24.0	0.0	22.0	0.4848484848484851	0.014106153084401886
0.868078240209573	cosine	24.0	20.0	2.0	0.6060606060606063	0.003044944233852819
0.1277778248347952	cosine	24.0	8.0	14.0	0.5151515151515154	0.00986438530634296
2.109443201824817	cosine	24.0	12.0	14.0	0.45454545454545475	0.019834630913749846
0.6299799320450764	cosine	24.0	22.0	18.0	0.24242424242424254	0.1362855657955242
-0.9889621001565831	cosine	24.0	20.0	2.0	0.4242424242424244	0.02742697317621316
0.24456477050129508	cosine	24.0	8.0	12.0	0.6060606060606063	0.003044944233852819
0.7539189800430639	cosine	24.0	14.0	10.0	0.666666666666667	0.0012756406460599887
-0.8328500412392076	cosine	24.0	8.0	20.0	0.4848484848484851	0.014106153084401886
0.8256305406215224	cosine	24.0	14.0	10.0	0.4242424242424244	0.02742697317621316
-0.20776578552197397	cosine	24.0	20.0	18.0	0.3636363636363638	0.04990853551146973
0.918471956332085	cosine	24.0	4.0	12.0	0.4242424242424244	0.02742697317621316
-1.7689474613944294	cosine	24.0	8.0	4.0	0.3333333333333335	0.06570102610411901
1.076548121458703	cosine	24.0	12.0	14.0	0.2727272727272728	0.10854448149943507
-1.3166916512093247	cosine	24.0	12.0	14.0	0.3939393939393941	0.037302414641954044
0.9865281752781373	cosine	24.0	4.0	0.0	0.4242424242424244	0.02742697317621316
-0.9550723465681736	cosine	24.0	8.0	10.0	0.4242424242424244	0.02742697317621316
-0.6878508234218591	cosine	24.0	12.0	20.0	0.45454545454545475	0.019834630913749846
0.8136059366874834	cosine	24.0	14.0	12.0	0.4848484848484851	0.014106153084401886
-1.561132838263332	cosine	24.0	2.0	6.0	0.3333333333333335	0.06570102610411901
-1.1289024603842317	cosine	24.0	12.0	18.0	0.575757575757576	0.004583576838638997
-1.3182299822683914	cosine	24.0	18.0	20.0	0.6060606060606063	0.003044944233852819
-0.29930285111194277	cosine	24.0	8.0	10.0	0.3636363636363638	0.04990853551146973
1.4792437118747195	cosine	24.0	2.0	18.0	0.4242424242424244	0.02742697317621316
0.9643165788060141	cosine	24.0	14.0	10.0	0.3636363636363638	0.04990853551146973
-0.05184657978176329	cosine	24.0	8.0	0.0	0.4848484848484851	0.014106153084401886
0.5035348411284353	cosine	24.0	6.0	10.0	0.4848484848484851	0.014106153084401886
-0.3063374037998052	cosine	24.0	2.0	20.0	0.666666666666667	0.0012756406460599887
0.6890208511421313	cosine	24.0	20.0	18.0	0.2727272727272728	0.10854448149943507
-0.4038121429497634	cosine	24.0	12.0	10.0	0.3636363636363638	0.04990853551146973
-2.1221339380845268	cosine	24.0	12.0	14.0	0.30303030303030315	0.08511721571435177
1.583405567954488	cosine	24.0	10.0	12.0	0.30303030303030315	0.08511721571435177
-1.0496645908491304	cosine	24.0	8.0	2.0	0.3636363636363638	0.04990853551146973
-0.8830512380582504	cosine	24.0	10.0	8.0	0.3636363636363638	0.04990853551146973
0.5223171583824064	cosine	24.0	6.0	0.0	0.4848484848484851	0.014106153084401886
-0.4252623413260564	cosine	24.0	10.0	8.0	0.30303030303030315	0.08511721571435177
-0.676451050453185	cosine	24.0	12.0	14.0	0.45454545454545475	0.019834630913749846
1.1948454206621266	cosine	24.0	0.0	18.0	0.575757575757576	0.004583576838638997
0.0573805696939127	cosine	24.0	20.0	22.0	0.4242424242424244	0.02742697317621316
-0.505215114516655	cosine	24.0	14.0	22.0	0.575757575757576	0.004583576838638997
-0.11350334758939776	cosine	24.0	18.0	16.0	0.3636363636363638	0.04990853551146973
-0.9900405057323447	cosine	24.0	12.0	4.0	0.5151515151515154	0.00986438530634296
-0.2945803266055085	cosine	24.0	10.0	8.0	0.30303030303030315	0.08511721571435177
-0.3590054620946693	cosine	24.0	10.0	8.0	0.30303030303030315	0.08511721571435177
0.6194473215593855	cosine	24.0	18.0	20.0	0.3333333333333335	0.06570102610411901
0.1714632899382895	cosine	24.0	2.0	22.0	0.4848484848484851	0.014106153084401886
1.4128317685224356	cosine	24.0	12.0	6.0	0.575757575757576	0.004583576838638997
0.5165877023797297	cosine	24.0	8.0	10.0	0.5151515151515154	0.00986438530634296
-0.07304978660286789	cosine	24.0	6.0	4.0	0.45454545454545475	0.019834630913749846
1.168194095978143	cosine	24.0	4.0	6.0	0.30303030303030315	0.08511721571435177
0.25691147346401527	cosine	24.0	14.0	16.0	0.3636363636363638	0.04990853551146973
-0.022417499671886658	cosine	24.0	18.0	20.0	0.575757575757576	0.004583576838638997
2.1408476097871625	cosine	24.0	10.0	8.0	0.4848484848484851	0.014106153084401886
-0.40997079359668503	cosine	24.0	14.0	12.0	0.30303030303030315	0.08511721571435177
-0.573913240682843	cosine	24.0	16.0	18.0	0.30303030303030315	0.08511721571435177
0.9673771065819348	cosine	24.0	18.0	20.0	0.30303030303030315	0.08511721571435177
0.7786273910337713	cosine	24.0	14.0	8.0	0.45454545454545475	0.019834630913749846
0.16125807934737682	cosine	24.0	8.0	4.0	0.3333333333333335	0.06570102610411901
-0.6281009080632077	cosine	24.0	2.0	4.0	0.2727272727272728	0.10854448149943507
-1.7418817654506502	cosine	24.0	0.0	2.0	0.3636363636363638	0.04990853551146973
-0.6034847462046585	cosine	24.0	18.0	20.0	0.3636363636363638	0.04990853551146973
-0.44048617603226736	cosine	24.0	4.0	6.0	0.4242424242424244	0.02742697317621316
-0.27953405785673685	cosine	24.0	4.0	10.0	0.6060606060606063	0.003044944233852819
0.6712188122319959	cosine	24.0	22.0	18.0	0.3636363636363638	0.04990853551146973
-0.6383775475860073	cosine	24.0	10.0	12.0	0.575757575757576	0.004583576838638997
0.8579101531997455	cosine	24.0	8.0	10.0	0.3333333333333335	0.06570102610411901
2.0862681968166465	cosine	24.0	20.0	16.0	0.575757575757576	0.004583576838638997
1.3738266920057023	cosine	24.0	4.0	2.0	0.4848484848484851	0.014106153084401886
-0.10305642854141542	cosine	24.0	6.0	4.0	0.3333333333333335	0.06570102610411901
1.0546228058355953	cosine	24.0	2.0	22.0	0.3333333333333335	0.06570102610411901
0.0339013417969443	cosine	24.0	2.0	0.0	0.24242424242424254	0.1362855657955242
0.9595090599666882	cosine	24.0	22.0	20.0	0.30303030303030315	0.08511721571435177
-0.5434486459483452	cosine	24.0	20.0	14.0	0.3636363636363638	0.04990853551146973
-0.07836149242058701	cosine	24.0	22.0	0.0	0.30303030303030315	0.08511721571435177
1.012696095697397	cosine	24.0	14.0	8.0	0.3939393939393941	0.037302414641954044
0.18513901733110705	cosine	24.0	18.0	14.0	0.5454545454545456	0.0067819162397311575
-0.7708927378489253	cosine	24.0	4.0	8.0	0.5454545454545456	0.0067819162397311575
-0.5520074261007558	cosine	24.0	0.0	22.0	0.6060606060606063	0.003044944233852819
1.5289602694124316	cosine	24.0	8.0	4.0	0.5151515151515154	0.00986438530634296
-0.08315293642191925	cosine	24.0	6.0	16.0	0.4242424242424244	0.02742697317621316
0.18010580323116415	cosine	24.0	6.0	4.0	0.4242424242424244	0.02742697317621316
2.486591974494662	cosine	24.0	14.0	16.0	0.575757575757576	0.004583576838638997
-0.3283018250054067	cosine	24.0	18.0	20.0	0.2727272727272728	0.10854448149943507
2.3526707018114017	cosine	24.0	16.0	18.0	0.3636363636363638	0.04990853551146973
1.0051235716330802	cosine	24.0	14.0	22.0	0.5454545454545456	0.0067819162397311575
1.0022274194883174	cosine	24.0	4.0	10.0	0.3636363636363638	0.04990853551146973
-0.6099008398271707	cosine	24.0	2.0	0.0	0.45454545454545475	0.019834630913749846
-2.0687365267177333	cosine	24.0	14.0	12.0	0.24242424242424254	0.1362855657955242
-2.1154374909978926	cosine	24.0	16.0	14.0	0.3636363636363638	0.04990853551146973
1.7830946790917572	cosine	24.0	6.0	4.0	0.4242424242424244	0.02742697317621316
0.9344986771547961	cosine	24.0	2.0	4.0	0.3939393939393941	0.037302414641954044
0.5596586490918745	cosine	24.0	22.0	20.0	0.575757575757576	0.004583576838638997
-1.3170344695905447	cosine	24.0	12.0	14.0	0.3939393939393941	0.037302414641954044
-0.2635673889794381	cosine	24.0	8.0	6.0	0.3939393939393941	0.037302414641954044
0.6789383304618719	cosine	24.0	4.0	2.0	0.4242424242424244	0.02742697317621316
0.14638298118160217	cosine	24.0	2.0	6.0	0.45454545454545475	0.019834630913749846
-1.5002207335368847	cosine	24.0	2.0	0.0	0.24242424242424254	0.1362855657955242
-0.6912962506422976	cosine	24.0	22.0	0.0	0.30303030303030315	0.08511721571435177
0.8049574883798274	cosine	24.0	18.0	2.0	0.4848484848484851	0.014106153084401886
-0.714916250701454	cosine	24.0	20.0	14.0	0.45454545454545475	0.019834630913749846
0.9617706488139335	cosine	24.0	2.0	4.0	0.6363636363636367	0.001988079806063042
-1.7150055299088283	cosine	24.0	22.0	20.0	0.575757575757576	0.004583576838638997
-0.019878277612983504	cosine	24.0	16.0	18.0	0.5454545454545456	0.0067819162397311575
-0.23229916055173264	cosine	24.0	6.0	8.0	0.45454545454545475	0.019834630913749846
-0.19149340153133035	cosine	24.0	16.0	18.0	0.575757575757576	0.004583576838638997
0.5396346712906994	cosine	24.0	10.0	4.0	0.3636363636363638	0.04990853551146973
2.2752475647129087	cosine	24.0	20.0	18.0	0.3333333333333335	0.06570102610411901
-0.218081685751426	cosine	24.0	20.0	14.0	0.4848484848484851	0.014106153084401886
3.2350675422697357	cosine	24.0	20.0	18.0	0.3939393939393941	0.037302414641954044
-0.5447983439291006	cosine	24.0	0.0	16.0	0.4242424242424244	0.02742697317621316
-0.49505284172394515	cosine	24.0	6.0	4.0	0.575757575757576	0.004583576838638997
-1.1656128555102123	cosine	24.0	22.0	8.0	0.3939393939393941	0.037302414641954044
-1.7755516502501687	cosine	24.0	6.0	8.0	0.575757575757576	0.004583576838638997
1.1561268426517362	cosine	24.0	12.0	10.0	0.45454545454545475	0.019834630913749846
-0.022899950142690948	cosine	24.0	2.0	4.0	0.3939393939393941	0.037302414641954044
0.001592979492606207	cosine	24.0	12.0	14.0	0.575757575757576	0.004583576838638997
0.8124547414701777	cosine	24.0	6.0	8.0	0.6969696969696972	0.0008043156973336818
-1.2393576974022709	cosine	24.0	14.0	18.0	0.3636363636363638	0.04990853551146973
0.04493472416205306	cosine	24.0	18.0	16.0	0.3939393939393941	0.037302414641954044
1.2629829049454242	cosine	24.0	12.0	14.0	0.3636363636363638	0.04990853551146973
-0.3918989319238565	cosine	24.0	20.0	0.0	0.4242424242424244	0.02742697317621316
-0.6784022576415805	cosine	24.0	12.0	4.0	0.6969696969696972	0.0008043156973336818
1.2664935219841937	cosine	24.0	6.0	16.0	0.5454545454545456	0.0067819162397311575
0.8744501076702607	cosine	24.0	8.0	10.0	0.24242424242424254	0.1362855657955242
-1.8841157010455665	cosine	24.0	2.0	4.0	0.24242424242424254	0.1362855657955242
0.7594158991470485	cosine	24.0	20.0	2.0	0.4848484848484851	0.014106153084401886
1.2313528184985416	cosine	24.0	4.0	0.0	0.3636363636363638	0.04990853551146973
0.7565869716793852	cosine	24.0	8.0	2.0	0.3333333333333335	0.06570102610411901
-2.6921056243918366	cosine	24.0	14.0	12.0	0.5454545454545456	0.0067819162397311575
-0.03895636942766633	cosine	24.0	10.0	2.0	0.3939393939393941	0.037302414641954044
-0.702305731271547	cosine	24.0	14.0	20.0	0.4242424242424244	0.02742697317621316
0.43184066923556375	cosine	24.0	0.0	2.0	0.30303030303030315	0.08511721571435177
0.5330060409897556	cosine	24.0	14.0	12.0	0.5151515151515154	0.00986438530634296
1.043477373700956	cosine	24.0	0.0	6.0	0.575757575757576	0.004583576838638997
-0.2606220842785093	cosine	24.0	8.0	6.0	0.4848484848484851	0.014106153084401886
-0.37329667426255375	cosine	24.0	22.0	18.0	0.3636363636363638	0.04990853551146973
1.4802424346443044	cosine	24.0	12.0	2.0	0.4848484848484851	0.014106153084401886
-0.26059395546419045	cosine	24.0	4.0	2.0	0.3636363636363638	0.04990853551146973
0.04038722705008498	cosine	24.0	20.0	16.0	0.5454545454545456	0.0067819162397311575
0.10224455670532905	cosine	24.0	8.0	20.0	0.2727272727272728	0.10854448149943507
0.9380930159452959	cosine	24.0	0.0	2.0	0.5454545454545456	0.0067819162397311575
-0.42227477334537117	cosine	24.0	4.0	18.0	0.5151515151515154	0.00986438530634296
-0.707885974415754	cosine	24.0	14.0	16.0	0.45454545454545475	0.019834630913749846
1.1400072894888928	cosine	24.0	20.0	14.0	0.4242424242424244	0.02742697317621316
0.10705819829623982	cosine	24.0	12.0	10.0	0.5454545454545456	0.0067819162397311575
1.6048789797496876	cosine	24.0	10.0	14.0	0.5151515151515154	0.00986438530634296
-1.408811872153785	cosine	24.0	20.0	22.0	0.2727272727272728	0.10854448149943507
-0.0922205799742322	cosine	24.0	0.0	2.0	0.4242424242424244	0.02742697317621316
-1.0291534693840374	cosine	24.0	16.0	6.0	0.6363636363636367	0.001988079806063042
-0.4844418983066588	cosine	24.0	10.0	12.0	0.30303030303030315	0.08511721571435177
-0.6036133530581329	cosine	24.0	12.0	10.0	0.30303030303030315	0.08511721571435177
-0.39788419485332976	cosine	24.0	0.0	22.0	0.3636363636363638	0.04990853551146973
-0.17473306585641715	cosine	24.0	10.0	8.0	0.30303030303030315	0.08511721571435177
-0.4215253582362833	cosine	24.0	18.0	20.0	0.5151515151515154	0.00986438530634296
-0.5339637309109284	cosine	24.0	14.0	10.0	0.5151515151515154	0.00986438530634296
0.8791283242101362	cosine	24.0	22.0	0.0	0.3333333333333335	0.06570102610411901
1.2457505580833952	cosine	24.0	12.0	14.0	0.24242424242424254	0.1362855657955242
0.2929768257887311	cosine	24.0	6.0	8.0	0.3333333333333335	0.06570102610411901
-0.43978636224286544	cosine	24.0	14.0	12.0	0.30303030303030315	0.08511721571435177
0.26710210274482316	cosine	24.0	4.0	22.0	0.45454545454545475	0.019834630913749846
-0.6213621382012716	cosine	24.0	2.0	22.0	0.666666666666667	0.0012756406460599887
-0.7957834880883935	cosine	24.0	8.0	18.0	0.5454545454545456	0.0067819162397311575
-0.6309191620256038	cosine	24.0	8.0	10.0	0.2727272727272728	0.10854448149943507
0.27129939866722613	cosine	24.0	18.0	20.0	0.3939393939393941	0.037302414641954044
0.22332731527200653	cosine	24.0	22.0	6.0	0.4848484848484851	0.014106153084401886
1.1245505900032404	cosine	24.0	0.0	2.0	0.6363636363636367	0.001988079806063042
0.6187093559586779	cosine	24.0	12.0	10.0	0.3939393939393941	0.037302414641954044
1.5941895810028581	cosine	24.0	0.0	22.0	0.575757575757576	0.004583576838638997
0.052493986009398204	cosine	24.0	10.0	8.0	0.575757575757576	0.004583576838638997
0.7640290032177068	cosine	24.0	20.0	8.0	0.45454545454545475	0.019834630913749846
0.9086348085180743	cosine	24.0	6.0	8.0	0.3939393939393941	0.037302414641954044
-0.24214788664215575	cosine	24.0	16.0	18.0	0.4848484848484851	0.014106153084401886
-0.16987239394879788	cosine	24.0	18.0	20.0	0.30303030303030315	0.08511721571435177
1.4864689006042235	cosine	24.0	8.0	10.0	0.6363636363636367	0.001988079806063042
0.25994723519282126	cosine	24.0	2.0	0.0	0.3333333333333335	0.06570102610411901
-0.15021454260006212	cosine	24.0	12.0	14.0	0.5151515151515154	0.00986438530634296
-0.1301097200999363	cosine	24.0	22.0	18.0	0.5454545454545456	0.0067819162397311575
-1.470437005026261	cosine	24.0	18.0	16.0	0.45454545454545475	0.019834630913749846
2.9699010161940955	cosine	24.0	18.0	22.0	0.3939393939393941	0.037302414641954044
-0.03356438784649738	cosine	24.0	16.0	12.0	0.4242424242424244	0.02742697317621316
-1.3023538328274733	cosine	24.0	14.0	0.0	0.3333333333333335	0.06570102610411901
0.8127932328268624	cosine	24.0	14.0	18.0	0.45454545454545475	0.019834630913749846
0.318585120203237	cosine	24.0	6.0	4.0	0.3636363636363638	0.04990853551146973
-1.860029408181111	cosine	24.0	4.0	20.0	0.575757575757576	0.004583576838638997
-0.5167175313460859	cosine	24.0	20.0	18.0	0.3939393939393941	0.037302414641954044
-0.22594865240394268	cosine	24.0	2.0	16.0	0.3636363636363638	0.04990853551146973
0.23239508522616145	cosine	24.0	22.0	18.0	0.2727272727272728	0.10854448149943507
-0.12968235995417482	cosine	24.0	8.0	4.0	0.5151515151515154	0.00986438530634296
-0.6758630603887013	cosine	24.0	0.0	2.0	0.4848484848484851	0.014106153084401886
-0.27887105280327784	cosine	24.0	14.0	12.0	0.30303030303030315	0.08511721571435177
0.13764120926668566	cosine	24.0	20.0	22.0	0.4848484848484851	0.014106153084401886
-1.3560561556424668	cosine	24.0	20.0	10.0	0.30303030303030315	0.08511721571435177
-1.0929026038005825	cosine	24.0	18.0	20.0	0.3636363636363638	0.04990853551146973
1.2283188827934242	cosine	24.0	8.0	10.0	0.3333333333333335	0.06570102610411901
-1.961406854211547	cosine	24.0	6.0	8.0	0.30303030303030315	0.08511721571435177
0.3052377483227776	cosine	24.0	14.0	2.0	0.7272727272727276	0.0004983045770249599
0.08432695445603593	cosine	24.0	8.0	6.0	0.3636363636363638	0.04990853551146973
-2.074160692046804	cosine	24.0	0.0	2.0	0.2727272727272728	0.10854448149943507
0.4350950799645729	cosine	24.0	6.0	8.0	0.4242424242424244	0.02742697317621316
-0.1187716604648481	cosine	24.0	10.0	0.0	0.7575757575757579	0.000303320964553055
0.37468126932437684	cosine	24.0	16.0	20.0	0.575757575757576	0.004583576838638997
-0.662535751544349	cosine	24.0	12.0	8.0	0.3939393939393941	0.037302414641954044
-0.5158981136605656	cosine	24.0	4.0	20.0	0.7272727272727276	0.0004983045770249599
-0.25789115357488124	cosine	24.0	6.0	20.0	0.3333333333333335	0.06570102610411901
-0.247692673726955	cosine	24.0	16.0	14.0	0.3939393939393941	0.037302414641954044
0.35144759535536707	cosine	24.0	20.0	18.0	0.3636363636363638	0.04990853551146973
0.10683235570675041	cosine	24.0	12.0	2.0	0.4848484848484851	0.014106153084401886
1.293171031607233	cosine	24.0	14.0	2.0	0.666666666666667	0.0012756406460599887
-1.2949305517843812	cosine	24.0	16.0	18.0	0.2121212121212122	0.16852366968754684
-1.1215051222828036	cosine	24.0	8.0	10.0	0.45454545454545475	0.019834630913749846
-0.26794926535753333	cosine	24.0	10.0	2.0	0.6363636363636367	0.001988079806063042
1.1428646024908962	cosine	24.0	2.0	8.0	0.4242424242424244	0.02742697317621316
-1.5649899554365003	cosine	24.0	8.0	10.0	0.5454545454545456	0.0067819162397311575
0.36971914580979376	cosine	24.0	22.0	14.0	0.6060606060606063	0.003044944233852819
0.8403239709562365	cosine	24.0	2.0	4.0	0.45454545454545475	0.019834630913749846
0.26122774754189443	cosine	24.0	4.0	8.0	0.5454545454545456	0.0067819162397311575
-0.12112147596198863	cosine	24.0	8.0	10.0	0.3636363636363638	0.04990853551146973
-0.06525824411423158	cosine	24.0	12.0	4.0	0.5454545454545456	0.0067819162397311575
0.6294538349373632	cosine	24.0	16.0	18.0	0.45454545454545475	0.019834630913749846
1.4283528155385432	cosine	24.0	8.0	10.0	0.30303030303030315	0.08511721571435177
1.315212522182359	cosine	24.0	0.0	4.0	0.4242424242424244	0.02742697317621316
-1.3465076638324165	cosine	24.0	22.0	14.0	0.5454545454545456	0.0067819162397311575
0.056114759124921636	cosine	24.0	4.0	2.0	0.3636363636363638	0.04990853551146973
0.7145853214115634	cosine	24.0	20.0	22.0	0.5454545454545456	0.0067819162397311575
-0.32479333797751014	cosine	24.0	20.0	22.0	0.3939393939393941	0.037302414641954044
-0.7291494105997409	cosine	24.0	12.0	16.0	0.2727272727272728	0.10854448149943507
2.0317860128567675	cosine	24.0	4.0	2.0	0.575757575757576	0.004583576838638997
-0.13207472225175412	cosine	24.0	6.0	4.0	0.3636363636363638	0.04990853551146973
1.6621261062021735	cosine	24.0	0.0	18.0	0.45454545454545475	0.019834630913749846
1.0068863314728163	cosine	24.0	4.0	6.0	0.3636363636363638	0.04990853551146973
-0.23927852426608076	cosine	24.0	6.0	4.0	0.2727272727272728	0.10854448149943507
-1.8386375290272439	cosine	24.0	22.0	8.0	0.4848484848484851	0.014106153084401886
-0.5513859345024507	cosine	24.0	22.0	18.0	0.4848484848484851	0.014106153084401886
0.4767794820304634	cosine	24.0	14.0	16.0	0.24242424242424254	0.1362855657955242
-0.9783273602858054	cosine	24.0	18.0	16.0	0.3333333333333335	0.06570102610411901
1.0031228647133863	cosine	24.0	8.0	4.0	0.5454545454545456	0.0067819162397311575
0.3072276501258117	cosine	24.0	8.0	6.0	0.5151515151515154	0.00986438530634296
-0.204254993482743	cosine	24.0	14.0	16.0	0.6060606060606063	0.003044944233852819
0.4625649787751926	cosine	24.0	0.0	2.0	0.3939393939393941	0.037302414641954044
0.4098912432152994	cosine	24.0	18.0	16.0	0.5151515151515154	0.00986438530634296
-0.5663903231277416	cosine	24.0	12.0	10.0	0.24242424242424254	0.1362855657955242
-0.0627774043381193	cosine	24.0	14.0	18.0	0.45454545454545475	0.019834630913749846
0.47877380614920273	cosine	24.0	6.0	4.0	0.3636363636363638	0.04990853551146973
1.2883452853861463	cosine	24.0	20.0	14.0	0.666666666666667	0.0012756406460599887
0.18363100137797764	cosine	24.0	8.0	4.0	0.4848484848484851	0.014106153084401886
0.33615400431702797	cosine	24.0	8.0	6.0	0.4242424242424244	0.02742697317621316
0.15987170344059423	cosine	24.0	18.0	20.0	0.3636363636363638	0.04990853551146973
-0.006869580116899627	cosine	24.0	16.0	6.0	0.3636363636363638	0.04990853551146973
1.1640028477842284	cosine	24.0	2.0	4.0	0.45454545454545475	0.019834630913749846
-0.682395799109604	cosine	24.0	10.0	14.0	0.45454545454545475	0.019834630913749846
-0.9915844621282361	cosine	24.0	14.0	12.0	0.3333333333333335	0.06570102610411901
0.6807593036392406	cosine	24.0	20.0	16.0	0.45454545454545475	0.019834630913749846
-2.2468298649756635	cosine	24.0	18.0	2.0	0.4848484848484851	0.014106153084401886
-0.024645513411892927	cosine	24.0	6.0	8.0	0.45454545454545475	0.019834630913749846
-0.016880769924008818	cosine	24.0	16.0	18.0	0.30303030303030315	0.08511721571435177
-1.6260188539284108	cosine	24.0	22.0	0.0	0.575757575757576	0.004583576838638997
0.8910705226205758	cosine	24.0	6.0	18.0	0.666666666666667	0.0012756406460599887
1.216840902968532	cosine	24.0	2.0	6.0	0.3636363636363638	0.04990853551146973
-1.5435736400884	cosine	24.0	22.0	18.0	0.3333333333333335	0.06570102610411901
0.05652252502156306	cosine	24.0	16.0	14.0	0.575757575757576	0.004583576838638997
0.47900122601905515	cosine	24.0	10.0	2.0	0.3636363636363638	0.04990853551146973
0.018835298220744114	cosine	24.0	22.0	2.0	0.666666666666667	0.0012756406460599887
-0.35159518669890644	cosine	24.0	16.0	14.0	0.4242424242424244	0.02742697317621316
1.7406205104652115	cosine	24.0	0.0	2.0	0.45454545454545475	0.019834630913749846
0.17308469959533285	cosine	24.0	0.0	20.0	0.575757575757576	0.004583576838638997
-0.15284584223835787	cosine	24.0	14.0	20.0	0.3333333333333335	0.06570102610411901
0.8206157199086744	cosine	24.0	20.0	22.0	0.30303030303030315	0.08511721571435177
-1.082174784523236	cosine	24.0	8.0	14.0	0.3636363636363638	0.04990853551146973
-1.285236227140163	cosine	24.0	6.0	8.0	0.3333333333333335	0.06570102610411901
0.5114315014276168	cosine	24.0	2.0	6.0	0.3636363636363638	0.04990853551146973
0.21374302490506802	cosine	24.0	16.0	14.0	0.4242424242424244	0.02742697317621316
0.4976034794743095	cosine	24.0	6.0	8.0	0.4242424242424244	0.02742697317621316
0.37168009988827	cosine	24.0	20.0	0.0	0.6363636363636367	0.001988079806063042
-1.0912790164911403	cosine	24.0	10.0	16.0	0.6363636363636367	0.001988079806063042
1.1934030744436703	cosine	24.0	18.0	20.0	0.3939393939393941	0.037302414641954044
-0.8870522717088969	cosine	24.0	4.0	8.0	0.3636363636363638	0.04990853551146973
-0.022711196904251232	cosine	24.0	6.0	14.0	0.6060606060606063	0.003044944233852819
-0.2514174776167809	cosine	24.0	6.0	8.0	0.6060606060606063	0.003044944233852819
1.6204287393459376	cosine	24.0	12.0	14.0	0.3333333333333335	0.06570102610411901
0.488664939593541	cosine	24.0	0.0	20.0	0.30303030303030315	0.08511721571435177
-0.5457880858494903	cosine	24.0	22.0	6.0	0.575757575757576	0.004583576838638997
0.040946395581118955	cosine	24.0	8.0	10.0	0.5454545454545456	0.0067819162397311575
-0.6076042629738365	cosine	24.0	22.0	4.0	0.3636363636363638	0.04990853551146973
-0.12360204322875379	cosine	24.0	2.0	20.0	0.6060606060606063	0.003044944233852819
-2.0349392012464635	cosine	24.0	12.0	20.0	0.6969696969696972	0.0008043156973336818
0.7222807630511129	cosine	24.0	2.0	14.0	0.45454545454545475	0.019834630913749846
-2.113662335929093	cosine	24.0	16.0	14.0	0.4848484848484851	0.014106153084401886
-0.018993237633209648	cosine	24.0	0.0	22.0	0.3636363636363638	0.04990853551146973
-0.5113811465396698	cosine	24.0	8.0	22.0	0.6363636363636367	0.001988079806063042
0.34296730439363804	cosine	24.0	6.0	8.0	0.5454545454545456	0.0067819162397311575
-0.7113325026190537	cosine	24.0	14.0	12.0	0.4848484848484851	0.014106153084401886
-2.0600895539411197	cosine	24.0	2.0	4.0	0.4242424242424244	0.02742697317621316
-1.5339861828075334	cosine	24.0	18.0	16.0	0.3636363636363638	0.04990853551146973
-0.43967520007888966	cosine	24.0	14.0	18.0	0.45454545454545475	0.019834630913749846
-0.1639882790543911	cosine	24.0	16.0	14.0	0.3636363636363638	0.04990853551146973
1.02037014282743	cosine	24.0	6.0	4.0	0.575757575757576	0.004583576838638997
0.6773251129722623	cosine	24.0	20.0	12.0	0.6363636363636367	0.001988079806063042
-0.5109171849961937	cosine	24.0	0.0	2.0	0.5151515151515154	0.00986438530634296
-0.35065645514933735	cosine	24.0	4.0	2.0	0.30303030303030315	0.08511721571435177
0.22497781914161197	cosine	24.0	18.0	20.0	0.4242424242424244	0.02742697317621316
-1.9380955332457235	cosine	24.0	14.0	20.0	0.4242424242424244	0.02742697317621316
0.7768479526618524	cosine	24.0	20.0	2.0	0.666666666666667	0.0012756406460599887
-0.23706743145477902	cosine	24.0	10.0	14.0	0.6363636363636367	0.001988079806063042
-0.7115090840747942	cosine	24.0	4.0	6.0	0.30303030303030315	0.08511721571435177
1.6460616259536203	cosine	24.0	20.0	16.0	0.5151515151515154	0.00986438530634296
0.586410686806762	cosine	24.0	22.0	18.0	0.4242424242424244	0.02742697317621316
-1.961598623193019	cosine	24.0	10.0	12.0	0.2727272727272728	0.10854448149943507
-0.3886399399430734	cosine	24.0	16.0	12.0	0.6363636363636367	0.001988079806063042
0.2589395519894408	cosine	24.0	20.0	18.0	0.575757575757576	0.004583576838638997
0.845748303649929	cosine	24.0	4.0	2.0	0.24242424242424254	0.1362855657955242
0.3891973390350506	cosine	24.0	18.0	22.0	0.5151515151515154	0.00986438530634296
-0.25793927306771297	cosine	24.0	16.0	14.0	0.5151515151515154	0.00986438530634296
-0.25747712129766787	cosine	24.0	20.0	22.0	0.4848484848484851	0.014106153084401886
-0.07457125179050873	cosine	24.0	22.0	20.0	0.3636363636363638	0.04990853551146973
-0.8772419221564381	cosine	24.0	12.0	10.0	0.30303030303030315	0.08511721571435177
-1.005687593306034	cosine	24.0	22.0	4.0	0.4242424242424244	0.02742697317621316
0.5737709323951061	cosine	24.0	12.0	16.0	0.30303030303030315	0.08511721571435177
0.5376042491905321	cosine	24.0	6.0	4.0	0.3939393939393941	0.037302414641954044
0.9111005770303442	cosine	24.0	22.0	0.0	0.3333333333333335	0.06570102610411901
-1.1802602878201016	cosine	24.0	2.0	4.0	0.4848484848484851	0.014106153084401886
0.3215101988004581	cosine	24.0	2.0	0.0	0.4242424242424244	0.02742697317621316
-2.6678664997410997	cosine	24.0	4.0	18.0	0.3939393939393941	0.037302414641954044
-0.006853177674195297	cosine	24.0	22.0	18.0	0.4242424242424244	0.02742697317621316
1.115710598162409	cosine	24.0	4.0	2.0	0.24242424242424254	0.1362855657955242
1.0570895192813567	cosine	24.0	6.0	4.0	0.5454545454545456	0.0067819162397311575
-2.326633930024123	cosine	24.0	16.0	20.0	0.5151515151515154	0.00986438530634296
0.3738212037217101	cosine	24.0	2.0	0.0	0.4242424242424244	0.02742697317621316
0.40460718587789846	cosine	24.0	14.0	18.0	0.24242424242424254	0.1362855657955242
0.6386569417649096	cosine	24.0	8.0	2.0	0.3636363636363638	0.04990853551146973
0.03955827344990093	cosine	24.0	8.0	20.0	0.6060606060606063	0.003044944233852819
0.4804529554698471	cosine	24.0	22.0	0.0	0.2727272727272728	0.10854448149943507
-1.6320735949152374	cosine	24.0	4.0	8.0	0.3939393939393941	0.037302414641954044
-1.4186239607432425	cosine	24.0	6.0	10.0	0.2727272727272728	0.10854448149943507
0.8414805109179542	cosine	24.0	0.0	16.0	0.3939393939393941	0.037302414641954044
0.9916174646297883	cosine	24.0	4.0	2.0	0.4242424242424244	0.02742697317621316
-0.5038271028625492	cosine	24.0	12.0	14.0	0.5454545454545456	0.0067819162397311575
0.29257479614009924	cosine	24.0	14.0	16.0	0.3939393939393941	0.037302414641954044
-0.5922409584677539	cosine	24.0	20.0	18.0	0.45454545454545475	0.019834630913749846
-0.6950359021782171	cosine	24.0	4.0	6.0	0.6363636363636367	0.001988079806063042
0.18395847590305378	cosine	24.0	10.0	20.0	0.5151515151515154	0.00986438530634296
0.3865962851391378	cosine	24.0	12.0	10.0	0.575757575757576	0.004583576838638997
-1.251632925818859	cosine	24.0	2.0	0.0	0.3636363636363638	0.04990853551146973
-1.0798647255097715	cosine	24.0	10.0	2.0	0.6363636363636367	0.001988079806063042
-1.8951659952675084	cosine	24.0	12.0	10.0	0.5454545454545456	0.0067819162397311575
0.28689508573170897	cosine	24.0	14.0	12.0	0.30303030303030315	0.08511721571435177
-1.7047358276551077	cosine	24.0	14.0	6.0	0.3636363636363638	0.04990853551146973
-0.46552421072163164	cosine	24.0	8.0	12.0	0.45454545454545475	0.019834630913749846
0.35030062739882994	cosine	24.0	22.0	12.0	0.5454545454545456	0.0067819162397311575
0.2657731235853178	cosine	24.0	0.0	22.0	0.4848484848484851	0.014106153084401886
0.46689684081689414	cosine	24.0	18.0	22.0	0.45454545454545475	0.019834630913749846
2.35739877074486	cosine	24.0	14.0	16.0	0.24242424242424254	0.1362855657955242
-0.8441232841494438	cosine	24.0	8.0	6.0	0.3333333333333335	0.06570102610411901
1.7025423628551897	cosine	24.0	16.0	0.0	0.3939393939393941	0.037302414641954044
-0.26797336620097184	cosine	24.0	2.0	12.0	0.666666666666667	0.0012756406460599887
-0.08387233678506587	cosine	24.0	4.0	2.0	0.4848484848484851	0.014106153084401886
-0.36319743515002145	cosine	24.0	10.0	8.0	0.575757575757576	0.004583576838638997
-0.2527920603720134	cosine	24.0	16.0	6.0	0.5454545454545456	0.0067819162397311575
-1.0863043579116558	cosine	24.0	22.0	0.0	0.3636363636363638	0.04990853551146973
0.5833788869882051	cosine	24.0	14.0	20.0	0.3939393939393941	0.037302414641954044
1.1941712890669223	cosine	24.0	14.0	10.0	0.3939393939393941	0.037302414641954044
0.9373954021247837	cosine	24.0	2.0	16.0	0.5151515151515154	0.00986438530634296
-0.7704610128759299	cosine	24.0	12.0	10.0	0.3636363636363638	0.04990853551146973
1.3547305990776035	cosine	24.0	10.0	12.0	0.45454545454545475	0.019834630913749846
1.1918545206932982	cosine	24.0	14.0	18.0	0.6060606060606063	0.003044944233852819
-0.7687743758884716	cosine	24.0	2.0	20.0	0.3636363636363638	0.04990853551146973
-0.05801881929437771	cosine	24.0	12.0	10.0	0.3939393939393941	0.037302414641954044
-0.10325120188198758	cosine	24.0	18.0	4.0	0.3939393939393941	0.037302414641954044
0.5283916383092786	cosine	24.0	22.0	20.0	0.3636363636363638	0.04990853551146973
0.8889171189535832	cosine	24.0	6.0	8.0	0.30303030303030315	0.08511721571435177
0.4143520568935134	cosine	24.0	10.0	0.0	0.8484848484848488	6.150147255049047e-05
0.6849293855417005	cosine	24.0	6.0	4.0	0.4848484848484851	0.014106153084401886
-0.560029343625138	cosine	24.0	8.0	10.0	0.3333333333333335	0.06570102610411901
-0.25801196410264315	cosine	24.0	4.0	12.0	0.3636363636363638	0.04990853551146973
1.0000431246614072	cosine	24.0	6.0	12.0	0.45454545454545475	0.019834630913749846
-1.1711042553335687	cosine	24.0	16.0	22.0	0.575757575757576	0.004583576838638997
1.3185481932661063	cosine	24.0	14.0	0.0	0.5454545454545456	0.0067819162397311575
-1.6965182425772283	cosine	24.0	2.0	4.0	0.3939393939393941	0.037302414641954044
1.4700535562397683	cosine	24.0	14.0	16.0	0.45454545454545475	0.019834630913749846
-1.1970921961460967	cosine	24.0	16.0	14.0	0.3939393939393941	0.037302414641954044
0.35641352391316616	cosine	24.0	10.0	12.0	0.5454545454545456	0.0067819162397311575
1.8879428474170117	cosine	24.0	2.0	0.0	0.45454545454545475	0.019834630913749846
1.7585198556624084	cosine	24.0	16.0	14.0	0.3333333333333335	0.06570102610411901
0.9452554631870521	cosine	24.0	8.0	10.0	0.3636363636363638	0.04990853551146973
-0.3479136458911277	cosine	24.0	16.0	18.0	0.3939393939393941	0.037302414641954044
-0.6110501221989983	cosine	24.0	20.0	22.0	0.4242424242424244	0.02742697317621316
0.22275788052924422	cosine	24.0	14.0	16.0	0.30303030303030315	0.08511721571435177
-0.2122980887828556	cosine	24.0	12.0	10.0	0.3636363636363638	0.04990853551146973
0.04826354408455599	cosine	24.0	8.0	10.0	0.3333333333333335	0.06570102610411901
-0.6785106152077582	cosine	24.0	16.0	14.0	0.6060606060606063	0.003044944233852819
-1.6888634748438192	cosine	24.0	16.0	18.0	0.3939393939393941	0.037302414641954044
-0.2894551909584403	cosine	24.0	0.0	2.0	0.575757575757576	0.004583576838638997
0.13188633933721297	cosine	24.0	14.0	16.0	0.3636363636363638	0.04990853551146973
-1.300107616308101	cosine	24.0	8.0	10.0	0.2727272727272728	0.10854448149943507
1.5713243668379646	cosine	24.0	8.0	10.0	0.45454545454545475	0.019834630913749846
-0.3124442304858976	cosine	24.0	14.0	16.0	0.2727272727272728	0.10854448149943507
0.7219386603712037	cosine	24.0	2.0	16.0	0.575757575757576	0.004583576838638997
-0.6597219904228009	cosine	24.0	6.0	2.0	0.3636363636363638	0.04990853551146973
-1.3671299026097952	cosine	24.0	10.0	4.0	0.4242424242424244	0.02742697317621316
0.6599803176800889	cosine	24.0	4.0	12.0	0.6363636363636367	0.001988079806063042
-1.7516532397533306	cosine	24.0	2.0	4.0	0.24242424242424254	0.1362855657955242
0.7182797805638422	cosine	24.0	10.0	12.0	0.6060606060606063	0.003044944233852819
-0.6339700970245525	cosine	24.0	10.0	8.0	0.30303030303030315	0.08511721571435177
-1.3118770438494651	cosine	24.0	2.0	20.0	0.45454545454545475	0.019834630913749846
0.9543133274097781	cosine	24.0	10.0	16.0	0.575757575757576	0.004583576838638997
-0.22444121922862761	cosine	24.0	6.0	10.0	0.4848484848484851	0.014106153084401886
0.7211274162993022	cosine	24.0	2.0	20.0	0.5151515151515154	0.00986438530634296
1.809220959766411	cosine	24.0	6.0	12.0	0.30303030303030315	0.08511721571435177
-1.6796025828866212	cosine	24.0	16.0	12.0	0.30303030303030315	0.08511721571435177
2.192717700903443	cosine	24.0	8.0	10.0	0.3636363636363638	0.04990853551146973
-0.744536897526789	cosine	24.0	22.0	18.0	0.5454545454545456	0.0067819162397311575
-0.35530953843884505	cosine	24.0	22.0	0.0	0.3636363636363638	0.04990853551146973
0.6823897397103422	cosine	24.0	18.0	20.0	0.3939393939393941	0.037302414641954044
-0.5033321656236914	cosine	24.0	4.0	2.0	0.3333333333333335	0.06570102610411901
0.016020898862388142	cosine	24.0	20.0	16.0	0.3636363636363638	0.04990853551146973
-0.8436886540701599	cosine	24.0	10.0	8.0	0.45454545454545475	0.019834630913749846
1.4700867245929692	cosine	24.0	0.0	2.0	0.4848484848484851	0.014106153084401886
1.204325669819528	cosine	24.0	0.0	20.0	0.3333333333333335	0.06570102610411901
1.7548655784245344	cosine	24.0	0.0	20.0	0.3939393939393941	0.037302414641954044
1.7542622102679541	cosine	24.0	22.0	0.0	0.30303030303030315	0.08511721571435177
0.12314704403366343	cosine	24.0	22.0	18.0	0.3939393939393941	0.037302414641954044
-0.8446324782734708	cosine	24.0	8.0	6.0	0.5454545454545456	0.0067819162397311575
-1.345447067949878	cosine	24.0	0.0	2.0	0.3636363636363638	0.04990853551146973
1.1141540780510601	cosine	24.0	16.0	14.0	0.45454545454545475	0.019834630913749846
-1.1815208900475132	cosine	24.0	2.0	0.0	0.5151515151515154	0.00986438530634296
1.2433516665079276	cosine	24.0	20.0	22.0	0.4848484848484851	0.014106153084401886
1.6195798595788777	cosine	24.0	18.0	14.0	0.5454545454545456	0.0067819162397311575
-0.5060885345600387	cosine	24.0	22.0	20.0	0.666666666666667	0.0012756406460599887
1.9151578834601248	cosine	24.0	18.0	16.0	0.3939393939393941	0.037302414641954044
1.4413203833610448	cosine	24.0	6.0	20.0	0.3939393939393941	0.037302414641954044
-0.33268764614464386	cosine	24.0	2.0	8.0	0.3939393939393941	0.037302414641954044
1.12009874567932	cosine	24.0	4.0	0.0	0.4242424242424244	0.02742697317621316
0.15004088201142687	cosine	24.0	4.0	6.0	0.3333333333333335	0.06570102610411901
0.6175431829834053	cosine	24.0	4.0	0.0	0.5151515151515154	0.00986438530634296
-0.868872828300471	cosine	24.0	2.0	22.0	0.575757575757576	0.004583576838638997
-0.45640960654849144	cosine	24.0	6.0	16.0	0.4848484848484851	0.014106153084401886
1.2619147568228037	cosine	24.0	12.0	14.0	0.4848484848484851	0.014106153084401886
-1.195142822510146	cosine	24.0	20.0	22.0	0.45454545454545475	0.019834630913749846
0.5637073763983883	cosine	24.0	22.0	20.0	0.3636363636363638	0.04990853551146973
1.104745507895814	cosine	24.0	14.0	12.0	0.3939393939393941	0.037302414641954044
0.3651025519530026	cosine	24.0	20.0	4.0	0.45454545454545475	0.019834630913749846
0.2228695416458397	cosine	24.0	20.0	22.0	0.4242424242424244	0.02742697317621316
-0.1589533153117668	cosine	24.0	6.0	8.0	0.575757575757576	0.004583576838638997
-0.6344690262925842	cosine	24.0	16.0	18.0	0.5151515151515154	0.00986438530634296
-1.4335885346234365	cosine	24.0	6.0	4.0	0.30303030303030315	0.08511721571435177
1.3034015534712922	cosine	24.0	6.0	10.0	0.2727272727272728	0.10854448149943507
-1.2427039299000637	cosine	24.0	16.0	8.0	0.5454545454545456	0.0067819162397311575
-0.29616254840432155	cosine	24.0	18.0	16.0	0.24242424242424254	0.1362855657955242
-0.24338302224425049	cosine	24.0	2.0	22.0	0.3333333333333335	0.06570102610411901
-0.2732325260683402	cosine	24.0	18.0	22.0	0.30303030303030315	0.08511721571435177
-0.20056528748946859	cosine	24.0	14.0	12.0	0.575757575757576	0.004583576838638997
-1.1134140315943408	cosine	24.0	18.0	8.0	0.5151515151515154	0.00986438530634296
0.1394721437102232	cosine	24.0	22.0	18.0	0.6060606060606063	0.003044944233852819
-0.21822428118902792	cosine	24.0	22.0	0.0	0.5454545454545456	0.0067819162397311575
-1.5048300988813943	cosine	24.0	14.0	12.0	0.4242424242424244	0.02742697317621316
1.266708571405036	cosine	24.0	14.0	12.0	0.45454545454545475	0.019834630913749846
-1.0151641473316901	cosine	24.0	6.0	12.0	0.6060606060606063	0.003044944233852819
2.00906414808467	cosine	24.0	0.0	22.0	0.8181818181818186	0.00010656710346223243
-0.26344055498627494	cosine	24.0	8.0	2.0	0.4242424242424244	0.02742697317621316
0.6292332068830807	cosine	24.0	16.0	18.0	0.3636363636363638	0.04990853551146973
0.5444948874567095	cosine	24.0	4.0	16.0	0.4242424242424244	0.02742697317621316
-0.32497144100951286	cosine	24.0	12.0	10.0	0.3636363636363638	0.04990853551146973
-1.2554722650339927	cosine	24.0	12.0	14.0	0.3636363636363638	0.04990853551146973
0.834806691720477	cosine	24.0	12.0	14.0	0.4242424242424244	0.02742697317621316
-1.1964451100250182	cosine	24.0	8.0	10.0	0.3333333333333335	0.06570102610411901
0.030077212864954045	cosine	24.0	16.0	20.0	0.4848484848484851	0.014106153084401886
-0.0050390604895210475	cosine	24.0	16.0	20.0	0.4848484848484851	0.014106153084401886
-0.40663038821265585	cosine	24.0	8.0	6.0	0.5151515151515154	0.00986438530634296
-0.4986616334858555	cosine	24.0	16.0	10.0	0.4242424242424244	0.02742697317621316
0.48217971631145207	cosine	24.0	4.0	2.0	0.3636363636363638	0.04990853551146973
-0.8865935099613373	cosine	24.0	22.0	10.0	0.3636363636363638	0.04990853551146973
-0.35050549828735794	cosine	24.0	16.0	12.0	0.5454545454545456	0.0067819162397311575
-0.9004889142635035	cosine	24.0	10.0	2.0	0.4848484848484851	0.014106153084401886
-2.7931030360511753	cosine	24.0	12.0	18.0	0.3939393939393941	0.037302414641954044
-1.385387202352798	cosine	24.0	2.0	0.0	0.3939393939393941	0.037302414641954044
0.6530652752146545	cosine	24.0	10.0	20.0	0.45454545454545475	0.019834630913749846
0.12324154558636569	cosine	24.0	6.0	8.0	0.4242424242424244	0.02742697317621316
-0.40800011792860424	cosine	24.0	4.0	8.0	0.5454545454545456	0.0067819162397311575
-0.31618114687470894	cosine	24.0	10.0	8.0	0.2727272727272728	0.10854448149943507
-0.6813534264315001	cosine	24.0	6.0	12.0	0.45454545454545475	0.019834630913749846
-0.7359051606033234	cosine	24.0	16.0	18.0	0.3636363636363638	0.04990853551146973
-0.6780156543825397	cosine	24.0	0.0	22.0	0.45454545454545475	0.019834630913749846
0.6281343277708313	cosine	24.0	22.0	20.0	0.5151515151515154	0.00986438530634296
0.5314696095397755	cosine	24.0	6.0	4.0	0.4848484848484851	0.014106153084401886
0.2644872697463506	cosine	24.0	14.0	6.0	0.5151515151515154	0.00986438530634296
-1.6228626450365398	cosine	24.0	16.0	14.0	0.2727272727272728	0.10854448149943507
0.3224688646211379	cosine	24.0	8.0	14.0	0.3636363636363638	0.04990853551146973
1.1827514945988362	cosine	24.0	8.0	14.0	0.3333333333333335	0.06570102610411901
0.9515962727969368	cosine	24.0	14.0	8.0	0.4848484848484851	0.014106153084401886
0.26382887136754785	cosine	24.0	2.0	16.0	0.4848484848484851	0.014106153084401886
1.0391940530222292	cosine	24.0	6.0	4.0	0.5151515151515154	0.00986438530634296
-0.49256742986046775	cosine	24.0	6.0	4.0	0.45454545454545475	0.019834630913749846
-0.9652915180765447	cosine	24.0	12.0	18.0	0.4848484848484851	0.014106153084401886
-0.5635537705480099	cosine	24.0	22.0	0.0	0.575757575757576	0.004583576838638997
1.428918211433617	cosine	24.0	0.0	2.0	0.3939393939393941	0.037302414641954044
-0.2532044949163152	cosine	24.0	8.0	10.0	0.3636363636363638	0.04990853551146973
-0.49608568658093033	cosine	24.0	10.0	16.0	0.3939393939393941	0.037302414641954044
1.8852554292955186	cosine	24.0	6.0	8.0	0.4242424242424244	0.02742697317621316
-0.3462821859042015	cosine	24.0	22.0	18.0	0.3333333333333335	0.06570102610411901
2.760513796053589	cosine	24.0	22.0	0.0	0.5454545454545456	0.0067819162397311575
1.8017470891491973	cosine	24.0	2.0	4.0	0.4242424242424244	0.02742697317621316
-0.6842486977524841	cosine	24.0	10.0	4.0	0.3939393939393941	0.037302414641954044
1.3063480881798195	cosine	24.0	8.0	6.0	0.5151515151515154	0.00986438530634296
-1.0125987582599303	cosine	24.0	22.0	0.0	0.3939393939393941	0.037302414641954044
-0.9577762486181215	cosine	24.0	8.0	4.0	0.5151515151515154	0.00986438530634296
0.6067483441856112	cosine	24.0	12.0	2.0	0.3333333333333335	0.06570102610411901
-1.270117296599117	cosine	24.0	12.0	10.0	0.5151515151515154	0.00986438530634296
0.6309033985919221	cosine	24.0	6.0	4.0	0.3636363636363638	0.04990853551146973
0.5510977360823507	cosine	24.0	14.0	16.0	0.7272727272727276	0.0004983045770249599
-0.7063028626758697	cosine	24.0	12.0	6.0	0.3636363636363638	0.04990853551146973
-0.7254583412077914	cosine	24.0	14.0	16.0	0.575757575757576	0.004583576838638997
-1.3725234842164633	cosine	24.0	20.0	12.0	0.575757575757576	0.004583576838638997
0.02086926427192712	cosine	24.0	14.0	16.0	0.3333333333333335	0.06570102610411901
0.46460890894478474	cosine	24.0	16.0	10.0	0.5151515151515154	0.00986438530634296
2.0236189571700964	cosine	24.0	18.0	14.0	0.5151515151515154	0.00986438530634296
-1.0683516859936355	cosine	24.0	10.0	4.0	0.5151515151515154	0.00986438530634296
0.9350488927640298	cosine	24.0	22.0	0.0	0.4848484848484851	0.014106153084401886
-0.05880719100397977	cosine	24.0	14.0	18.0	0.5151515151515154	0.00986438530634296
-0.15737783401573902	cosine	24.0	22.0	2.0	0.5151515151515154	0.00986438530634296
-0.4078151701353601	cosine	24.0	8.0	10.0	0.45454545454545475	0.019834630913749846
0.705314926094024	cosine	24.0	4.0	2.0	0.7272727272727276	0.0004983045770249599
-1.0905775887934026	cosine	24.0	18.0	22.0	0.4848484848484851	0.014106153084401886
-0.8522779069597601	cosine	24.0	8.0	10.0	0.30303030303030315	0.08511721571435177
-0.6715774733681276	cosine	24.0	2.0	4.0	0.666666666666667	0.0012756406460599887
-0.13287493954463755	cosine	24.0	20.0	22.0	0.5151515151515154	0.00986438530634296
-1.5338873029491766	cosine	24.0	18.0	6.0	0.6363636363636367	0.001988079806063042
-0.4850216221939502	cosine	24.0	0.0	22.0	0.5151515151515154	0.00986438530634296
-0.7845175514032624	cosine	24.0	6.0	10.0	0.3939393939393941	0.037302414641954044
-0.899175305330967	cosine	24.0	18.0	16.0	0.4848484848484851	0.014106153084401886
-1.3712831629038347	cosine	24.0	22.0	20.0	0.3636363636363638	0.04990853551146973
-0.7824224558842292	cosine	24.0	10.0	12.0	0.3939393939393941	0.037302414641954044
0.06753681239850778	cosine	24.0	2.0	0.0	0.575757575757576	0.004583576838638997
0.20219306631161083	cosine	24.0	0.0	22.0	0.3636363636363638	0.04990853551146973
1.6038748799716336	cosine	24.0	10.0	8.0	0.7272727272727276	0.0004983045770249599
0.9850806161156084	cosine	24.0	10.0	8.0	0.4848484848484851	0.014106153084401886
-1.0280472606422248	cosine	24.0	16.0	2.0	0.575757575757576	0.004583576838638997
1.8984011600173134	cosine	24.0	16.0	18.0	0.6363636363636367	0.001988079806063042
-0.4815746478880926	cosine	24.0	22.0	10.0	0.5151515151515154	0.00986438530634296
-0.49558108402505363	cosine	24.0	12.0	14.0	0.45454545454545475	0.019834630913749846
-0.41367715210957784	cosine	24.0	0.0	14.0	0.666666666666667	0.0012756406460599887
2.4514578261055626	cosine	24.0	14.0	4.0	0.6060606060606063	0.003044944233852819
-1.1282369096105216	cosine	24.0	22.0	18.0	0.4848484848484851	0.014106153084401886
1.6539039479096669	cosine	24.0	2.0	4.0	0.45454545454545475	0.019834630913749846
-0.16214427191002634	cosine	24.0	8.0	10.0	0.5454545454545456	0.0067819162397311575
-1.1330942686895857	cosine	24.0	20.0	22.0	0.5151515151515154	0.00986438530634296
0.6945651797953898	cosine	24.0	20.0	22.0	0.3636363636363638	0.04990853551146973
1.0548767581723395	cosine	24.0	10.0	18.0	0.3939393939393941	0.037302414641954044
-2.0484916676179825	cosine	24.0	8.0	10.0	0.45454545454545475	0.019834630913749846
1.3829982649964403	cosine	24.0	2.0	14.0	0.30303030303030315	0.08511721571435177
-0.7627137323706309	cosine	24.0	12.0	8.0	0.5151515151515154	0.00986438530634296
0.25244911243059803	cosine	24.0	20.0	16.0	0.24242424242424254	0.1362855657955242
-0.25306238547622434	cosine	24.0	12.0	14.0	0.3333333333333335	0.06570102610411901
-0.21562338884930643	cosine	24.0	0.0	22.0	0.6060606060606063	0.003044944233852819
-0.10443367903501548	cosine	24.0	16.0	14.0	0.3333333333333335	0.06570102610411901
-0.4137440324250914	cosine	24.0	22.0	18.0	0.6363636363636367	0.001988079806063042
1.598899601122845	cosine	24.0	22.0	2.0	0.4848484848484851	0.014106153084401886
0.7774634046079016	cosine	24.0	10.0	12.0	0.5151515151515154	0.00986438530634296
0.8449421195134357	cosine	24.0	6.0	10.0	0.3939393939393941	0.037302414641954044
-0.9363640718984075	cosine	24.0	8.0	6.0	0.2727272727272728	0.10854448149943507
-0.5237222306001432	cosine	24.0	14.0	12.0	0.3333333333333335	0.06570102610411901
0.670191160204614	cosine	24.0	0.0	22.0	0.3636363636363638	0.04990853551146973
-1.608059717090093	cosine	24.0	0.0	10.0	0.666666666666667	0.0012756406460599887
0.9804703686782076	cosine	24.0	0.0	22.0	0.3636363636363638	0.04990853551146973
-1.2492691615543905	cosine	24.0	10.0	8.0	0.5454545454545456	0.0067819162397311575
1.791395709086336	cosine	24.0	16.0	18.0	0.3333333333333335	0.06570102610411901
-0.4177309447232966	cosine	24.0	6.0	4.0	0.3939393939393941	0.037302414641954044
0.1740850653822463	cosine	24.0	8.0	6.0	0.30303030303030315	0.08511721571435177
0.6332276007818941	cosine	24.0	0.0	2.0	0.3333333333333335	0.06570102610411901
0.24161518960130177	cosine	24.0	8.0	4.0	0.30303030303030315	0.08511721571435177
-0.05398179798559932	cosine	24.0	10.0	14.0	0.3333333333333335	0.06570102610411901
1.035119224202724	cosine	24.0	10.0	14.0	0.24242424242424254	0.1362855657955242
-0.9534102134940351	cosine	24.0	4.0	6.0	0.3939393939393941	0.037302414641954044
-0.6984984127205879	cosine	24.0	14.0	20.0	0.3636363636363638	0.04990853551146973
-0.26553949038722935	cosine	24.0	14.0	12.0	0.2727272727272728	0.10854448149943507
-0.48968080353482857	cosine	24.0	22.0	0.0	0.3939393939393941	0.037302414641954044
0.021924627183661935	cosine	24.0	22.0	0.0	0.45454545454545475	0.019834630913749846
0.3289494432726155	cosine	24.0	0.0	2.0	0.5151515151515154	0.00986438530634296
1.1569263892041717	cosine	24.0	8.0	10.0	0.3333333333333335	0.06570102610411901
-1.6230137277051624	cosine	24.0	2.0	4.0	0.3333333333333335	0.06570102610411901
0.9409575597769426	cosine	24.0	2.0	4.0	0.45454545454545475	0.019834630913749846
0.25975398962076546	cosine	24.0	10.0	2.0	0.45454545454545475	0.019834630913749846
0.3234790378024673	cosine	24.0	22.0	6.0	0.45454545454545475	0.019834630913749846
0.9614382491359352	cosine	24.0	0.0	2.0	0.30303030303030315	0.08511721571435177
-0.2618452121031176	cosine	24.0	10.0	6.0	0.575757575757576	0.004583576838638997
-0.33704218862996943	cosine	24.0	20.0	18.0	0.3333333333333335	0.06570102610411901
1.1063089985395842	cosine	24.0	22.0	14.0	0.3939393939393941	0.037302414641954044
-0.3188586279865024	cosine	24.0	12.0	10.0	0.2727272727272728	0.10854448149943507
1.0446835138789183	cosine	24.0	4.0	2.0	0.3939393939393941	0.037302414641954044
2.462066116651372	cosine	24.0	2.0	0.0	0.5151515151515154	0.00986438530634296
-1.2802021910951449	cosine	24.0	4.0	6.0	0.3333333333333335	0.06570102610411901
-1.0769421705713838	cosine	24.0	6.0	16.0	0.3636363636363638	0.04990853551146973
-0.9098460102933834	cosine	24.0	0.0	2.0	0.3939393939393941	0.037302414641954044
2.0271837513456847	cosine	24.0	14.0	12.0	0.5454545454545456	0.0067819162397311575
-1.2674868885830917	cosine	24.0	10.0	12.0	0.5454545454545456	0.0067819162397311575
0.6978796473331261	cosine	24.0	6.0	0.0	0.4848484848484851	0.014106153084401886
0.10015968607106439	cosine	24.0	4.0	2.0	0.45454545454545475	0.019834630913749846
-0.3093666998464364	cosine	24.0	22.0	20.0	0.6363636363636367	0.001988079806063042
0.24776387173629325	cosine	24.0	20.0	22.0	0.3939393939393941	0.037302414641954044
0.722485908283947	cosine	24.0	14.0	10.0	0.3333333333333335	0.06570102610411901
-0.6632095254799395	cosine	24.0	10.0	12.0	0.45454545454545475	0.019834630913749846
0.10275428046221684	cosine	24.0	8.0	6.0	0.5151515151515154	0.00986438530634296
0.43316284767015495	cosine	24.0	2.0	22.0	0.45454545454545475	0.019834630913749846
0.8405800044013039	cosine	24.0	12.0	8.0	0.3939393939393941	0.037302414641954044
0.8280146057705706	cosine	24.0	18.0	16.0	0.5151515151515154	0.00986438530634296
0.34980463178107096	cosine	24.0	22.0	20.0	0.4848484848484851	0.014106153084401886
0.5679280651950328	cosine	24.0	20.0	18.0	0.3939393939393941	0.037302414641954044
-0.47061363967928693	cosine	24.0	6.0	18.0	0.3939393939393941	0.037302414641954044
-0.38135955764053114	cosine	24.0	18.0	20.0	0.45454545454545475	0.019834630913749846
0.5100549872323792	cosine	24.0	14.0	16.0	0.575757575757576	0.004583576838638997
-0.8177867013612217	cosine	24.0	0.0	22.0	0.45454545454545475	0.019834630913749846
0.7052366741052702	cosine	24.0	6.0	2.0	0.45454545454545475	0.019834630913749846
-0.44333522490797106	cosine	24.0	0.0	2.0	0.3636363636363638	0.04990853551146973
0.014278720344962696	cosine	24.0	14.0	2.0	0.6969696969696972	0.0008043156973336818
-0.19721816645970192	cosine	24.0	16.0	18.0	0.3333333333333335	0.06570102610411901
1.0366389493586445	cosine	24.0	10.0	12.0	0.4242424242424244	0.02742697317621316
-0.40428973257157425	cosine	24.0	6.0	4.0	0.3636363636363638	0.04990853551146973
1.134134604326564	cosine	24.0	12.0	14.0	0.2727272727272728	0.10854448149943507
1.9482330514684831	cosine	24.0	0.0	4.0	0.3333333333333335	0.06570102610411901
-0.26790002754800124	cosine	24.0	18.0	0.0	0.4242424242424244	0.02742697317621316
-0.2624612529735631	cosine	24.0	12.0	10.0	0.4242424242424244	0.02742697317621316
-1.3073193307017352	cosine	24.0	0.0	4.0	0.3333333333333335	0.06570102610411901
1.066371888325123	cosine	24.0	2.0	8.0	0.4242424242424244	0.02742697317621316
0.2626740646060003	cosine	24.0	18.0	20.0	0.45454545454545475	0.019834630913749846
-0.28643364507325625	cosine	24.0	8.0	10.0	0.24242424242424254	0.1362855657955242
-0.15393608648337	cosine	24.0	8.0	20.0	0.45454545454545475	0.019834630913749846
0.2957420140643405	cosine	24.0	12.0	8.0	0.2727272727272728	0.10854448149943507
0.7091005687239937	cosine	24.0	10.0	22.0	0.6060606060606063	0.003044944233852819
-0.28936165730477476	cosine	24.0	22.0	0.0	0.5151515151515154	0.00986438530634296
-1.2207524901679228	cosine	24.0	2.0	4.0	0.3333333333333335	0.06570102610411901
-0.15035152289238968	cosine	24.0	10.0	12.0	0.4848484848484851	0.014106153084401886
-1.0116464264046339	cosine	24.0	6.0	0.0	0.6969696969696972	0.0008043156973336818
1.0921240167482194	cosine	24.0	12.0	14.0	0.4242424242424244	0.02742697317621316
0.548201532563032	cosine	24.0	18.0	16.0	0.2727272727272728	0.10854448149943507
0.21081542821469965	cosine	24.0	20.0	18.0	0.3333333333333335	0.06570102610411901
-0.2308810071582618	cosine	24.0	16.0	8.0	0.2727272727272728	0.10854448149943507
0.11998116721611349	cosine	24.0	2.0	6.0	0.3333333333333335	0.06570102610411901
0.048753646377964796	cosine	24.0	8.0	6.0	0.5454545454545456	0.0067819162397311575
0.6802928482097437	cosine	24.0	10.0	12.0	0.5151515151515154	0.00986438530634296
0.7880839148986856	cosine	24.0	8.0	12.0	0.30303030303030315	0.08511721571435177
-2.1308747577670113	cosine	24.0	0.0	8.0	0.4848484848484851	0.014106153084401886
-0.4475687771226766	cosine	24.0	0.0	22.0	0.5151515151515154	0.00986438530634296
0.2416337968369655	cosine	24.0	12.0	10.0	0.2727272727272728	0.10854448149943507
0.9667581541412446	cosine	24.0	22.0	0.0	0.666666666666667	0.0012756406460599887
0.8224780354800278	cosine	24.0	18.0	6.0	0.3939393939393941	0.037302414641954044
1.2579060843048016	cosine	24.0	0.0	2.0	0.4848484848484851	0.014106153084401886
-1.0839706974951804	cosine	24.0	14.0	12.0	0.45454545454545475	0.019834630913749846
0.11465580680734598	cosine	24.0	6.0	4.0	0.2727272727272728	0.10854448149943507
0.23762858328216482	cosine	24.0	16.0	14.0	0.3939393939393941	0.037302414641954044
-0.5291687953340333	cosine	24.0	18.0	20.0	0.4242424242424244	0.02742697317621316
0.8365588455407108	cosine	24.0	0.0	22.0	0.30303030303030315	0.08511721571435177
0.6091452538082212	cosine	24.0	6.0	8.0	0.3939393939393941	0.037302414641954044
1.117663696091141	cosine	24.0	4.0	6.0	0.24242424242424254	0.1362855657955242
-0.9793151654268015	cosine	24.0	16.0	22.0	0.45454545454545475	0.019834630913749846
0.20274718734821828	cosine	24.0	2.0	8.0	0.45454545454545475	0.019834630913749846
-0.7007578166381505	cosine	24.0	2.0	0.0	0.5151515151515154	0.00986438530634296
1.778873406449648	cosine	24.0	4.0	8.0	0.3333333333333335	0.06570102610411901
0.1382723624339909	cosine	24.0	0.0	4.0	0.3939393939393941	0.037302414641954044
-2.4361708221766647	cosine	24.0	20.0	22.0	0.4848484848484851	0.014106153084401886
0.2579746953554888	cosine	24.0	12.0	20.0	0.5454545454545456	0.0067819162397311575
0.020349586722044972	cosine	24.0	12.0	10.0	0.575757575757576	0.004583576838638997
-0.42053679344426964	cosine	24.0	2.0	0.0	0.30303030303030315	0.08511721571435177
-0.6232815236844731	cosine	24.0	10.0	4.0	0.4848484848484851	0.014106153084401886
0.2950340183616697	cosine	24.0	2.0	0.0	0.45454545454545475	0.019834630913749846
1.3950079426424464	cosine	24.0	14.0	16.0	0.45454545454545475	0.019834630913749846
-0.28512912369519705	cosine	24.0	16.0	10.0	0.666666666666667	0.0012756406460599887
-1.2722688015756083	cosine	24.0	22.0	20.0	0.2727272727272728	0.10854448149943507
-0.25055175583912725	cosine	24.0	22.0	10.0	0.3939393939393941	0.037302414641954044
0.8088861579029141	cosine	24.0	6.0	2.0	0.3636363636363638	0.04990853551146973
1.0309618488811882	cosine	24.0	22.0	16.0	0.4242424242424244	0.02742697317621316
-0.40527825313509946	cosine	24.0	6.0	4.0	0.45454545454545475	0.019834630913749846
0.24900644211530845	cosine	24.0	18.0	16.0	0.3333333333333335	0.06570102610411901
0.7506325520705922	cosine	24.0	12.0	10.0	0.3636363636363638	0.04990853551146973
0.948591449018876	cosine	24.0	2.0	0.0	0.2727272727272728	0.10854448149943507
0.1453723582353458	cosine	24.0	2.0	0.0	0.3939393939393941	0.037302414641954044
-0.24348736984238065	cosine	24.0	16.0	6.0	0.45454545454545475	0.019834630913749846
-0.588404451862403	cosine	24.0	20.0	18.0	0.3939393939393941	0.037302414641954044
-0.9563788849129022	cosine	24.0	22.0	2.0	0.3636363636363638	0.04990853551146973
0.529579705605812	cosine	24.0	12.0	14.0	0.4242424242424244	0.02742697317621316
-1.6543180981068115	cosine	24.0	14.0	16.0	0.3939393939393941	0.037302414641954044
0.6463645319523659	cosine	24.0	12.0	8.0	0.45454545454545475	0.019834630913749846
-0.1344958596810702	cosine	24.0	16.0	10.0	0.575757575757576	0.004583576838638997
-0.3110350904713687	cosine	24.0	20.0	18.0	0.3333333333333335	0.06570102610411901
1.10601792283527	cosine	24.0	14.0	20.0	0.3333333333333335	0.06570102610411901
1.4678019331377383	cosine	24.0	22.0	18.0	0.4242424242424244	0.02742697317621316
1.44554214031719	cosine	24.0	22.0	0.0	0.3333333333333335	0.06570102610411901
-2.062708640078613	cosine	24.0	0.0	2.0	0.3939393939393941	0.037302414641954044
0.8529843328177839	cosine	24.0	12.0	10.0	0.3333333333333335	0.06570102610411901
-0.43530249042972824	cosine	24.0	0.0	2.0	0.5454545454545456	0.0067819162397311575
-0.6805729355722595	cosine	24.0	14.0	16.0	0.3939393939393941	0.037302414641954044
1.0511996955464629	cosine	24.0	10.0	8.0	0.5151515151515154	0.00986438530634296
0.2873169815671881	cosine	24.0	10.0	12.0	0.5454545454545456	0.0067819162397311575
-1.3578546448950102	cosine	24.0	6.0	2.0	0.24242424242424254	0.1362855657955242
-0.07686662982853597	cosine	24.0	22.0	20.0	0.3636363636363638	0.04990853551146973
0.09396419526304889	cosine	24.0	10.0	12.0	0.6060606060606063	0.003044944233852819
-1.9512800505328542	cosine	24.0	14.0	8.0	0.4242424242424244	0.02742697317621316
-1.2632965792400421	cosine	24.0	6.0	2.0	0.2121212121212122	0.16852366968754684
0.6579418867113546	cosine	24.0	12.0	14.0	0.4242424242424244	0.02742697317621316
-0.5177547466893668	cosine	24.0	6.0	0.0	0.575757575757576	0.004583576838638997
0.8328271926217646	cosine	24.0	22.0	0.0	0.2727272727272728	0.10854448149943507
0.25195844598329825	cosine	24.0	16.0	14.0	0.30303030303030315	0.08511721571435177
-0.4329756209528826	cosine	24.0	12.0	16.0	0.3636363636363638	0.04990853551146973
-2.113424586995624	cosine	24.0	10.0	6.0	0.6060606060606063	0.003044944233852819
-0.31314565578773007	cosine	24.0	4.0	2.0	0.3333333333333335	0.06570102610411901
0.38760760738068767	cosine	24.0	20.0	18.0	0.30303030303030315	0.08511721571435177
0.8324220375057071	cosine	24.0	4.0	12.0	0.2727272727272728	0.10854448149943507
-0.05167945811155605	cosine	24.0	6.0	8.0	0.4848484848484851	0.014106153084401886
-0.3644201543607107	cosine	24.0	4.0	8.0	0.30303030303030315	0.08511721571435177
-0.058110003438682285	cosine	24.0	0.0	4.0	0.30303030303030315	0.08511721571435177
-0.8839773660032995	cosine	24.0	2.0	0.0	0.4242424242424244	0.02742697317621316
-0.761685591187392	cosine	24.0	8.0	4.0	0.5454545454545456	0.0067819162397311575
0.7676864389534649	cosine	24.0	12.0	10.0	0.1818181818181819	0.20529080418760415
1.3687432617364044	cosine	24.0	6.0	10.0	0.4848484848484851	0.014106153084401886
-0.9229932980322123	cosine	24.0	10.0	8.0	0.575757575757576	0.004583576838638997
-0.7668592611051939	cosine	24.0	14.0	12.0	0.3939393939393941	0.037302414641954044
-1.4693507323333161	cosine	24.0	6.0	8.0	0.3636363636363638	0.04990853551146973
1.5929695422244654	cosine	24.0	22.0	0.0	0.3939393939393941	0.037302414641954044
-0.9341005960493642	cosine	24.0	4.0	10.0	0.2727272727272728	0.10854448149943507
0.5542693851458589	cosine	24.0	22.0	0.0	0.3636363636363638	0.04990853551146973
1.38905193796261	cosine	24.0	20.0	22.0	0.5151515151515154	0.00986438530634296
0.5777141550388217	cosine	24.0	16.0	14.0	0.2727272727272728	0.10854448149943507
-2.904251432896251	cosine	24.0	4.0	2.0	0.4848484848484851	0.014106153084401886
-1.4485938180118647	cosine	24.0	22.0	20.0	0.3939393939393941	0.037302414641954044
0.0802364636794442	cosine	24.0	20.0	22.0	0.3636363636363638	0.04990853551146973
1.9118194805762905	cosine	24.0	14.0	12.0	0.45454545454545475	0.019834630913749846
0.791619296435881	cosine	24.0	12.0	10.0	0.4242424242424244	0.02742697317621316
0.058421478067472776	cosine	24.0	16.0	14.0	0.4848484848484851	0.014106153084401886
1.2207983870383645	cosine	24.0	0.0	4.0	0.4242424242424244	0.02742697317621316
-0.2351063609435739	cosine	24.0	6.0	14.0	0.45454545454545475	0.019834630913749846
0.1301836338072541	cosine	24.0	2.0	6.0	0.4242424242424244	0.02742697317621316
0.8195840420029427	cosine	24.0	12.0	14.0	0.3636363636363638	0.04990853551146973
0.16588622440422507	cosine	24.0	22.0	4.0	0.575757575757576	0.004583576838638997
-1.0083246396217864	cosine	24.0	14.0	18.0	0.3636363636363638	0.04990853551146973
0.26968392845526257	cosine	24.0	12.0	16.0	0.3939393939393941	0.037302414641954044
-0.34414915119651135	cosine	24.0	2.0	0.0	0.4848484848484851	0.014106153084401886
0.0467526161308697	cosine	24.0	18.0	10.0	0.3939393939393941	0.037302414641954044
1.2532790955282886	cosine	24.0	14.0	16.0	0.30303030303030315	0.08511721571435177
0.5894076695394221	cosine	24.0	16.0	20.0	0.3636363636363638	0.04990853551146973
-0.03732307116091484	cosine	24.0	6.0	8.0	0.5454545454545456	0.0067819162397311575
0.2901770321065272	cosine	24.0	18.0	14.0	0.3939393939393941	0.037302414641954044
-0.32934123442326024	cosine	24.0	2.0	6.0	0.30303030303030315	0.08511721571435177
-0.9377736973825401	cosine	24.0	0.0	2.0	0.575757575757576	0.004583576838638997
0.44969930198664415	cosine	24.0	18.0	14.0	0.45454545454545475	0.019834630913749846
-1.2630091965766246	cosine	24.0	8.0	4.0	0.666666666666667	0.0012756406460599887
3.2536296675795455	cosine	24.0	20.0	22.0	0.6363636363636367	0.001988079806063042
-1.2028937744924595	cosine	24.0	20.0	22.0	0.30303030303030315	0.08511721571435177
-0.3718513930389892	cosine	24.0	12.0	6.0	0.6363636363636367	0.001988079806063042
0.9824673748016935	cosine	24.0	2.0	4.0	0.5151515151515154	0.00986438530634296
-0.5544891115042047	cosine	24.0	16.0	14.0	0.2727272727272728	0.10854448149943507
-0.8824777241458964	cosine	24.0	2.0	0.0	0.4242424242424244	0.02742697317621316
1.1046663544380684	cosine	24.0	18.0	20.0	0.4848484848484851	0.014106153084401886
-0.4182295164565956	cosine	24.0	2.0	4.0	0.24242424242424254	0.1362855657955242
0.45684379319084617	cosine	24.0	2.0	4.0	0.45454545454545475	0.019834630913749846
-0.7365465290018639	cosine	24.0	12.0	14.0	0.5151515151515154	0.00986438530634296
-0.16045179787198355	cosine	24.0	22.0	12.0	0.4848484848484851	0.014106153084401886
1.8365525764301789	cosine	24.0	10.0	6.0	0.5454545454545456	0.0067819162397311575
0.26815682599596713	cosine	24.0	22.0	2.0	0.3636363636363638	0.04990853551146973
0.8113916015491952	cosine	24.0	12.0	10.0	0.24242424242424254	0.1362855657955242
-0.883741608616641	cosine	24.0	10.0	8.0	0.4848484848484851	0.014106153084401886
-2.1693317010873754	cosine	24.0	16.0	18.0	0.2727272727272728	0.10854448149943507
-1.561595294858789	cosine	24.0	10.0	12.0	0.3636363636363638	0.04990853551146973
0.6689094106392561	cosine	24.0	12.0	14.0	0.2727272727272728	0.10854448149943507
1.0605005086496586	cosine	24.0	4.0	18.0	0.666666666666667	0.0012756406460599887
-1.1749616996956673	cosine	24.0	8.0	4.0	0.4242424242424244	0.02742697317621316
0.8056365636874822	cosine	24.0	16.0	10.0	0.2121212121212122	0.16852366968754684
1.0083183353245269	cosine	24.0	16.0	14.0	0.3636363636363638	0.04990853551146973
-0.513590972155276	cosine	24.0	2.0	0.0	0.6060606060606063	0.003044944233852819
-1.3710908386493774	cosine	24.0	12.0	10.0	0.4242424242424244	0.02742697317621316
0.25347617331408334	cosine	24.0	8.0	22.0	0.5151515151515154	0.00986438530634296
0.4267130586215797	cosine	24.0	2.0	22.0	0.5151515151515154	0.00986438530634296
0.2377450685920649	cosine	24.0	12.0	14.0	0.4242424242424244	0.02742697317621316
1.0665649723038038	cosine	24.0	0.0	2.0	0.30303030303030315	0.08511721571435177
0.25618087507934617	cosine	24.0	8.0	14.0	0.3333333333333335	0.06570102610411901
-0.3977984276520102	cosine	24.0	0.0	22.0	0.3939393939393941	0.037302414641954044
-0.22540745187116185	cosine	24.0	2.0	0.0	0.30303030303030315	0.08511721571435177
1.2322771436393611	cosine	24.0	16.0	12.0	0.45454545454545475	0.019834630913749846
-0.9270689076301403	cosine	24.0	20.0	22.0	0.3939393939393941	0.037302414641954044
1.2144321992802694	cosine	24.0	10.0	4.0	0.4242424242424244	0.02742697317621316
0.5055832546434305	cosine	24.0	16.0	18.0	0.4242424242424244	0.02742697317621316
-0.4446829337663612	cosine	24.0	8.0	6.0	0.6060606060606063	0.003044944233852819
-1.0596015750587588	cosine	24.0	6.0	4.0	0.3333333333333335	0.06570102610411901
-0.8267189405684701	cosine	24.0	18.0	12.0	0.4848484848484851	0.014106153084401886
0.0917584780151521	cosine	24.0	20.0	10.0	0.4848484848484851	0.014106153084401886
1.8750455210366708	cosine	24.0	6.0	4.0	0.3636363636363638	0.04990853551146973
-1.474256252988424	cosine	24.0	10.0	12.0	0.3333333333333335	0.06570102610411901
-1.1862718226264977	cosine	24.0	4.0	6.0	0.4848484848484851	0.014106153084401886
0.9280864890207479	cosine	24.0	8.0	6.0	0.30303030303030315	0.08511721571435177
1.2497428122728933	cosine	24.0	6.0	18.0	0.575757575757576	0.004583576838638997
0.31008196165592744	cosine	24.0	12.0	16.0	0.5151515151515154	0.00986438530634296
-0.030099509821948672	cosine	24.0	0.0	18.0	0.5151515151515154	0.00986438530634296
