ID	Waveform	Period	Phase	Nadir	Tau	P
1.152821100285935	cosine	8.0	4.0	2.0	0.296078262731896	0.0901247100752523
0.7979944498864048	cosine	8.0	8.0	4.0	0.20100756305184242	0.1814857225539041
-0.8440690958103405	cosine	8.0	0.0	4.0	0.5592589407158036	0.005685474982156306
0.12952779606989812	cosine	8.0	6.0	8.0	0.30151134457776363	0.08619310660327584
1.3869436307886067	cosine	8.0	4.0	2.0	0.4934637712198267	0.01276417380034623
-0.33522813034955207	cosine	8.0	8.0	6.0	0.40201512610368484	0.03442252599351862
1.0840802686439115	cosine	8.0	2.0	6.0	0.5592589407158036	0.005685474982156306
0.9100758469367547	cosine	8.0	2.0	4.0	0.4934637712198267	0.01276417380034623
0.48514276114978694	cosine	8.0	2.0	4.0	0.5263613559678152	0.008604775407453868
0.5585109826219298	cosine	8.0	6.0	8.0	0.26801008406912324	0.11257316160194203
-0.5052934970521337	cosine	8.0	6.0	4.0	0.26801008406912324	0.11257316160194203
0.43271322105655796	cosine	8.0	2.0	6.0	0.5592589407158036	0.005685474982156306
0.7012504042267873	cosine	8.0	6.0	2.0	0.36187343222787294	0.05073562797633993
0.4839241512063737	cosine	8.0	2.0	8.0	0.26801008406912324	0.11257316160194203
-1.6507843024524778	cosine	8.0	8.0	2.0	0.36851386559504445	0.04767616394306396
-0.6373406306990632	cosine	8.0	4.0	6.0	0.20100756305184242	0.1814857225539041
-0.7264722048080715	cosine	8.0	4.0	6.0	0.26801008406912324	0.11257316160194203
-1.440926329098268	cosine	8.0	2.0	4.0	0.39477101697586137	0.03699704127429398
-1.78612012126224	cosine	8.0	4.0	6.0	0.23450882356048283	0.14426833538783368
-0.7591110257070146	cosine	8.0	4.0	0.0	0.4605661864718383	0.01856076533880384
-0.6658122553873287	cosine	8.0	6.0	8.0	0.26801008406912324	0.11257316160194203
-1.0034603521061662	cosine	8.0	2.0	6.0	0.5263613559678152	0.008604775407453868
-2.522504810654881	cosine	8.0	8.0	6.0	0.40201512610368484	0.03442252599351862
1.2761826083029584	cosine	8.0	2.0	8.0	0.4355163866123253	0.024358800530983115
0.5221512905956165	cosine	8.0	4.0	8.0	0.502518907629606	0.011474155729315736
-0.23402505040371968	cosine	8.0	2.0	0.0	0.2631806779839076	0.11680717101068677
-0.5346710421287755	cosine	8.0	6.0	4.0	0.46901764712096566	0.01689057007847118
-0.16590327521213732	cosine	8.0	4.0	8.0	0.23450882356048283	0.14426833538783368
-0.6626212391350457	cosine	8.0	8.0	4.0	0.46901764712096566	0.01689057007847118
0.30897967537196347	cosine	8.0	4.0	0.0	0.3289758474798845	0.0682601490394303
-0.4281031009014314	cosine	8.0	0.0	2.0	0.3289758474798845	0.0682601490394303
0.9170918411856863	cosine	8.0	2.0	8.0	0.40201512610368484	0.03442252599351862
-0.5429040985253711	cosine	8.0	8.0	4.0	0.13400504203456162	0.27209855448987996
0.5127996827571918	cosine	8.0	6.0	8.0	0.16750630254320203	0.22419615145873356
0.20073403849191498	cosine	8.0	6.0	4.0	0.20100756305184242	0.1814857225539041
1.3352249504208957	cosine	8.0	4.0	6.0	0.6030226891555273	0.003174862914337789
-0.1624035292349294	cosine	8.0	6.0	8.0	0.6365239496641677	0.0019835093942865535
-0.6410835904683846	cosine	8.0	4.0	6.0	0.23450882356048283	0.14426833538783368
-0.0598380863102347	cosine	8.0	8.0	6.0	0.40201512610368484	0.03442252599351862
1.3909223579542556	cosine	8.0	2.0	4.0	0.2631806779839076	0.11680717101068677
0.3402256647037713	cosine	8.0	8.0	4.0	0.20100756305184242	0.1814857225539041
0.8718455162704918	cosine	8.0	2.0	8.0	0.13400504203456162	0.27209855448987996
1.5463821466628616	cosine	8.0	4.0	0.0	0.42766860172384985	0.02646218884554873
-0.1762073930932537	cosine	8.0	8.0	4.0	0.4355163866123253	0.024358800530983115
0.3655085771725979	cosine	8.0	6.0	8.0	0.23450882356048283	0.14426833538783368
1.7922818621147387	cosine	8.0	8.0	6.0	0.23450882356048283	0.14426833538783368
-1.6458898557244672	cosine	8.0	2.0	4.0	0.39477101697586137	0.03699704127429398
1.4441984224375832	cosine	8.0	4.0	8.0	0.502518907629606	0.011474155729315736
2.1928764111510586	cosine	8.0	6.0	2.0	0.39477101697586137	0.03699704127429398
-1.1230718093477399	cosine	8.0	2.0	6.0	0.296078262731896	0.0901247100752523
-0.029433339944484195	cosine	8.0	6.0	4.0	0.5695214286468869	0.004975414949458076
-1.3361146500443661	cosine	8.0	8.0	2.0	0.7035264706814485	0.0007262457112490624
-2.244889001188783	cosine	8.0	4.0	0.0	0.5592589407158036	0.005685474982156306
1.6187251844983566	cosine	8.0	6.0	4.0	0.40201512610368484	0.03442252599351862
0.16521346097242554	cosine	8.0	4.0	6.0	0.6030226891555273	0.003174862914337789
0.9417580598154622	cosine	8.0	6.0	0.0	0.36851386559504445	0.04767616394306396
-0.6684832680887127	cosine	8.0	6.0	8.0	0.23450882356048283	0.14426833538783368
0.5370569313194886	cosine	8.0	6.0	2.0	0.36187343222787294	0.05073562797633993
0.7610178947872019	cosine	8.0	6.0	4.0	0.10050378152592121	0.3246054073583539
0.43431778823273104	cosine	8.0	6.0	8.0	0.06700252101728081	0.38085378504795675
0.3777494743282476	cosine	8.0	6.0	4.0	0.46901764712096566	0.01689057007847118
0.21383446235458217	cosine	8.0	0.0	6.0	0.40201512610368484	0.03442252599351862
-0.3626064514658913	cosine	8.0	2.0	0.0	0.19738550848793068	0.18584158306669563
1.716473256411607	cosine	8.0	2.0	8.0	0.33501260508640407	0.0647348936883515
0.3849405105416229	cosine	8.0	4.0	6.0	0.5695214286468869	0.004975414949458076
-1.9321807162735627	cosine	8.0	4.0	6.0	0.26801008406912324	0.11257316160194203
1.1052089373289626	cosine	8.0	8.0	6.0	0.4355163866123253	0.024358800530983115
0.6078756607699245	cosine	8.0	6.0	4.0	0.23450882356048283	0.14426833538783368
1.390327771010764	cosine	8.0	6.0	4.0	0.13400504203456162	0.27209855448987996
0.5572051754440156	cosine	8.0	8.0	6.0	0.6030226891555273	0.003174862914337789
1.0307957077737029	cosine	8.0	6.0	0.0	0.20100756305184242	0.1814857225539041
-0.0310066796660024	cosine	8.0	6.0	2.0	0.2631806779839076	0.11680717101068677
0.15086460686768027	cosine	8.0	2.0	0.0	0.42766860172384985	0.02646218884554873
0.951546309974442	cosine	8.0	4.0	2.0	0.16448792373994225	0.22830592549268558
0.8070577452713843	cosine	8.0	2.0	6.0	0.4934637712198267	0.01276417380034623
1.4659866993915425	cosine	8.0	2.0	6.0	0.5263613559678152	0.008604775407453868
0.5101868781976173	cosine	8.0	8.0	4.0	0.13400504203456162	0.27209855448987996
-1.6306554186875306	cosine	8.0	2.0	4.0	0.1315903389919538	0.27573794886251457
0.6749641616368651	cosine	8.0	8.0	2.0	0.36851386559504445	0.04767616394306396
2.0601862627263032	cosine	8.0	6.0	4.0	0.13400504203456162	0.27209855448987996
-0.023318765429529188	cosine	8.0	0.0	4.0	0.296078262731896	0.0901247100752523
0.8075156416796724	cosine	8.0	8.0	6.0	0.10050378152592121	0.3246054073583539
-1.0378167649518775	cosine	8.0	6.0	8.0	0.36851386559504445	0.04767616394306396
-1.4327204715283934	cosine	8.0	2.0	0.0	0.36187343222787294	0.05073562797633993
-0.3512422578634351	cosine	8.0	6.0	4.0	0.6030226891555273	0.003174862914337789
0.2920143758043358	cosine	8.0	2.0	8.0	0.5360201681382465	0.0076349509802290235
1.0179197684667391	cosine	8.0	4.0	6.0	0.26801008406912324	0.11257316160194203
1.7186762764430221	cosine	8.0	6.0	8.0	0.26801008406912324	0.11257316160194203
-0.6188219275828978	cosine	8.0	4.0	2.0	0.39477101697586137	0.03699704127429398
0.2875283535820785	cosine	8.0	6.0	2.0	0.592156525463792	0.0036813837070469946
1.1366970631500464	cosine	8.0	0.0	2.0	0.4605661864718383	0.01856076533880384
-1.1851761025298502	cosine	8.0	6.0	0.0	0.6365239496641677	0.0019835093942865535
-0.6024747937978964	cosine	8.0	0.0	2.0	0.296078262731896	0.0901247100752523
-0.7156493729451371	cosine	8.0	4.0	6.0	0.26801008406912324	0.11257316160194203
0.884648078765165	cosine	8.0	8.0	2.0	0.502518907629606	0.011474155729315736
-0.36398356227131634	cosine	8.0	2.0	4.0	0.16448792373994225	0.22830592549268558
1.087209057325922	cosine	8.0	4.0	2.0	0.296078262731896	0.0901247100752523
-0.7774468402923305	cosine	8.0	4.0	8.0	0.46901764712096566	0.01689057007847118
-0.6556464968186183	cosine	8.0	4.0	0.0	0.6250541102117805	0.002335688748637901
0.4685552611130675	cosine	8.0	8.0	6.0	0.30151134457776363	0.08619310660327584
0.4107443520211828	cosine	8.0	8.0	6.0	0.10050378152592121	0.3246054073583539
0.30703327679492654	cosine	8.0	6.0	2.0	0.4605661864718383	0.01856076533880384
-0.377088423776158	cosine	8.0	4.0	6.0	0.16750630254320203	0.22419615145873356
-0.08138039457594495	cosine	8.0	6.0	8.0	0.16750630254320203	0.22419615145873356
-0.8558940846091744	cosine	8.0	8.0	6.0	0.26801008406912324	0.11257316160194203
0.5665873144017232	cosine	8.0	4.0	2.0	0.39477101697586137	0.03699704127429398
-1.4342467134907302	cosine	8.0	4.0	0.0	0.5592589407158036	0.005685474982156306
0.486572203211817	cosine	8.0	4.0	6.0	0.502518907629606	0.011474155729315736
0.20222685445147856	cosine	8.0	8.0	2.0	0.16750630254320203	0.22419615145873356
-1.25275255674817	cosine	8.0	8.0	4.0	0.5695214286468869	0.004975414949458076
-0.8369863783929293	cosine	8.0	6.0	4.0	0.40201512610368484	0.03442252599351862
1.0250423140114797	cosine	8.0	8.0	4.0	0.7035264706814485	0.0007262457112490624
-0.24284922837792267	cosine	8.0	6.0	2.0	0.23028309323591914	0.14865659075244408
-1.1065862052211959	cosine	8.0	6.0	4.0	0.502518907629606	0.011474155729315736
-1.7496329204547403	cosine	8.0	2.0	8.0	0.30151134457776363	0.08619310660327584
0.23724406908639642	cosine	8.0	6.0	2.0	0.19738550848793068	0.18584158306669563
-2.5275235282257578	cosine	8.0	4.0	2.0	0.296078262731896	0.0901247100752523
1.3799444590704046	cosine	8.0	6.0	4.0	0.40201512610368484	0.03442252599351862
0.06111823158743893	cosine	8.0	0.0	4.0	0.3289758474798845	0.0682601490394303
1.2053444144069716	cosine	8.0	2.0	0.0	0.4605661864718383	0.01856076533880384
0.7641453953569399	cosine	8.0	4.0	2.0	0.19738550848793068	0.18584158306669563
-0.4279188883050257	cosine	8.0	8.0	6.0	0.16750630254320203	0.22419615145873356
-0.7132721524576467	cosine	8.0	0.0	6.0	0.33501260508640407	0.0647348936883515
-0.4472161573545487	cosine	8.0	2.0	4.0	0.5592589407158036	0.005685474982156306
-0.0028061765771920013	cosine	8.0	8.0	6.0	0.33501260508640407	0.0647348936883515
-0.09787342863239445	cosine	8.0	2.0	8.0	0.4355163866123253	0.024358800530983115
0.8782303246246427	cosine	8.0	4.0	6.0	0.23450882356048283	0.14426833538783368
1.5267314265559104	cosine	8.0	6.0	4.0	0.26801008406912324	0.11257316160194203
0.4114298084908473	cosine	8.0	6.0	8.0	0.7035264706814485	0.0007262457112490624
-0.0722162940189202	cosine	8.0	6.0	4.0	0.40201512610368484	0.03442252599351862
-1.604001185699655	cosine	8.0	6.0	4.0	0.33501260508640407	0.0647348936883515
0.4372156464270838	cosine	8.0	4.0	6.0	0.36851386559504445	0.04767616394306396
-1.1869494648510361	cosine	8.0	4.0	6.0	0.16750630254320203	0.22419615145873356
-0.10464628405652926	cosine	8.0	4.0	0.0	0.3289758474798845	0.0682601490394303
-0.3636955090502966	cosine	8.0	6.0	8.0	0.20100756305184242	0.1814857225539041
0.6617356432395677	cosine	8.0	4.0	8.0	0.26801008406912324	0.11257316160194203
-0.07593400724864731	cosine	8.0	2.0	6.0	0.3289758474798845	0.0682601490394303
-0.25428105845160365	cosine	8.0	4.0	2.0	0.36187343222787294	0.05073562797633993
0.395429643014518	cosine	8.0	8.0	2.0	0.4355163866123253	0.024358800530983115
-0.5350263978338693	cosine	8.0	4.0	6.0	0.33501260508640407	0.0647348936883515
-2.4834467882369853	cosine	8.0	2.0	4.0	0.42766860172384985	0.02646218884554873
0.8431500054333865	cosine	8.0	6.0	2.0	0.296078262731896	0.0901247100752523
-1.5631978134531086	cosine	8.0	6.0	8.0	0.26801008406912324	0.11257316160194203
1.177740985223408	cosine	8.0	6.0	8.0	0.26801008406912324	0.11257316160194203
1.0224613569132983	cosine	8.0	4.0	0.0	0.5263613559678152	0.008604775407453868
-0.5505169367691982	cosine	8.0	2.0	8.0	0.33501260508640407	0.0647348936883515
-1.4999991229843719	cosine	8.0	2.0	0.0	0.6250541102117805	0.002335688748637901
0.2752272127901471	cosine	8.0	8.0	4.0	0.16750630254320203	0.22419615145873356
0.1784449131611405	cosine	8.0	8.0	6.0	0.26801008406912324	0.11257316160194203
-0.5178885205560685	cosine	8.0	4.0	6.0	0.30151134457776363	0.08619310660327584
1.2836397307865424	cosine	8.0	4.0	6.0	0.26801008406912324	0.11257316160194203
-1.0962919319588065	cosine	8.0	2.0	4.0	0.1315903389919538	0.27573794886251457
-0.9584364884048623	cosine	8.0	6.0	8.0	0.5360201681382465	0.0076349509802290235
-0.06296513884675345	cosine	8.0	6.0	4.0	0.33501260508640407	0.0647348936883515
-0.20416537568967189	cosine	8.0	4.0	6.0	0.36851386559504445	0.04767616394306396
0.23214136576875358	cosine	8.0	4.0	8.0	0.46901764712096566	0.01689057007847118
0.1625283859459271	cosine	8.0	6.0	8.0	0.36851386559504445	0.04767616394306396
0.06832089411342275	cosine	8.0	8.0	6.0	0.40201512610368484	0.03442252599351862
-1.1172958914224247	cosine	8.0	4.0	6.0	0.36851386559504445	0.04767616394306396
-1.2100375899843825	cosine	8.0	8.0	6.0	0.46901764712096566	0.01689057007847118
0.578115587366963	cosine	8.0	4.0	6.0	0.5360201681382465	0.0076349509802290235
-0.49649385671715934	cosine	8.0	2.0	0.0	0.19738550848793068	0.18584158306669563
-0.40824846446427066	cosine	8.0	8.0	4.0	0.6030226891555273	0.003174862914337789
-0.11353203871512561	cosine	8.0	8.0	2.0	0.5360201681382465	0.0076349509802290235
-2.7001619915746753	cosine	8.0	6.0	4.0	0.13400504203456162	0.27209855448987996
0.5378324165791093	cosine	8.0	4.0	6.0	0.36851386559504445	0.04767616394306396
-0.6918166147571687	cosine	8.0	2.0	0.0	0.36187343222787294	0.05073562797633993
-0.6235903139692793	cosine	8.0	4.0	2.0	0.23028309323591914	0.14865659075244408
1.420527476015188	cosine	8.0	6.0	4.0	0.4355163866123253	0.024358800530983115
-1.0347073065304455	cosine	8.0	4.0	2.0	0.296078262731896	0.0901247100752523
0.12371505326359421	cosine	8.0	6.0	4.0	0.4355163866123253	0.024358800530983115
-0.018515402719863103	cosine	8.0	6.0	8.0	0.6030226891555273	0.003174862914337789
-0.6461082359898097	cosine	8.0	2.0	8.0	0.40201512610368484	0.03442252599351862
-1.6225852863407186	cosine	8.0	2.0	8.0	0.20100756305184242	0.1814857225539041
-1.487529547745138	cosine	8.0	4.0	8.0	0.33501260508640407	0.0647348936883515
-0.30426762745310076	cosine	8.0	8.0	6.0	0.20100756305184242	0.1814857225539041
-0.29205597749730217	cosine	8.0	2.0	4.0	0.296078262731896	0.0901247100752523
-1.2772849804095099	cosine	8.0	0.0	2.0	0.7237468644557459	0.0005273290558939744
0.42675062902782374	cosine	8.0	2.0	4.0	0.592156525463792	0.0036813837070469946
-0.5159545950597996	cosine	8.0	0.0	4.0	0.39477101697586137	0.03699704127429398
-1.3349113198157403	cosine	8.0	8.0	6.0	0.33501260508640407	0.0647348936883515
0.03541653459431828	cosine	8.0	2.0	8.0	0.30151134457776363	0.08619310660327584
-0.7581776081346484	cosine	8.0	2.0	6.0	0.4605661864718383	0.01856076533880384
0.685576299517841	cosine	8.0	8.0	6.0	0.46901764712096566	0.01689057007847118
0.484962500470098	cosine	8.0	6.0	0.0	0.16750630254320203	0.22419615145873356
0.9053657477158584	cosine	8.0	8.0	6.0	0.23450882356048283	0.14426833538783368
0.8310783362118271	cosine	8.0	2.0	4.0	0.42766860172384985	0.02646218884554873
0.8072150426066885	cosine	8.0	8.0	6.0	0.4355163866123253	0.024358800530983115
-0.25245058355366934	cosine	8.0	4.0	8.0	0.33501260508640407	0.0647348936883515
-0.7204392790762635	cosine	8.0	4.0	2.0	0.296078262731896	0.0901247100752523
0.826076713034578	cosine	8.0	2.0	4.0	0.5263613559678152	0.008604775407453868
-0.9266972893140024	cosine	8.0	2.0	6.0	0.5592589407158036	0.005685474982156306
-0.5008141435163856	cosine	8.0	8.0	4.0	0.23450882356048283	0.14426833538783368
0.3838715630824238	cosine	8.0	2.0	6.0	0.6250541102117805	0.002335688748637901
0.2853481886769518	cosine	8.0	4.0	8.0	0.33501260508640407	0.0647348936883515
-0.09890486064393025	cosine	8.0	6.0	4.0	0.5360201681382465	0.0076349509802290235
1.5415856223031619	cosine	8.0	8.0	6.0	0.10050378152592121	0.3246054073583539
0.22948060653832658	cosine	8.0	6.0	4.0	0.16750630254320203	0.22419615145873356
-2.429213804759512	cosine	8.0	8.0	6.0	0.30151134457776363	0.08619310660327584
-0.27734464519137586	cosine	8.0	2.0	4.0	0.296078262731896	0.0901247100752523
-1.6404241984270378	cosine	8.0	8.0	6.0	0.4355163866123253	0.024358800530983115
1.1609360954131631	cosine	8.0	6.0	4.0	0.13400504203456162	0.27209855448987996
-0.5382697749098477	cosine	8.0	4.0	2.0	0.19738550848793068	0.18584158306669563
-0.021896820109391476	cosine	8.0	0.0	2.0	0.16448792373994225	0.22830592549268558
-1.1198174029567254	cosine	8.0	8.0	6.0	0.26801008406912324	0.11257316160194203
-0.8225107162891647	cosine	8.0	4.0	6.0	0.5360201681382465	0.0076349509802290235
-0.6058435458136817	cosine	8.0	2.0	6.0	0.4934637712198267	0.01276417380034623
1.5692992851550713	cosine	8.0	4.0	6.0	0.40201512610368484	0.03442252599351862
0.10078807053095157	cosine	8.0	4.0	8.0	0.4355163866123253	0.024358800530983115
1.7057659399223917	cosine	8.0	6.0	4.0	0.33501260508640407	0.0647348936883515
-0.9694849047976583	cosine	8.0	8.0	6.0	0.5695214286468869	0.004975414949458076
-0.24173391332477603	cosine	8.0	2.0	4.0	0.5263613559678152	0.008604775407453868
2.1337016313897847	cosine	8.0	4.0	8.0	0.13400504203456162	0.27209855448987996
1.1752283580316067	cosine	8.0	2.0	0.0	0.39477101697586137	0.03699704127429398
-0.3307109947371242	cosine	8.0	2.0	6.0	0.19738550848793068	0.18584158306669563
-1.6252767449101553	cosine	8.0	6.0	8.0	0.23450882356048283	0.14426833538783368
1.0611653193207227	cosine	8.0	8.0	4.0	0.40201512610368484	0.03442252599351862
-1.2037695037486786	cosine	8.0	2.0	8.0	0.40201512610368484	0.03442252599351862
-0.06027231735452041	cosine	8.0	4.0	2.0	0.296078262731896	0.0901247100752523
0.1974858412996881	cosine	8.0	8.0	6.0	0.33501260508640407	0.0647348936883515
0.0691826348156593	cosine	8.0	0.0	2.0	0.39477101697586137	0.03699704127429398
0.08980473287590383	cosine	8.0	4.0	6.0	0.6700252101728081	0.0012131191275820915
-0.9912244628774801	cosine	8.0	4.0	8.0	0.4355163866123253	0.024358800530983115
-0.23475821486545037	cosine	8.0	6.0	8.0	0.26801008406912324	0.11257316160194203
0.5316237936849306	cosine	8.0	6.0	8.0	0.26801008406912324	0.11257316160194203
0.9473125634508285	cosine	8.0	4.0	6.0	0.13400504203456162	0.27209855448987996
0.4596347109754514	cosine	8.0	8.0	2.0	0.30151134457776363	0.08619310660327584
-1.9263674966388558	cosine	8.0	6.0	8.0	0.13400504203456162	0.27209855448987996
0.48376155240060853	cosine	8.0	6.0	4.0	0.30151134457776363	0.08619310660327584
0.894081472150119	cosine	8.0	2.0	4.0	0.5263613559678152	0.008604775407453868
-2.2894923105269886	cosine	8.0	6.0	2.0	0.36187343222787294	0.05073562797633993
-1.2787408663499165	cosine	8.0	6.0	4.0	0.23450882356048283	0.14426833538783368
0.37394532232793776	cosine	8.0	6.0	4.0	0.13400504203456162	0.27209855448987996
1.509832431513541	cosine	8.0	8.0	2.0	0.26801008406912324	0.11257316160194203
2.243779712453691	cosine	8.0	6.0	4.0	0.20100756305184242	0.1814857225539041
1.9217162117881315	cosine	8.0	2.0	8.0	0.23450882356048283	0.14426833538783368
0.49092319306499294	cosine	8.0	4.0	6.0	0.16750630254320203	0.22419615145873356
-0.32911397590215424	cosine	8.0	8.0	4.0	0.4355163866123253	0.024358800530983115
-0.6386368448866729	cosine	8.0	2.0	4.0	0.296078262731896	0.0901247100752523
0.01821380883689063	cosine	8.0	8.0	6.0	0.33501260508640407	0.0647348936883515
0.40123940139010666	cosine	8.0	6.0	2.0	0.6250541102117805	0.002335688748637901
-1.533129781788615	cosine	8.0	6.0	4.0	0.6365239496641677	0.0019835093942865535
0.24626891599615439	cosine	8.0	8.0	2.0	0.20100756305184242	0.1814857225539041
-0.11275059361487794	cosine	8.0	6.0	4.0	0.36851386559504445	0.04767616394306396
-1.491285516301525	cosine	8.0	8.0	6.0	0.36851386559504445	0.04767616394306396
-0.3494671651280199	cosine	8.0	6.0	8.0	0.30151134457776363	0.08619310660327584
-0.0949298884161726	cosine	8.0	4.0	6.0	0.16750630254320203	0.22419615145873356
-0.2860467637253329	cosine	8.0	8.0	4.0	0.4355163866123253	0.024358800530983115
0.7145357354178604	cosine	8.0	4.0	2.0	0.2631806779839076	0.11680717101068677
-0.7125600091564323	cosine	8.0	2.0	8.0	0.4355163866123253	0.024358800530983115
-0.7382170164151289	cosine	8.0	4.0	2.0	0.4934637712198267	0.01276417380034623
0.8817923816564047	cosine	8.0	0.0	4.0	0.19738550848793068	0.18584158306669563
0.7714178654084657	cosine	8.0	0.0	2.0	0.19738550848793068	0.18584158306669563
0.6297395187000385	cosine	8.0	8.0	4.0	0.5360201681382465	0.0076349509802290235
-0.8745923550473637	cosine	8.0	0.0	2.0	0.3289758474798845	0.0682601490394303
0.2528198269156245	cosine	8.0	4.0	6.0	0.20100756305184242	0.1814857225539041
-0.4766018056470599	cosine	8.0	8.0	4.0	0.4355163866123253	0.024358800530983115
-2.3702860044790026	cosine	8.0	6.0	8.0	0.23450882356048283	0.14426833538783368
-1.4942166873161589	cosine	8.0	6.0	4.0	0.20100756305184242	0.1814857225539041
-0.044204802320070846	cosine	8.0	2.0	4.0	0.1315903389919538	0.27573794886251457
-0.7154439648646677	cosine	8.0	0.0	4.0	0.39477101697586137	0.03699704127429398
0.3332370604921428	cosine	8.0	2.0	4.0	0.36187343222787294	0.05073562797633993
-0.2838096039030696	cosine	8.0	6.0	8.0	0.36851386559504445	0.04767616394306396
-0.7584824196074172	cosine	8.0	8.0	6.0	0.40201512610368484	0.03442252599351862
-0.12201132391638397	cosine	8.0	4.0	6.0	0.40201512610368484	0.03442252599351862
-1.125425165801611	cosine	8.0	8.0	6.0	0.46901764712096566	0.01689057007847118
-1.2454661618483203	cosine	8.0	6.0	8.0	0.26801008406912324	0.11257316160194203
-0.4277926076913068	cosine	8.0	6.0	4.0	0.46901764712096566	0.01689057007847118
-2.1386103456401906	cosine	8.0	0.0	4.0	0.23028309323591914	0.14865659075244408
-0.9555704984545341	cosine	8.0	4.0	2.0	0.36187343222787294	0.05073562797633993
-0.1823964879165393	cosine	8.0	4.0	6.0	0.5695214286468869	0.004975414949458076
-0.6252243162979393	cosine	8.0	6.0	4.0	0.33501260508640407	0.0647348936883515
0.29086764014750255	cosine	8.0	2.0	4.0	0.42766860172384985	0.02646218884554873
-0.2341269174464891	cosine	8.0	2.0	6.0	0.2631806779839076	0.11680717101068677
-1.6413495552263184	cosine	8.0	2.0	4.0	0.2631806779839076	0.11680717101068677
0.023443189116512782	cosine	8.0	6.0	8.0	0.16750630254320203	0.22419615145873356
0.11822206293382737	cosine	8.0	0.0	2.0	0.3289758474798845	0.0682601490394303
-0.3869604236432608	cosine	8.0	8.0	4.0	0.33501260508640407	0.0647348936883515
0.3601130847938144	cosine	8.0	8.0	6.0	0.36851386559504445	0.04767616394306396
1.4601146676579897	cosine	8.0	8.0	6.0	0.36851386559504445	0.04767616394306396
-0.6105543323892312	cosine	8.0	6.0	8.0	0.5360201681382465	0.0076349509802290235
-0.11680932906776059	cosine	8.0	8.0	6.0	0.4355163866123253	0.024358800530983115
3.2223901388296574	cosine	8.0	8.0	2.0	0.26801008406912324	0.11257316160194203
1.8109698629062012	cosine	8.0	8.0	2.0	0.36851386559504445	0.04767616394306396
-0.730076365110218	cosine	8.0	4.0	6.0	0.26801008406912324	0.11257316160194203
-1.1441031080196806	cosine	8.0	4.0	2.0	0.19738550848793068	0.18584158306669563
-0.04238021477854589	cosine	8.0	8.0	6.0	0.33501260508640407	0.0647348936883515
1.568456664980042	cosine	8.0	4.0	6.0	0.502518907629606	0.011474155729315736
-1.2237855831140378	cosine	8.0	8.0	4.0	0.40201512610368484	0.03442252599351862
1.2045397305494436	cosine	8.0	4.0	8.0	0.26801008406912324	0.11257316160194203
1.4376667536450696	cosine	8.0	2.0	8.0	0.20100756305184242	0.1814857225539041
-0.525846174047537	cosine	8.0	4.0	6.0	0.7705289916987293	0.00024400664256842868
2.164024187765755	cosine	8.0	8.0	2.0	0.26801008406912324	0.11257316160194203
-0.6637826016883275	cosine	8.0	0.0	2.0	0.7566444492037343	0.0003080652099971452
-1.1283309672178965	cosine	8.0	8.0	2.0	0.16750630254320203	0.22419615145873356
0.9917573895506754	cosine	8.0	8.0	2.0	0.36851386559504445	0.04767616394306396
0.10911740464839192	cosine	8.0	2.0	4.0	0.4605661864718383	0.01856076533880384
0.009366864510822458	cosine	8.0	4.0	2.0	0.5592589407158036	0.005685474982156306
-1.496871097818189	cosine	8.0	2.0	6.0	0.42766860172384985	0.02646218884554873
-0.5415419543515637	cosine	8.0	2.0	8.0	0.33501260508640407	0.0647348936883515
1.0225523770941696	cosine	8.0	4.0	8.0	0.46901764712096566	0.01689057007847118
0.17290207138901803	cosine	8.0	2.0	4.0	0.3289758474798845	0.0682601490394303
-0.8515818536571961	cosine	8.0	0.0	4.0	0.39477101697586137	0.03699704127429398
1.3153237030302734	cosine	8.0	8.0	6.0	0.26801008406912324	0.11257316160194203
-1.1657294481043667	cosine	8.0	2.0	4.0	0.4605661864718383	0.01856076533880384
1.4120364629474913	cosine	8.0	2.0	8.0	0.23450882356048283	0.14426833538783368
-1.5533574365305294	cosine	8.0	6.0	4.0	0.30151134457776363	0.08619310660327584
-0.3768342472200088	cosine	8.0	6.0	8.0	0.46901764712096566	0.01689057007847118
1.1474009771121976	cosine	8.0	8.0	4.0	0.23450882356048283	0.14426833538783368
0.6248033108470686	cosine	8.0	6.0	4.0	0.502518907629606	0.011474155729315736
-2.044071772048871	cosine	8.0	6.0	4.0	0.4355163866123253	0.024358800530983115
0.9508396132982085	cosine	8.0	4.0	6.0	0.20100756305184242	0.1814857225539041
-1.2030387920374828	cosine	8.0	0.0	2.0	0.36187343222787294	0.05073562797633993
0.4135353069541068	cosine	8.0	8.0	6.0	0.6030226891555273	0.003174862914337789
-0.4489006709068945	cosine	8.0	2.0	4.0	0.39477101697586137	0.03699704127429398
-1.1259978507505881	cosine	8.0	2.0	4.0	0.36187343222787294	0.05073562797633993
0.8466218842220232	cosine	8.0	4.0	6.0	0.20100756305184242	0.1814857225539041
0.3229098225513464	cosine	8.0	6.0	4.0	0.26801008406912324	0.11257316160194203
0.06952427956853371	cosine	8.0	6.0	8.0	0.30151134457776363	0.08619310660327584
-0.7955607639636859	cosine	8.0	2.0	4.0	0.296078262731896	0.0901247100752523
-0.5378335531959401	cosine	8.0	4.0	6.0	0.13400504203456162	0.27209855448987996
-0.8639297557555223	cosine	8.0	2.0	8.0	0.502518907629606	0.011474155729315736
-0.300289605227098	cosine	8.0	6.0	2.0	0.19738550848793068	0.18584158306669563
-1.668584796514655	cosine	8.0	6.0	2.0	0.19738550848793068	0.18584158306669563
-0.6763058998772472	cosine	8.0	4.0	2.0	0.39477101697586137	0.03699704127429398
-0.22496945049920733	cosine	8.0	8.0	4.0	0.5360201681382465	0.0076349509802290235
-1.8908367892109976	cosine	8.0	4.0	0.0	0.19738550848793068	0.18584158306669563
-0.7008249227000567	cosine	8.0	4.0	8.0	0.33501260508640407	0.0647348936883515
-0.7176308290062431	cosine	8.0	8.0	6.0	0.33501260508640407	0.0647348936883515
-1.278189532996635	cosine	8.0	4.0	0.0	0.3289758474798845	0.0682601490394303
0.6493949714846113	cosine	8.0	6.0	2.0	0.4605661864718383	0.01856076533880384
-1.2118937234705551	cosine	8.0	4.0	6.0	0.30151134457776363	0.08619310660327584
0.7301688681100251	cosine	8.0	8.0	2.0	0.30151134457776363	0.08619310660327584
0.7559003685166604	cosine	8.0	2.0	4.0	0.19738550848793068	0.18584158306669563
0.42996911006531424	cosine	8.0	4.0	6.0	0.46901764712096566	0.01689057007847118
-0.9461728646541998	cosine	8.0	2.0	6.0	0.4605661864718383	0.01856076533880384
-0.3381200030271707	cosine	8.0	8.0	2.0	0.6700252101728081	0.0012131191275820915
-0.9644514970809787	cosine	8.0	8.0	4.0	0.36851386559504445	0.04767616394306396
-1.033018172223037	cosine	8.0	8.0	6.0	0.46901764712096566	0.01689057007847118
0.48074718279451867	cosine	8.0	2.0	6.0	0.5263613559678152	0.008604775407453868
-1.6673986397262173	cosine	8.0	4.0	8.0	0.46901764712096566	0.01689057007847118
0.8291833680674969	cosine	8.0	8.0	2.0	0.40201512610368484	0.03442252599351862
-2.1143370371282626	cosine	8.0	4.0	6.0	0.46901764712096566	0.01689057007847118
-1.5850803483952112	cosine	8.0	6.0	8.0	0.36851386559504445	0.04767616394306396
2.17119795264027	cosine	8.0	2.0	4.0	0.16448792373994225	0.22830592549268558
0.4114833578974861	cosine	8.0	2.0	8.0	0.4355163866123253	0.024358800530983115
0.7507020141144141	cosine	8.0	8.0	6.0	0.502518907629606	0.011474155729315736
1.9307812650420528	cosine	8.0	4.0	6.0	0.26801008406912324	0.11257316160194203
-0.3476779308937197	cosine	8.0	4.0	2.0	0.39477101697586137	0.03699704127429398
-1.3824339941954633	cosine	8.0	8.0	6.0	0.30151134457776363	0.08619310660327584
2.099150864608159	cosine	8.0	2.0	6.0	0.5263613559678152	0.008604775407453868
0.19933358338669316	cosine	8.0	2.0	8.0	0.36851386559504445	0.04767616394306396
-0.5472946508727031	cosine	8.0	4.0	6.0	0.5695214286468869	0.004975414949458076
-0.10976117948419041	cosine	8.0	4.0	6.0	0.30151134457776363	0.08619310660327584
1.3819641519102	cosine	8.0	8.0	6.0	0.10050378152592121	0.3246054073583539
0.5837392331843093	cosine	8.0	2.0	6.0	0.296078262731896	0.0901247100752523
0.36494781841227575	cosine	8.0	4.0	2.0	0.4605661864718383	0.01856076533880384
-0.9537121686504566	cosine	8.0	6.0	2.0	0.2631806779839076	0.11680717101068677
0.4258714035550515	cosine	8.0	2.0	4.0	0.3289758474798845	0.0682601490394303
-1.9569639403719454	cosine	8.0	4.0	8.0	0.26801008406912324	0.11257316160194203
-1.4206203130036863	cosine	8.0	4.0	2.0	0.39477101697586137	0.03699704127429398
1.272035823048773	cosine	8.0	6.0	8.0	0.23450882356048283	0.14426833538783368
-1.24145440284017	cosine	8.0	8.0	2.0	0.30151134457776363	0.08619310660327584
0.07449075428805266	cosine	8.0	4.0	0.0	0.4934637712198267	0.01276417380034623
-1.1203186259977238	cosine	8.0	4.0	2.0	0.296078262731896	0.0901247100752523
0.4660097886845597	cosine	8.0	2.0	6.0	0.36187343222787294	0.05073562797633993
0.3251108104020749	cosine	8.0	4.0	8.0	0.5360201681382465	0.0076349509802290235
-0.15124778101534136	cosine	8.0	4.0	6.0	0.40201512610368484	0.03442252599351862
-1.2725460172572953	cosine	8.0	2.0	6.0	0.592156525463792	0.0036813837070469946
1.325584179419257	cosine	8.0	8.0	6.0	0.23450882356048283	0.14426833538783368
1.587466434476376	cosine	8.0	4.0	6.0	0.26801008406912324	0.11257316160194203
-0.3130123858706461	cosine	8.0	8.0	4.0	0.30151134457776363	0.08619310660327584
0.05771581512007519	cosine	8.0	2.0	4.0	0.4934637712198267	0.01276417380034623
-0.4561174045370391	cosine	8.0	4.0	2.0	0.36187343222787294	0.05073562797633993
0.35652348036315756	cosine	8.0	8.0	6.0	0.26801008406912324	0.11257316160194203
0.18965369392824832	cosine	8.0	0.0	2.0	0.39477101697586137	0.03699704127429398
0.21985516510294442	cosine	8.0	0.0	2.0	0.2631806779839076	0.11680717101068677
-1.1663939499045421	cosine	8.0	2.0	4.0	0.39477101697586137	0.03699704127429398
0.39615034764420753	cosine	8.0	2.0	4.0	0.39477101697586137	0.03699704127429398
0.9802179152257584	cosine	8.0	8.0	2.0	0.23450882356048283	0.14426833538783368
-0.6811902416369653	cosine	8.0	4.0	2.0	0.3289758474798845	0.0682601490394303
0.7579698544427006	cosine	8.0	4.0	6.0	0.23450882356048283	0.14426833538783368
1.8613198893190281	cosine	8.0	8.0	4.0	0.40201512610368484	0.03442252599351862
-1.1956434401447453	cosine	8.0	4.0	0.0	0.39477101697586137	0.03699704127429398
-0.9838375423417468	cosine	8.0	8.0	2.0	0.23450882356048283	0.14426833538783368
0.5098615926482961	cosine	8.0	2.0	6.0	0.42766860172384985	0.02646218884554873
0.6596077842510353	cosine	8.0	2.0	4.0	0.4605661864718383	0.01856076533880384
1.2395279141343254	cosine	8.0	4.0	6.0	0.13400504203456162	0.27209855448987996
0.15338887671887733	cosine	8.0	8.0	6.0	0.26801008406912324	0.11257316160194203
-1.1990145589392711	cosine	8.0	4.0	2.0	0.42766860172384985	0.02646218884554873
-0.16012372142714323	cosine	8.0	4.0	6.0	0.26801008406912324	0.11257316160194203
-0.8432292358608977	cosine	8.0	6.0	4.0	0.36851386559504445	0.04767616394306396
-1.7374413585614796	cosine	8.0	4.0	2.0	0.42766860172384985	0.02646218884554873
-0.6537750000208511	cosine	8.0	2.0	6.0	0.592156525463792	0.0036813837070469946
1.2052399051578246	cosine	8.0	6.0	4.0	0.46901764712096566	0.01689057007847118
0.8071504317896238	cosine	8.0	8.0	6.0	0.4355163866123253	0.024358800530983115
0.07743898678973295	cosine	8.0	2.0	8.0	0.6030226891555273	0.003174862914337789
-1.8006343733928423	cosine	8.0	8.0	6.0	0.26801008406912324	0.11257316160194203
0.5383350724622418	cosine	8.0	8.0	6.0	0.6700252101728081	0.0012131191275820915
-0.17728564600566513	cosine	8.0	2.0	6.0	0.2631806779839076	0.11680717101068677
0.273323545505976	cosine	8.0	6.0	2.0	0.16448792373994225	0.22830592549268558
-1.750949304714021	cosine	8.0	8.0	4.0	0.10050378152592121	0.3246054073583539
-0.3934235510443677	cosine	8.0	4.0	6.0	0.16750630254320203	0.22419615145873356
-0.015886638958536987	cosine	8.0	6.0	8.0	0.502518907629606	0.011474155729315736
2.3632620314519457	cosine	8.0	4.0	2.0	0.23028309323591914	0.14865659075244408
-0.5198606304308306	cosine	8.0	4.0	6.0	0.502518907629606	0.011474155729315736
0.6474120912498225	cosine	8.0	6.0	8.0	0.46901764712096566	0.01689057007847118
-0.7671382407588994	cosine	8.0	4.0	6.0	0.40201512610368484	0.03442252599351862
0.5769277005017277	cosine	8.0	4.0	2.0	0.3289758474798845	0.0682601490394303
-1.1792550382715998	cosine	8.0	0.0	4.0	0.4934637712198267	0.01276417380034623
0.09318744481534806	cosine	8.0	4.0	8.0	0.26801008406912324	0.11257316160194203
-0.9610419670777901	cosine	8.0	4.0	6.0	0.40201512610368484	0.03442252599351862
-0.4190762457272176	cosine	8.0	2.0	8.0	0.36851386559504445	0.04767616394306396
-0.24824546419402094	cosine	8.0	8.0	6.0	0.16750630254320203	0.22419615145873356
-0.09708197734726987	cosine	8.0	2.0	0.0	0.23028309323591914	0.14865659075244408
0.07931999571143804	cosine	8.0	6.0	8.0	0.33501260508640407	0.0647348936883515
0.46748403450090004	cosine	8.0	4.0	6.0	0.16750630254320203	0.22419615145873356
0.20457468231574358	cosine	8.0	0.0	4.0	0.3289758474798845	0.0682601490394303
-1.5747311321684214	cosine	8.0	8.0	6.0	0.40201512610368484	0.03442252599351862
0.9229818276473163	cosine	8.0	6.0	8.0	0.30151134457776363	0.08619310660327584
-0.7847270452914196	cosine	8.0	4.0	8.0	0.4355163866123253	0.024358800530983115
0.6086337333616968	cosine	8.0	0.0	2.0	0.39477101697586137	0.03699704127429398
0.3799571407332149	cosine	8.0	4.0	2.0	0.39477101697586137	0.03699704127429398
-1.1160302762126701	cosine	8.0	8.0	2.0	0.5360201681382465	0.0076349509802290235
-1.1353701958812503	cosine	8.0	6.0	8.0	0.4355163866123253	0.024358800530983115
0.028075483571299575	cosine	8.0	8.0	2.0	0.26801008406912324	0.11257316160194203
-0.10352398023305676	cosine	8.0	0.0	6.0	0.30151134457776363	0.08619310660327584
-1.2836989132004697	cosine	8.0	4.0	6.0	0.26801008406912324	0.11257316160194203
0.5933013858003944	cosine	8.0	6.0	8.0	0.4355163866123253	0.024358800530983115
-0.8496067970618942	cosine	8.0	6.0	2.0	0.23028309323591914	0.14865659075244408
0.19803937264656107	cosine	8.0	8.0	6.0	0.23450882356048283	0.14426833538783368
0.04246126594259613	cosine	8.0	2.0	6.0	0.36187343222787294	0.05073562797633993
-0.9866487655940681	cosine	8.0	4.0	6.0	0.46901764712096566	0.01689057007847118
-1.343535915021011	cosine	8.0	2.0	4.0	0.296078262731896	0.0901247100752523
1.5270645394810207	cosine	8.0	4.0	6.0	0.30151134457776363	0.08619310660327584
-0.4592854355533924	cosine	8.0	0.0	4.0	0.4934637712198267	0.01276417380034623
0.029022554398821995	cosine	8.0	8.0	2.0	0.13400504203456162	0.27209855448987996
0.4279272135020369	cosine	8.0	6.0	8.0	0.33501260508640407	0.0647348936883515
-1.375491897811325	cosine	8.0	2.0	0.0	0.296078262731896	0.0901247100752523
-0.4453623691666965	cosine	8.0	6.0	4.0	0.4355163866123253	0.024358800530983115
0.6598346049062277	cosine	8.0	4.0	0.0	0.23028309323591914	0.14865659075244408
-0.44007710539984934	cosine	8.0	2.0	8.0	0.20100756305184242	0.1814857225539041
-0.6489427762931816	cosine	8.0	8.0	2.0	0.33501260508640407	0.0647348936883515
-1.0698907521556522	cosine	8.0	6.0	2.0	0.7237468644557459	0.0005273290558939744
0.0020840206995256967	cosine	8.0	2.0	8.0	0.23450882356048283	0.14426833538783368
-0.3153394024225045	cosine	8.0	4.0	0.0	0.2631806779839076	0.11680717101068677
0.04380603380025518	cosine	8.0	8.0	4.0	0.23450882356048283	0.14426833538783368
-0.1539263044483918	cosine	8.0	2.0	8.0	0.40201512610368484	0.03442252599351862
1.3728522362840219	cosine	8.0	6.0	4.0	0.6030226891555273	0.003174862914337789
0.32003593053991714	cosine	8.0	6.0	8.0	0.502518907629606	0.011474155729315736
-1.0880238247110157	cosine	8.0	4.0	8.0	0.36851386559504445	0.04767616394306396
0.21308749411972433	cosine	8.0	0.0	2.0	0.296078262731896	0.0901247100752523
-1.0963390403569462	cosine	8.0	4.0	6.0	0.36851386559504445	0.04767616394306396
-0.7651364559106438	cosine	8.0	2.0	8.0	0.502518907629606	0.011474155729315736
0.309955655323768	cosine	8.0	2.0	0.0	0.36187343222787294	0.05073562797633993
1.6415465366980966	cosine	8.0	2.0	6.0	0.2631806779839076	0.11680717101068677
0.052350652756993896	cosine	8.0	4.0	8.0	0.16750630254320203	0.22419615145873356
0.3975402537532019	cosine	8.0	8.0	4.0	0.6365239496641677	0.0019835093942865535
0.5876610631011355	cosine	8.0	6.0	8.0	0.46901764712096566	0.01689057007847118
-0.37501377275399467	cosine	8.0	0.0	2.0	0.23028309323591914	0.14865659075244408
-0.697990041308553	cosine	8.0	6.0	4.0	0.33501260508640407	0.0647348936883515
0.6341819331225285	cosine	8.0	2.0	6.0	0.592156525463792	0.0036813837070469946
-0.060229728715235784	cosine	8.0	4.0	6.0	0.30151134457776363	0.08619310660327584
1.8814009580920419	cosine	8.0	6.0	2.0	0.42766860172384985	0.02646218884554873
-0.8584910526624975	cosine	8.0	6.0	2.0	0.36187343222787294	0.05073562797633993
-0.6175321608221318	cosine	8.0	2.0	6.0	0.36187343222787294	0.05073562797633993
2.613378183766205	cosine	8.0	4.0	2.0	0.296078262731896	0.0901247100752523
-1.2456556914300931	cosine	8.0	6.0	4.0	0.20100756305184242	0.1814857225539041
-0.7554999075684057	cosine	8.0	4.0	0.0	0.6250541102117805	0.002335688748637901
-0.6721329406281222	cosine	8.0	8.0	6.0	0.36851386559504445	0.04767616394306396
0.21237382518237816	cosine	8.0	2.0	4.0	0.296078262731896	0.0901247100752523
-0.43282776748475205	cosine	8.0	2.0	8.0	0.4355163866123253	0.024358800530983115
-0.11502261031125639	cosine	8.0	8.0	2.0	0.23450882356048283	0.14426833538783368
-0.008854807094593905	cosine	8.0	8.0	2.0	0.20100756305184242	0.1814857225539041
0.49225511001050826	cosine	8.0	8.0	6.0	0.10050378152592121	0.3246054073583539
-0.7754418916329306	cosine	8.0	6.0	4.0	0.5360201681382465	0.0076349509802290235
-1.5365624777573057	cosine	8.0	6.0	4.0	0.4355163866123253	0.024358800530983115
-0.46926533165181605	cosine	8.0	6.0	2.0	0.23028309323591914	0.14865659075244408
1.521933377132949	cosine	8.0	2.0	8.0	0.40201512610368484	0.03442252599351862
-0.3918272975055385	cosine	8.0	4.0	8.0	0.20100756305184242	0.1814857225539041
-0.8181626283097587	cosine	8.0	2.0	4.0	0.16448792373994225	0.22830592549268558
0.5901367794023998	cosine	8.0	4.0	6.0	0.16750630254320203	0.22419615145873356
-0.7759443209659838	cosine	8.0	6.0	4.0	0.13400504203456162	0.27209855448987996
-0.9598199109546004	cosine	8.0	2.0	8.0	0.23450882356048283	0.14426833538783368
-1.1915727219040255	cosine	8.0	2.0	0.0	0.5263613559678152	0.008604775407453868
0.6581657627066697	cosine	8.0	0.0	2.0	0.4605661864718383	0.01856076533880384
1.167903725051326	cosine	8.0	6.0	4.0	0.16750630254320203	0.22419615145873356
-0.45636591073182037	cosine	8.0	2.0	4.0	0.39477101697586137	0.03699704127429398
-0.5248649988504193	cosine	8.0	6.0	2.0	0.4934637712198267	0.01276417380034623
0.13899637867633566	cosine	8.0	6.0	4.0	0.26801008406912324	0.11257316160194203
1.0562744034900895	cosine	8.0	2.0	6.0	0.2631806779839076	0.11680717101068677
-0.3368645026521688	cosine	8.0	4.0	2.0	0.19738550848793068	0.18584158306669563
-0.3519745928660567	cosine	8.0	4.0	6.0	0.23450882356048283	0.14426833538783368
1.1526430142077029	cosine	8.0	6.0	4.0	0.23450882356048283	0.14426833538783368
-0.5726493561372153	cosine	8.0	6.0	4.0	0.46901764712096566	0.01689057007847118
1.311266963333464	cosine	8.0	6.0	8.0	0.36851386559504445	0.04767616394306396
-0.07035404262790941	cosine	8.0	8.0	6.0	0.30151134457776363	0.08619310660327584
-0.8104304365763257	cosine	8.0	4.0	6.0	0.40201512610368484	0.03442252599351862
-0.6537904593690944	cosine	8.0	6.0	8.0	0.16750630254320203	0.22419615145873356
0.1405382474579294	cosine	8.0	6.0	8.0	0.36851386559504445	0.04767616394306396
1.1334247709222172	cosine	8.0	8.0	2.0	0.30151134457776363	0.08619310660327584
0.8711687396955451	cosine	8.0	8.0	2.0	0.33501260508640407	0.0647348936883515
0.5021623275235593	cosine	8.0	2.0	4.0	0.19738550848793068	0.18584158306669563
0.6176071495670595	cosine	8.0	4.0	6.0	0.23450882356048283	0.14426833538783368
-1.3416315592868187	cosine	8.0	4.0	6.0	0.16750630254320203	0.22419615145873356
-1.1320661677998616	cosine	8.0	2.0	8.0	0.33501260508640407	0.0647348936883515
-1.1424587916148208	cosine	8.0	4.0	2.0	0.3289758474798845	0.0682601490394303
-0.4549863973454829	cosine	8.0	2.0	6.0	0.4934637712198267	0.01276417380034623
-0.7529393098019633	cosine	8.0	2.0	4.0	0.36187343222787294	0.05073562797633993
0.8068996317784934	cosine	8.0	2.0	4.0	0.39477101697586137	0.03699704127429398
-1.0701305599708097	cosine	8.0	4.0	8.0	0.5360201681382465	0.0076349509802290235
0.17727671108095125	cosine	8.0	0.0	2.0	0.42766860172384985	0.02646218884554873
-1.227934420705663	cosine	8.0	2.0	8.0	0.30151134457776363	0.08619310660327584
-0.3281211904233939	cosine	8.0	6.0	4.0	0.502518907629606	0.011474155729315736
-0.5492761805000066	cosine	8.0	8.0	2.0	0.33501260508640407	0.0647348936883515
0.38766234155055906	cosine	8.0	6.0	2.0	0.5592589407158036	0.005685474982156306
0.2088045387013232	cosine	8.0	2.0	8.0	0.33501260508640407	0.0647348936883515
-0.9898359302707599	cosine	8.0	0.0	2.0	0.3289758474798845	0.0682601490394303
0.8789714547070331	cosine	8.0	8.0	6.0	0.40201512610368484	0.03442252599351862
-0.2216715489464849	cosine	8.0	6.0	2.0	0.19738550848793068	0.18584158306669563
0.6480097167717779	cosine	8.0	4.0	2.0	0.23028309323591914	0.14865659075244408
2.1836808898489704	cosine	8.0	2.0	4.0	0.4934637712198267	0.01276417380034623
-1.8262614704145175	cosine	8.0	0.0	2.0	0.39477101697586137	0.03699704127429398
0.6324199657333053	cosine	8.0	8.0	6.0	0.40201512610368484	0.03442252599351862
-0.09019256311064788	cosine	8.0	2.0	0.0	0.19738550848793068	0.18584158306669563
1.2192291978954286	cosine	8.0	8.0	4.0	0.23450882356048283	0.14426833538783368
1.0057918354516777	cosine	8.0	4.0	8.0	0.36851386559504445	0.04767616394306396
-0.43889251276104446	cosine	8.0	8.0	2.0	0.36851386559504445	0.04767616394306396
-1.2900519334004499	cosine	8.0	2.0	0.0	0.4934637712198267	0.01276417380034623
-1.1281393430870328	cosine	8.0	6.0	4.0	0.5360201681382465	0.0076349509802290235
-1.2174122601238928	cosine	8.0	6.0	2.0	0.6250541102117805	0.002335688748637901
-0.4695527441736299	cosine	8.0	6.0	2.0	0.19738550848793068	0.18584158306669563
-0.23864944197188886	cosine	8.0	0.0	6.0	0.30151134457776363	0.08619310660327584
2.5109311475734413	cosine	8.0	6.0	4.0	0.20100756305184242	0.1814857225539041
0.9632186618054238	cosine	8.0	4.0	8.0	0.4355163866123253	0.024358800530983115
0.3988669720712759	cosine	8.0	6.0	2.0	0.4934637712198267	0.01276417380034623
-1.2967395435036955	cosine	8.0	2.0	4.0	0.42766860172384985	0.02646218884554873
-0.37915729521503017	cosine	8.0	2.0	6.0	0.5592589407158036	0.005685474982156306
-0.7314363564367494	cosine	8.0	8.0	4.0	0.33501260508640407	0.0647348936883515
1.7102054140187046	cosine	8.0	2.0	4.0	0.3289758474798845	0.0682601490394303
-0.32918195455257987	cosine	8.0	4.0	6.0	0.13400504203456162	0.27209855448987996
-1.1491223635500307	cosine	8.0	4.0	8.0	0.20100756305184242	0.1814857225539041
-0.12059689630794822	cosine	8.0	2.0	4.0	0.42766860172384985	0.02646218884554873
0.31140562473632477	cosine	8.0	8.0	4.0	0.16750630254320203	0.22419615145873356
0.1016193794369556	cosine	8.0	8.0	6.0	0.4355163866123253	0.024358800530983115
-0.8626631630051382	cosine	8.0	6.0	8.0	0.33501260508640407	0.0647348936883515
-1.1718845845513888	cosine	8.0	2.0	4.0	0.7237468644557459	0.0005273290558939744
-0.6599572572945736	cosine	8.0	6.0	4.0	0.4355163866123253	0.024358800530983115
0.1502339446902934	cosine	8.0	2.0	4.0	0.39477101697586137	0.03699704127429398
-1.052687227540628	cosine	8.0	6.0	8.0	0.4355163866123253	0.024358800530983115
0.12079930852085231	cosine	8.0	4.0	8.0	0.36851386559504445	0.04767616394306396
-1.22911945840829	cosine	8.0	4.0	6.0	0.40201512610368484	0.03442252599351862
-0.32203356900472135	cosine	8.0	6.0	4.0	0.26801008406912324	0.11257316160194203
0.1977962274426614	cosine	8.0	8.0	4.0	0.4355163866123253	0.024358800530983115
0.036239031037638446	cosine	8.0	2.0	4.0	0.36187343222787294	0.05073562797633993
-0.28988519644460975	cosine	8.0	4.0	6.0	0.23450882356048283	0.14426833538783368
-0.1751607072610881	cosine	8.0	6.0	8.0	0.20100756305184242	0.1814857225539041
-0.4623164146935438	cosine	8.0	6.0	4.0	0.46901764712096566	0.01689057007847118
-2.3184522987058998	cosine	8.0	4.0	2.0	0.5263613559678152	0.008604775407453868
0.5354924331660258	cosine	8.0	8.0	2.0	0.30151134457776363	0.08619310660327584
-0.23467666688095817	cosine	8.0	8.0	6.0	0.502518907629606	0.011474155729315736
1.130018729048859	cosine	8.0	6.0	4.0	0.30151134457776363	0.08619310660327584
0.015618104747161429	cosine	8.0	2.0	0.0	0.23028309323591914	0.14865659075244408
0.8895656401100598	cosine	8.0	2.0	6.0	0.592156525463792	0.0036813837070469946
-0.7731694552344447	cosine	8.0	4.0	0.0	0.1315903389919538	0.27573794886251457
0.7499566184587299	cosine	8.0	2.0	8.0	0.4355163866123253	0.024358800530983115
-1.020265290827919	cosine	8.0	0.0	2.0	0.296078262731896	0.0901247100752523
-1.3407548581362037	cosine	8.0	4.0	6.0	0.26801008406912324	0.11257316160194203
-0.26356736829889466	cosine	8.0	8.0	6.0	0.23450882356048283	0.14426833538783368
0.03754083889241825	cosine	8.0	4.0	8.0	0.40201512610368484	0.03442252599351862
-2.3423149613202456	cosine	8.0	6.0	8.0	0.6030226891555273	0.003174862914337789
-0.3736747299131017	cosine	8.0	6.0	4.0	0.26801008406912324	0.11257316160194203
-0.42726047009799284	cosine	8.0	6.0	8.0	0.36851386559504445	0.04767616394306396
-0.19859661501538625	cosine	8.0	6.0	4.0	0.20100756305184242	0.1814857225539041
0.28752776154638254	cosine	8.0	2.0	4.0	0.6250541102117805	0.002335688748637901
-0.3466051720797267	cosine	8.0	2.0	6.0	0.36187343222787294	0.05073562797633993
-0.84134611138119	cosine	8.0	2.0	6.0	0.3289758474798845	0.0682601490394303
-1.9307519957709742	cosine	8.0	6.0	4.0	0.26801008406912324	0.11257316160194203
1.8417187415427827	cosine	8.0	2.0	6.0	0.296078262731896	0.0901247100752523
0.21275222135634106	cosine	8.0	2.0	4.0	0.296078262731896	0.0901247100752523
0.969394471883284	cosine	8.0	6.0	4.0	0.26801008406912324	0.11257316160194203
-1.8384936439480297	cosine	8.0	4.0	2.0	0.42766860172384985	0.02646218884554873
0.9215458060788171	cosine	8.0	6.0	8.0	0.40201512610368484	0.03442252599351862
0.2758712331359192	cosine	8.0	2.0	0.0	0.4605661864718383	0.01856076533880384
0.4230623095863942	cosine	8.0	4.0	2.0	0.39477101697586137	0.03699704127429398
3.1526389913161363	cosine	8.0	2.0	8.0	0.33501260508640407	0.0647348936883515
0.5611222546902127	cosine	8.0	8.0	2.0	0.40201512610368484	0.03442252599351862
-1.2827730188165367	cosine	8.0	6.0	4.0	0.502518907629606	0.011474155729315736
-0.5353320630481857	cosine	8.0	8.0	6.0	0.23450882356048283	0.14426833538783368
-0.3412533144030288	cosine	8.0	8.0	6.0	0.36851386559504445	0.04767616394306396
-0.3886181676731576	cosine	8.0	4.0	0.0	0.19738550848793068	0.18584158306669563
0.3270928874312976	cosine	8.0	4.0	6.0	0.20100756305184242	0.1814857225539041
-0.03262009866645195	cosine	8.0	4.0	8.0	0.30151134457776363	0.08619310660327584
0.7515058946309636	cosine	8.0	8.0	6.0	0.4355163866123253	0.024358800530983115
-0.22628279819520206	cosine	8.0	8.0	2.0	0.20100756305184242	0.1814857225539041
1.333005715800192	cosine	8.0	4.0	2.0	0.4605661864718383	0.01856076533880384
-0.6937363677610257	cosine	8.0	6.0	8.0	0.26801008406912324	0.11257316160194203
0.6341519553336837	cosine	8.0	2.0	8.0	0.33501260508640407	0.0647348936883515
-0.5746543447091814	cosine	8.0	6.0	8.0	0.36851386559504445	0.04767616394306396
0.26110966078163755	cosine	8.0	2.0	6.0	0.5592589407158036	0.005685474982156306
-2.788520896473412	cosine	8.0	2.0	4.0	0.2631806779839076	0.11680717101068677
0.2614617093915785	cosine	8.0	4.0	6.0	0.26801008406912324	0.11257316160194203
-0.21171012347331078	cosine	8.0	6.0	8.0	0.46901764712096566	0.01689057007847118
0.01686298939818467	cosine	8.0	8.0	6.0	0.36851386559504445	0.04767616394306396
0.5898040802986348	cosine	8.0	6.0	8.0	0.23450882356048283	0.14426833538783368
1.2327833998462898	cosine	8.0	4.0	6.0	0.36851386559504445	0.04767616394306396
-2.2181435758816064	cosine	8.0	2.0	0.0	0.4934637712198267	0.01276417380034623
1.7467572420330248	cosine	8.0	8.0	6.0	0.30151134457776363	0.08619310660327584
0.11347147852039716	cosine	8.0	4.0	8.0	0.40201512610368484	0.03442252599351862
-1.9479087690063508	cosine	8.0	4.0	6.0	0.33501260508640407	0.0647348936883515
-1.379222172108111	cosine	8.0	6.0	8.0	0.502518907629606	0.011474155729315736
-0.5707527293728525	cosine	8.0	4.0	6.0	0.33501260508640407	0.0647348936883515
0.793670418937261	cosine	8.0	2.0	8.0	0.36851386559504445	0.04767616394306396
2.0656171408686745	cosine	8.0	6.0	2.0	0.5263613559678152	0.008604775407453868
-0.1325408717636796	cosine	8.0	2.0	4.0	0.4934637712198267	0.01276417380034623
-1.5169930877889692	cosine	8.0	4.0	6.0	0.26801008406912324	0.11257316160194203
1.3413693200322867	cosine	8.0	2.0	0.0	0.16448792373994225	0.22830592549268558
-1.2176894968659697	cosine	8.0	6.0	2.0	0.296078262731896	0.0901247100752523
-0.4448616969156372	cosine	8.0	4.0	6.0	0.46901764712096566	0.01689057007847118
-0.44180536205453835	cosine	8.0	4.0	2.0	0.3289758474798845	0.0682601490394303
1.7458997187497296	cosine	8.0	6.0	4.0	0.26801008406912324	0.11257316160194203
-0.35917306351219697	cosine	8.0	8.0	4.0	0.6700252101728081	0.0012131191275820915
0.6215392524209649	cosine	8.0	6.0	4.0	0.20100756305184242	0.1814857225539041
-0.3752471545405888	cosine	8.0	6.0	4.0	0.26801008406912324	0.11257316160194203
0.9286126302062555	cosine	8.0	0.0	4.0	0.5592589407158036	0.005685474982156306
0.9738115109658974	cosine	8.0	8.0	2.0	0.23450882356048283	0.14426833538783368
0.5229561123473602	cosine	8.0	8.0	2.0	0.36851386559504445	0.04767616394306396
-1.908090327091466	cosine	8.0	8.0	2.0	0.10050378152592121	0.3246054073583539
0.6599344193159893	cosine	8.0	6.0	4.0	0.13400504203456162	0.27209855448987996
-1.2167527940402134	cosine	8.0	2.0	4.0	0.2631806779839076	0.11680717101068677
-0.8297800994539649	cosine	8.0	4.0	6.0	0.20100756305184242	0.1814857225539041
-0.8358130531721216	cosine	8.0	4.0	6.0	0.06700252101728081	0.38085378504795675
1.3005016900703954	cosine	8.0	6.0	8.0	0.33501260508640407	0.0647348936883515
-0.5270850980451182	cosine	8.0	6.0	2.0	0.1315903389919538	0.27573794886251457
0.19164233222786797	cosine	8.0	0.0	6.0	0.30151134457776363	0.08619310660327584
-1.6549256721649572	cosine	8.0	2.0	8.0	0.36851386559504445	0.04767616394306396
-0.6764023704333598	cosine	8.0	4.0	2.0	0.3289758474798845	0.0682601490394303
0.9663232323842343	cosine	8.0	4.0	6.0	0.4355163866123253	0.024358800530983115
-0.1449965952390795	cosine	8.0	4.0	2.0	0.42766860172384985	0.02646218884554873
0.6425670833138395	cosine	8.0	6.0	2.0	0.36187343222787294	0.05073562797633993
-0.21504328253015645	cosine	8.0	2.0	4.0	0.3289758474798845	0.0682601490394303
0.12502806751838602	cosine	8.0	2.0	8.0	0.26801008406912324	0.11257316160194203
2.023837456482086	cosine	8.0	4.0	6.0	0.23450882356048283	0.14426833538783368
1.21100620587955	cosine	8.0	6.0	4.0	0.16750630254320203	0.22419615145873356
1.0016385320435508	cosine	8.0	2.0	4.0	0.657951694959769	0.0014518639985398399
-0.1861985489421744	cosine	8.0	4.0	2.0	0.2631806779839076	0.11680717101068677
-0.3228934970160265	cosine	8.0	4.0	8.0	0.46901764712096566	0.01689057007847118
0.7095614074591085	cosine	8.0	8.0	2.0	0.502518907629606	0.011474155729315736
-0.36126062352597416	cosine	8.0	8.0	2.0	0.30151134457776363	0.08619310660327584
1.5574093188816385	cosine	8.0	0.0	6.0	0.46901764712096566	0.01689057007847118
0.9117564481120648	cosine	8.0	2.0	8.0	0.10050378152592121	0.3246054073583539
0.6316650774255808	cosine	8.0	6.0	8.0	0.30151134457776363	0.08619310660327584
0.4387771439749832	cosine	8.0	4.0	2.0	0.39477101697586137	0.03699704127429398
-0.8857027713264534	cosine	8.0	4.0	0.0	0.19738550848793068	0.18584158306669563
-0.5740594542326305	cosine	8.0	8.0	6.0	0.502518907629606	0.011474155729315736
-0.30213615847342246	cosine	8.0	6.0	8.0	0.30151134457776363	0.08619310660327584
-0.6176034778853668	cosine	8.0	2.0	0.0	0.39477101697586137	0.03699704127429398
0.38955274427061437	cosine	8.0	0.0	4.0	0.42766860172384985	0.02646218884554873
-1.5776334619510284	cosine	8.0	0.0	2.0	0.42766860172384985	0.02646218884554873
-0.4033328134946009	cosine	8.0	8.0	6.0	0.10050378152592121	0.3246054073583539
-1.7533855390521933	cosine	8.0	6.0	4.0	0.26801008406912324	0.11257316160194203
-0.5560328796396787	cosine	8.0	2.0	8.0	0.30151134457776363	0.08619310660327584
0.4159954822804203	cosine	8.0	6.0	0.0	0.30151134457776363	0.08619310660327584
-0.3214931649821966	cosine	8.0	2.0	8.0	0.26801008406912324	0.11257316160194203
-0.27892348883828466	cosine	8.0	4.0	6.0	0.16750630254320203	0.22419615145873356
-2.030510522604691	cosine	8.0	4.0	2.0	0.39477101697586137	0.03699704127429398
-0.6833826495447444	cosine	8.0	6.0	8.0	0.30151134457776363	0.08619310660327584
-0.20036660623975427	cosine	8.0	2.0	4.0	0.3289758474798845	0.0682601490394303
-1.9079471318381116	cosine	8.0	4.0	6.0	0.23450882356048283	0.14426833538783368
-0.32537931459973496	cosine	8.0	4.0	6.0	0.10050378152592121	0.3246054073583539
-1.0918613233366994	cosine	8.0	4.0	6.0	0.502518907629606	0.011474155729315736
-0.35308078822579914	cosine	8.0	4.0	0.0	0.5263613559678152	0.008604775407453868
-1.5611324226949075	cosine	8.0	0.0	2.0	0.5592589407158036	0.005685474982156306
1.2492612059877872	cosine	8.0	8.0	6.0	0.40201512610368484	0.03442252599351862
-1.404508607095093	cosine	8.0	0.0	2.0	0.2631806779839076	0.11680717101068677
0.5207311101180676	cosine	8.0	4.0	6.0	0.6700252101728081	0.0012131191275820915
-1.024358426331953	cosine	8.0	8.0	2.0	0.33501260508640407	0.0647348936883515
1.812554245704614	cosine	8.0	8.0	2.0	0.30151134457776363	0.08619310660327584
0.01819311536558059	cosine	8.0	2.0	6.0	0.657951694959769	0.0014518639985398399
-1.0643697283717881	cosine	8.0	8.0	2.0	0.33501260508640407	0.0647348936883515
-2.374284260592626	cosine	8.0	2.0	4.0	0.4934637712198267	0.01276417380034623
1.4422118194391609	cosine	8.0	4.0	0.0	0.4605661864718383	0.01856076533880384
1.5818496700621758	cosine	8.0	4.0	6.0	0.502518907629606	0.011474155729315736
0.44732045470339127	cosine	8.0	4.0	2.0	0.5592589407158036	0.005685474982156306
1.1519332738404469	cosine	8.0	0.0	4.0	0.16448792373994225	0.22830592549268558
0.7480220216724676	cosine	8.0	2.0	4.0	0.4605661864718383	0.01856076533880384
-0.44800414432527436	cosine	8.0	2.0	4.0	0.296078262731896	0.0901247100752523
0.5311696026607255	cosine	8.0	8.0	6.0	0.6700252101728081	0.0012131191275820915
-0.891665682331953	cosine	8.0	4.0	6.0	0.5360201681382465	0.0076349509802290235
-0.19902169556614652	cosine	8.0	6.0	4.0	0.23450882356048283	0.14426833538783368
-0.30298088070927087	cosine	8.0	8.0	2.0	0.6365239496641677	0.0019835093942865535
0.2905535665335597	cosine	8.0	2.0	0.0	0.39477101697586137	0.03699704127429398
1.4247477193195452	cosine	8.0	2.0	4.0	0.592156525463792	0.0036813837070469946
-0.9944482409733616	cosine	8.0	6.0	2.0	0.4605661864718383	0.01856076533880384
-1.7668980432479948	cosine	8.0	2.0	4.0	0.1315903389919538	0.27573794886251457
-0.9907348134133614	cosine	8.0	4.0	2.0	0.42766860172384985	0.02646218884554873
-0.06668883328674885	cosine	8.0	4.0	2.0	0.42766860172384985	0.02646218884554873
-1.0429648800384945	cosine	8.0	6.0	0.0	0.23450882356048283	0.14426833538783368
0.6239343589848729	cosine	8.0	2.0	8.0	0.20100756305184242	0.1814857225539041
1.0536221042352212	cosine	8.0	8.0	4.0	0.20100756305184242	0.1814857225539041
0.8846169803271291	cosine	8.0	8.0	6.0	0.40201512610368484	0.03442252599351862
0.6573524350677201	cosine	8.0	6.0	4.0	0.13400504203456162	0.27209855448987996
-0.7984403617736554	cosine	8.0	6.0	4.0	0.23450882356048283	0.14426833538783368
1.8640310986592685	cosine	8.0	6.0	8.0	0.30151134457776363	0.08619310660327584
0.26425064635534234	cosine	8.0	4.0	6.0	0.23450882356048283	0.14426833538783368
-1.4625260893894698	cosine	8.0	4.0	0.0	0.4934637712198267	0.01276417380034623
0.756353189354535	cosine	8.0	6.0	8.0	0.40201512610368484	0.03442252599351862
-0.568871781699383	cosine	8.0	8.0	2.0	0.30151134457776363	0.08619310660327584
0.3238123501393584	cosine	8.0	8.0	2.0	0.40201512610368484	0.03442252599351862
1.2007929359338678	cosine	8.0	8.0	4.0	0.4355163866123253	0.024358800530983115
0.06628953500760301	cosine	8.0	4.0	2.0	0.23028309323591914	0.14865659075244408
2.268943177782947	cosine	8.0	6.0	8.0	0.26801008406912324	0.11257316160194203
1.763381874795357	cosine	8.0	8.0	6.0	0.33501260508640407	0.0647348936883515
-1.164921712066519	cosine	8.0	6.0	2.0	0.3289758474798845	0.0682601490394303
1.589048175520901	cosine	8.0	6.0	4.0	0.30151134457776363	0.08619310660327584
0.3604206367001734	cosine	8.0	6.0	8.0	0.5360201681382465	0.0076349509802290235
-0.6617837181112339	cosine	8.0	6.0	8.0	0.5695214286468869	0.004975414949458076
0.4935958301506547	cosine	8.0	2.0	0.0	0.42766860172384985	0.02646218884554873
0.5696678903208426	cosine	8.0	6.0	4.0	0.40201512610368484	0.03442252599351862
0.5349572423748704	cosine	8.0	4.0	8.0	0.6365239496641677	0.0019835093942865535
0.5890158016244652	cosine	8.0	6.0	2.0	0.16448792373994225	0.22830592549268558
0.20692600985395074	cosine	8.0	6.0	8.0	0.20100756305184242	0.1814857225539041
0.5532869926079486	cosine	8.0	6.0	4.0	0.4355163866123253	0.024358800530983115
-0.6486833790655994	cosine	8.0	6.0	4.0	0.33501260508640407	0.0647348936883515
-0.05642151895793525	cosine	8.0	6.0	2.0	0.23028309323591914	0.14865659075244408
1.1998979548560234	cosine	8.0	8.0	2.0	0.33501260508640407	0.0647348936883515
0.8434169439306672	cosine	8.0	0.0	4.0	0.5592589407158036	0.005685474982156306
-0.4140489078654023	cosine	8.0	0.0	4.0	0.4605661864718383	0.01856076533880384
-1.5172656114133989	cosine	8.0	6.0	4.0	0.26801008406912324	0.11257316160194203
-1.1056436031726098	cosine	8.0	4.0	8.0	0.30151134457776363	0.08619310660327584
0.5187577872975868	cosine	8.0	2.0	0.0	0.3289758474798845	0.0682601490394303
0.6793852911158061	cosine	8.0	4.0	8.0	0.26801008406912324	0.11257316160194203
-0.08459261172788943	cosine	8.0	2.0	6.0	0.2631806779839076	0.11680717101068677
0.22887561487755825	cosine	8.0	2.0	0.0	0.3289758474798845	0.0682601490394303
1.6085940688417784	cosine	8.0	2.0	4.0	0.09869275424396534	0.3275593850007441
-0.103236656906948	cosine	8.0	2.0	8.0	0.6365239496641677	0.0019835093942865535
0.11895640256003474	cosine	8.0	8.0	2.0	0.36851386559504445	0.04767616394306396
0.6558698531889879	cosine	8.0	2.0	0.0	0.23028309323591914	0.14865659075244408
-0.21433367120340654	cosine	8.0	0.0	2.0	0.5592589407158036	0.005685474982156306
-1.1229573959626882	cosine	8.0	6.0	8.0	0.16750630254320203	0.22419615145873356
-0.4189763061260912	cosine	8.0	8.0	2.0	0.20100756305184242	0.1814857225539041
0.1977572805546231	cosine	8.0	6.0	8.0	0.502518907629606	0.011474155729315736
-0.5415552232933462	cosine	8.0	6.0	4.0	0.5695214286468869	0.004975414949458076
-0.44085622642986955	cosine	8.0	8.0	2.0	0.33501260508640407	0.0647348936883515
-0.9417121204787068	cosine	8.0	4.0	2.0	0.3289758474798845	0.0682601490394303
0.23568590760897495	cosine	8.0	0.0	2.0	0.39477101697586137	0.03699704127429398
0.12270750689498809	cosine	8.0	2.0	0.0	0.39477101697586137	0.03699704127429398
1.1132388547309595	cosine	8.0	6.0	4.0	0.26801008406912324	0.11257316160194203
2.4710071068575887	cosine	8.0	6.0	4.0	0.33501260508640407	0.0647348936883515
0.4195777630256974	cosine	8.0	8.0	4.0	0.30151134457776363	0.08619310660327584
0.6918756957356598	cosine	8.0	4.0	2.0	0.1315903389919538	0.27573794886251457
-1.0800279695320354	cosine	8.0	2.0	8.0	0.502518907629606	0.011474155729315736
-0.7681250097659639	cosine	8.0	4.0	2.0	0.3289758474798845	0.0682601490394303
-0.9370059619578784	cosine	8.0	4.0	2.0	0.36187343222787294	0.05073562797633993
0.32310960775366493	cosine	8.0	6.0	0.0	0.46901764712096566	0.01689057007847118
-0.3440440046337181	cosine	8.0	6.0	8.0	0.26801008406912324	0.11257316160194203
2.0382257431451696	cosine	8.0	2.0	0.0	0.42766860172384985	0.02646218884554873
-1.5695758701084217	cosine	8.0	8.0	4.0	0.33501260508640407	0.0647348936883515
1.215956899320581	cosine	8.0	8.0	2.0	0.23450882356048283	0.14426833538783368
0.6310387016497042	cosine	8.0	2.0	0.0	0.3289758474798845	0.0682601490394303
1.3752719366465513	cosine	8.0	8.0	6.0	0.5360201681382465	0.0076349509802290235
1.465864838484066	cosine	8.0	4.0	8.0	0.33501260508640407	0.0647348936883515
0.7373380965022515	cosine	8.0	2.0	4.0	0.3289758474798845	0.0682601490394303
-0.17647047097186758	cosine	8.0	2.0	4.0	0.42766860172384985	0.02646218884554873
1.8617065375669488	cosine	8.0	8.0	6.0	0.26801008406912324	0.11257316160194203
0.1365331358272803	cosine	8.0	0.0	2.0	0.4605661864718383	0.01856076533880384
-1.5222416196050936	cosine	8.0	4.0	6.0	0.36851386559504445	0.04767616394306396
0.46136388318265803	cosine	8.0	6.0	8.0	0.5360201681382465	0.0076349509802290235
-0.20625906180435383	cosine	8.0	6.0	8.0	0.10050378152592121	0.3246054073583539
-0.5902107051868194	cosine	8.0	0.0	6.0	0.6030226891555273	0.003174862914337789
-0.7418642484883744	cosine	8.0	8.0	6.0	0.5360201681382465	0.0076349509802290235
0.3205599991976595	cosine	8.0	2.0	4.0	0.4605661864718383	0.01856076533880384
0.5063367532716835	cosine	8.0	2.0	6.0	0.657951694959769	0.0014518639985398399
0.5471651128085386	cosine	8.0	0.0	4.0	0.23028309323591914	0.14865659075244408
-1.6681827874416508	cosine	8.0	8.0	6.0	0.26801008406912324	0.11257316160194203
-0.13435753775736248	cosine	8.0	2.0	6.0	0.23028309323591914	0.14865659075244408
-0.5880460978685998	cosine	8.0	0.0	4.0	0.5592589407158036	0.005685474982156306
1.1892979886934538	cosine	8.0	2.0	8.0	0.5360201681382465	0.0076349509802290235
-0.5877338494959764	cosine	8.0	6.0	2.0	0.296078262731896	0.0901247100752523
-0.5204138642997611	cosine	8.0	4.0	6.0	0.30151134457776363	0.08619310660327584
0.6571009750108739	cosine	8.0	2.0	8.0	0.4355163866123253	0.024358800530983115
-1.0316840010171267	cosine	8.0	4.0	6.0	0.502518907629606	0.011474155729315736
-0.36844834627253403	cosine	8.0	4.0	8.0	0.26801008406912324	0.11257316160194203
-1.6134036786775092	cosine	8.0	0.0	4.0	0.09869275424396534	0.3275593850007441
-2.3151966815091605	cosine	8.0	8.0	4.0	0.23450882356048283	0.14426833538783368
-0.028040600432432145	cosine	8.0	8.0	6.0	0.5360201681382465	0.0076349509802290235
-0.2886619797459771	cosine	8.0	6.0	4.0	0.20100756305184242	0.1814857225539041
0.5418794299758593	cosine	8.0	2.0	4.0	0.42766860172384985	0.02646218884554873
1.2782750650523322	cosine	8.0	6.0	4.0	0.30151134457776363	0.08619310660327584
0.9090217325061994	cosine	8.0	2.0	8.0	0.16750630254320203	0.22419615145873356
0.13232300047781737	cosine	8.0	4.0	2.0	0.19738550848793068	0.18584158306669563
0.08497126658576236	cosine	8.0	4.0	2.0	0.3289758474798845	0.0682601490394303
-0.29479012094644286	cosine	8.0	2.0	0.0	0.3289758474798845	0.0682601490394303
-0.013806285437160963	cosine	8.0	6.0	2.0	0.4934637712198267	0.01276417380034623
0.36875570595633556	cosine	8.0	6.0	0.0	0.4355163866123253	0.024358800530983115
-0.4497833134742555	cosine	8.0	8.0	6.0	0.23450882356048283	0.14426833538783368
0.8045859044076428	cosine	8.0	4.0	0.0	0.23028309323591914	0.14865659075244408
-0.15729318222906125	cosine	8.0	8.0	2.0	0.26801008406912324	0.11257316160194203
0.47312280762507664	cosine	8.0	2.0	0.0	0.5263613559678152	0.008604775407453868
0.8753598209626369	cosine	8.0	4.0	2.0	0.23028309323591914	0.14865659075244408
-0.10751681582326035	cosine	8.0	8.0	6.0	0.46901764712096566	0.01689057007847118
-0.6396876000692535	cosine	8.0	2.0	4.0	0.5263613559678152	0.008604775407453868
-0.730102768551618	cosine	8.0	6.0	4.0	0.4355163866123253	0.024358800530983115
-0.04719100492288956	cosine	8.0	6.0	4.0	0.5360201681382465	0.0076349509802290235
0.13008901343084203	cosine	8.0	8.0	2.0	0.4355163866123253	0.024358800530983115
0.8796751165308626	cosine	8.0	6.0	8.0	0.40201512610368484	0.03442252599351862
0.9072093183015505	cosine	8.0	6.0	0.0	0.6365239496641677	0.0019835093942865535
-0.1276653899414527	cosine	8.0	4.0	0.0	0.42766860172384985	0.02646218884554873
0.07880066059660824	cosine	8.0	2.0	6.0	0.36187343222787294	0.05073562797633993
-0.3064771145986431	cosine	8.0	6.0	8.0	0.4355163866123253	0.024358800530983115
-0.9439128032084415	cosine	8.0	4.0	6.0	0.36851386559504445	0.04767616394306396
-1.3281616653899235	cosine	8.0	6.0	8.0	0.16750630254320203	0.22419615145873356
0.06635125382152779	cosine	8.0	4.0	2.0	0.296078262731896	0.0901247100752523
-0.7979830038526031	cosine	8.0	8.0	4.0	0.26801008406912324	0.11257316160194203
1.2567947253139864	cosine	8.0	2.0	6.0	0.3289758474798845	0.0682601490394303
-0.2755369051435623	cosine	8.0	0.0	4.0	0.09869275424396534	0.3275593850007441
-0.9563467668832457	cosine	8.0	2.0	6.0	0.4934637712198267	0.01276417380034623
-0.47651408762283276	cosine	8.0	4.0	2.0	0.3289758474798845	0.0682601490394303
-1.5347482030535993	cosine	8.0	2.0	4.0	0.4934637712198267	0.01276417380034623
0.7133549905026604	cosine	8.0	6.0	4.0	0.40201512610368484	0.03442252599351862
-2.205249292206562	cosine	8.0	4.0	6.0	0.13400504203456162	0.27209855448987996
1.2785854167080086	cosine	8.0	2.0	6.0	0.39477101697586137	0.03699704127429398
0.7909982284110457	cosine	8.0	0.0	2.0	0.296078262731896	0.0901247100752523
-1.2167741217804453	cosine	8.0	2.0	4.0	0.42766860172384985	0.02646218884554873
0.35447137880478025	cosine	8.0	8.0	6.0	0.502518907629606	0.011474155729315736
-0.20574651787010775	cosine	8.0	0.0	2.0	0.7566444492037343	0.0003080652099971452
-0.5143106828411975	cosine	8.0	4.0	2.0	0.39477101697586137	0.03699704127429398
1.3550338896807481	cosine	8.0	2.0	0.0	0.23028309323591914	0.14865659075244408
1.6855236262365418	cosine	8.0	8.0	6.0	0.10050378152592121	0.3246054073583539
1.8579142443852665	cosine	8.0	4.0	6.0	0.23450882356048283	0.14426833538783368
-0.7597337210028738	cosine	8.0	6.0	2.0	0.39477101697586137	0.03699704127429398
0.10166083320263289	cosine	8.0	8.0	6.0	0.20100756305184242	0.1814857225539041
-1.155080190388155	cosine	8.0	8.0	4.0	0.13400504203456162	0.27209855448987996
-2.0176956537734583	cosine	8.0	6.0	8.0	0.36851386559504445	0.04767616394306396
-1.3493381170553702	cosine	8.0	6.0	4.0	0.4355163866123253	0.024358800530983115
0.5751480323784376	cosine	8.0	0.0	4.0	0.2631806779839076	0.11680717101068677
-0.16977287860821408	cosine	8.0	0.0	4.0	0.3289758474798845	0.0682601490394303
-0.24792420566319354	cosine	8.0	8.0	2.0	0.6365239496641677	0.0019835093942865535
0.3318057975802393	cosine	8.0	2.0	4.0	0.39477101697586137	0.03699704127429398
1.289682905102361	cosine	8.0	4.0	6.0	0.30151134457776363	0.08619310660327584
-0.0446253439712908	cosine	8.0	2.0	8.0	0.26801008406912324	0.11257316160194203
0.8258185473858508	cosine	8.0	8.0	4.0	0.26801008406912324	0.11257316160194203
-2.181030659854839	cosine	8.0	2.0	8.0	0.20100756305184242	0.1814857225539041
0.8553882612767598	cosine	8.0	4.0	2.0	0.4605661864718383	0.01856076533880384
1.6066655502652754	cosine	8.0	6.0	8.0	0.4355163866123253	0.024358800530983115
-1.039211427913987	cosine	8.0	8.0	2.0	0.23450882356048283	0.14426833538783368
1.2687492803064842	cosine	8.0	6.0	8.0	0.502518907629606	0.011474155729315736
-1.47601025284883	cosine	8.0	8.0	6.0	0.23450882356048283	0.14426833538783368
0.9154625519881404	cosine	8.0	8.0	4.0	0.30151134457776363	0.08619310660327584
-0.1593090950169583	cosine	8.0	6.0	8.0	0.16750630254320203	0.22419615145873356
-0.6577966467473144	cosine	8.0	2.0	4.0	0.42766860172384985	0.02646218884554873
0.8348300647630461	cosine	8.0	0.0	4.0	0.5263613559678152	0.008604775407453868
-0.5795316377185127	cosine	8.0	2.0	0.0	0.4934637712198267	0.01276417380034623
-0.18210079604278534	cosine	8.0	8.0	6.0	0.33501260508640407	0.0647348936883515
0.1433323007457416	cosine	8.0	4.0	2.0	0.42766860172384985	0.02646218884554873
-0.9472787232538306	cosine	8.0	6.0	8.0	0.40201512610368484	0.03442252599351862
-0.7212618025008944	cosine	8.0	6.0	4.0	0.13400504203456162	0.27209855448987996
0.6578476412259175	cosine	8.0	4.0	6.0	0.16750630254320203	0.22419615145873356
0.6843104228297445	cosine	8.0	6.0	4.0	0.33501260508640407	0.0647348936883515
0.3812243434862434	cosine	8.0	4.0	8.0	0.33501260508640407	0.0647348936883515
-2.0540657496740757	cosine	8.0	2.0	4.0	0.3289758474798845	0.0682601490394303
0.1894321211577964	cosine	8.0	4.0	2.0	0.2631806779839076	0.11680717101068677
-0.7112845548618879	cosine	8.0	6.0	4.0	0.40201512610368484	0.03442252599351862
0.3564240664773626	cosine	8.0	4.0	6.0	0.6030226891555273	0.003174862914337789
0.213478607913871	cosine	8.0	6.0	2.0	0.39477101697586137	0.03699704127429398
0.06491300444503405	cosine	8.0	4.0	8.0	0.23450882356048283	0.14426833538783368
-1.098547084715936	cosine	8.0	2.0	6.0	0.5592589407158036	0.005685474982156306
-2.1828461662626157	cosine	8.0	8.0	6.0	0.23450882356048283	0.14426833538783368
0.6418659230727353	cosine	8.0	2.0	6.0	0.36187343222787294	0.05073562797633993
1.1669640688377774	cosine	8.0	6.0	4.0	0.30151134457776363	0.08619310660327584
0.4960580410131465	cosine	8.0	4.0	0.0	0.36187343222787294	0.05073562797633993
0.3283107966529609	cosine	8.0	6.0	4.0	0.30151134457776363	0.08619310660327584
-0.48894866061382275	cosine	8.0	6.0	8.0	0.36851386559504445	0.04767616394306396
-1.0530610049581959	cosine	8.0	2.0	8.0	0.20100756305184242	0.1814857225539041
-0.7585795098450474	cosine	8.0	6.0	2.0	0.2631806779839076	0.11680717101068677
0.805664986206748	cosine	8.0	6.0	8.0	0.23450882356048283	0.14426833538783368
-0.28672931274247965	cosine	8.0	2.0	4.0	0.42766860172384985	0.02646218884554873
0.07299804704863279	cosine	8.0	8.0	2.0	0.23450882356048283	0.14426833538783368
0.08656523481458825	cosine	8.0	6.0	8.0	0.13400504203456162	0.27209855448987996
-0.5907519907838156	cosine	8.0	6.0	4.0	0.33501260508640407	0.0647348936883515
2.424597966590661	cosine	8.0	6.0	8.0	0.26801008406912324	0.11257316160194203
-0.5182328550224402	cosine	8.0	2.0	8.0	0.23450882356048283	0.14426833538783368
-1.328025858793992	cosine	8.0	4.0	8.0	0.26801008406912324	0.11257316160194203
0.1106162662572842	cosine	8.0	2.0	8.0	0.5360201681382465	0.0076349509802290235
0.8418872614064128	cosine	8.0	4.0	6.0	0.30151134457776363	0.08619310660327584
0.48703604132310024	cosine	8.0	2.0	6.0	0.3289758474798845	0.0682601490394303
-0.7629555844503227	cosine	8.0	8.0	6.0	0.23450882356048283	0.14426833538783368
1.5128226820195216	cosine	8.0	8.0	4.0	0.5360201681382465	0.0076349509802290235
0.4042906554118598	cosine	8.0	2.0	4.0	0.6250541102117805	0.002335688748637901
1.8263935882841489	cosine	8.0	2.0	8.0	0.16750630254320203	0.22419615145873356
0.7961801971754733	cosine	8.0	8.0	6.0	0.5695214286468869	0.004975414949458076
1.0049928634073235	cosine	8.0	2.0	6.0	0.42766860172384985	0.02646218884554873
0.35851127318932724	cosine	8.0	8.0	6.0	0.23450882356048283	0.14426833538783368
1.2387346389548302	cosine	8.0	2.0	8.0	0.26801008406912324	0.11257316160194203
-3.037074622057263	cosine	8.0	4.0	6.0	0.23450882356048283	0.14426833538783368
0.8980586558516549	cosine	8.0	0.0	2.0	0.2631806779839076	0.11680717101068677
-0.8133659573847108	cosine	8.0	2.0	4.0	0.2631806779839076	0.11680717101068677
1.7788571385752219	cosine	8.0	8.0	6.0	0.6700252101728081	0.0012131191275820915
0.42993877864372493	cosine	8.0	4.0	6.0	0.16750630254320203	0.22419615145873356
0.43545675176379983	cosine	8.0	6.0	2.0	0.36187343222787294	0.05073562797633993
0.16193704427708822	cosine	8.0	8.0	6.0	0.33501260508640407	0.0647348936883515
-0.6068968224588669	cosine	8.0	6.0	8.0	0.502518907629606	0.011474155729315736
-0.4636815697844174	cosine	8.0	6.0	8.0	0.40201512610368484	0.03442252599351862
-0.6231692635032139	cosine	8.0	6.0	4.0	0.502518907629606	0.011474155729315736
0.33103815021748995	cosine	8.0	6.0	2.0	0.296078262731896	0.0901247100752523
-0.4272811736594463	cosine	8.0	8.0	2.0	0.4355163866123253	0.024358800530983115
-0.6491475997075948	cosine	8.0	8.0	6.0	0.40201512610368484	0.03442252599351862
1.94532312215555	cosine	8.0	6.0	2.0	0.3289758474798845	0.0682601490394303
0.18548408767277802	cosine	8.0	6.0	4.0	0.502518907629606	0.011474155729315736
-0.13195842293067347	cosine	8.0	6.0	4.0	0.502518907629606	0.011474155729315736
-0.6330359997051014	cosine	8.0	4.0	0.0	0.5592589407158036	0.005685474982156306
1.2158694732340194	cosine	8.0	2.0	6.0	0.36187343222787294	0.05073562797633993
-0.9220140575365009	cosine	8.0	2.0	8.0	0.33501260508640407	0.0647348936883515
0.3402703840822385	cosine	8.0	4.0	0.0	0.2631806779839076	0.11680717101068677
-0.9145050175651537	cosine	8.0	4.0	6.0	0.7370277311900889	0.00042552976512120783
-0.6536754257501125	cosine	8.0	2.0	6.0	0.3289758474798845	0.0682601490394303
-0.6456085037723688	cosine	8.0	6.0	4.0	0.10050378152592121	0.3246054073583539
1.2823217880419626	cosine	8.0	8.0	2.0	0.23450882356048283	0.14426833538783368
0.6765886452868801	cosine	8.0	0.0	4.0	0.3289758474798845	0.0682601490394303
-0.008789233062836226	cosine	8.0	2.0	6.0	0.39477101697586137	0.03699704127429398
0.033177721708295346	cosine	8.0	4.0	2.0	0.6250541102117805	0.002335688748637901
-0.3944269165861041	cosine	8.0	2.0	6.0	0.3289758474798845	0.0682601490394303
-0.32812700004195944	cosine	8.0	8.0	6.0	0.23450882356048283	0.14426833538783368
1.1949157453672132	cosine	8.0	6.0	8.0	0.26801008406912324	0.11257316160194203
-0.7677278835526027	cosine	8.0	6.0	8.0	0.23450882356048283	0.14426833538783368
-0.0036865847025158325	cosine	8.0	0.0	2.0	0.3289758474798845	0.0682601490394303
1.2060592926094127	cosine	8.0	6.0	2.0	0.4605661864718383	0.01856076533880384
0.5809506810097637	cosine	8.0	8.0	6.0	0.20100756305184242	0.1814857225539041
-0.11724288685286821	cosine	8.0	2.0	6.0	0.39477101697586137	0.03699704127429398
-0.9486007230336632	cosine	8.0	8.0	4.0	0.36851386559504445	0.04767616394306396
0.36197748967397575	cosine	8.0	8.0	2.0	0.46901764712096566	0.01689057007847118
1.0414219839272485	cosine	8.0	6.0	4.0	0.16750630254320203	0.22419615145873356
-1.1815511758319766	cosine	8.0	8.0	4.0	0.26801008406912324	0.11257316160194203
1.5941747363453567	cosine	8.0	6.0	4.0	0.36851386559504445	0.04767616394306396
0.897096604987899	cosine	8.0	8.0	2.0	0.36851386559504445	0.04767616394306396
-0.006289378121821562	cosine	8.0	8.0	4.0	0.46901764712096566	0.01689057007847118
-0.20174924718943066	cosine	8.0	4.0	6.0	0.33501260508640407	0.0647348936883515
-1.1669334520160095	cosine	8.0	0.0	2.0	0.4605661864718383	0.01856076533880384
-0.6953764616907433	cosine	8.0	6.0	8.0	0.13400504203456162	0.27209855448987996
0.3806236483462826	cosine	8.0	8.0	2.0	0.23450882356048283	0.14426833538783368
-0.47417400825996364	cosine	8.0	2.0	8.0	0.46901764712096566	0.01689057007847118
0.968783904828249	cosine	8.0	4.0	8.0	0.23450882356048283	0.14426833538783368
1.0583909290564135	cosine	8.0	2.0	8.0	0.26801008406912324	0.11257316160194203
-1.1015498430355288	cosine	8.0	6.0	8.0	0.36851386559504445	0.04767616394306396
0.3531707311010969	cosine	8.0	2.0	6.0	0.39477101697586137	0.03699704127429398
-0.6376098329332818	cosine	8.0	2.0	4.0	0.296078262731896	0.0901247100752523
0.7941741450236252	cosine	8.0	4.0	6.0	0.502518907629606	0.011474155729315736
-1.876112388401469	cosine	8.0	0.0	4.0	0.23028309323591914	0.14865659075244408
2.4818112735272986	cosine	8.0	2.0	0.0	0.4934637712198267	0.01276417380034623
1.116079150123649	cosine	8.0	4.0	2.0	0.23028309323591914	0.14865659075244408
-0.21623666552004642	cosine	8.0	4.0	6.0	0.23450882356048283	0.14426833538783368
-0.9958595798117197	cosine	8.0	0.0	4.0	0.36187343222787294	0.05073562797633993
0.09260925777285557	cosine	8.0	6.0	2.0	0.19738550848793068	0.18584158306669563
0.906690662242967	cosine	8.0	2.0	8.0	0.36851386559504445	0.04767616394306396
-0.12073630684018034	cosine	8.0	6.0	8.0	0.40201512610368484	0.03442252599351862
0.09333223515359165	cosine	8.0	8.0	2.0	0.7705289916987293	0.00024400664256842868
-0.20577031312714938	cosine	8.0	8.0	4.0	0.20100756305184242	0.1814857225539041
1.655035924264139	cosine	8.0	8.0	2.0	0.40201512610368484	0.03442252599351862
-0.0737386793223401	cosine	8.0	2.0	8.0	0.46901764712096566	0.01689057007847118
1.1767186746093226	cosine	8.0	8.0	4.0	0.13400504203456162	0.27209855448987996
-1.138977841630948	cosine	8.0	8.0	6.0	0.6365239496641677	0.0019835093942865535
-0.13334815164426214	cosine	8.0	8.0	4.0	0.06700252101728081	0.38085378504795675
0.3256320022150496	cosine	8.0	4.0	2.0	0.19738550848793068	0.18584158306669563
0.35437067745945694	cosine	8.0	4.0	0.0	0.4934637712198267	0.01276417380034623
-0.049162743699573394	cosine	8.0	8.0	6.0	0.33501260508640407	0.0647348936883515
0.7476955467162834	cosine	8.0	0.0	4.0	0.2631806779839076	0.11680717101068677
1.655036061565754	cosine	8.0	0.0	2.0	0.39477101697586137	0.03699704127429398
0.11275109235606268	cosine	8.0	4.0	0.0	0.5263613559678152	0.008604775407453868
0.3010197498441614	cosine	8.0	4.0	8.0	0.23450882356048283	0.14426833538783368
0.6142756003199641	cosine	8.0	2.0	4.0	0.1315903389919538	0.27573794886251457
0.3010124475584839	cosine	8.0	6.0	4.0	0.36851386559504445	0.04767616394306396
-1.7367618482684886	cosine	8.0	6.0	8.0	0.6365239496641677	0.0019835093942865535
0.23421327792162355	cosine	8.0	8.0	2.0	0.36851386559504445	0.04767616394306396
-0.852751082507296	cosine	8.0	8.0	2.0	0.36851386559504445	0.04767616394306396
-0.3417491958160317	cosine	8.0	6.0	8.0	0.46901764712096566	0.01689057007847118
-0.36135837118339514	cosine	8.0	2.0	4.0	0.5263613559678152	0.008604775407453868
-0.4361417442890408	cosine	8.0	8.0	2.0	0.23450882356048283	0.14426833538783368
0.8772458742595363	cosine	8.0	0.0	2.0	0.23028309323591914	0.14865659075244408
-0.03296029221296088	cosine	8.0	6.0	2.0	0.296078262731896	0.0901247100752523
-1.1301786158561151	cosine	8.0	4.0	6.0	0.26801008406912324	0.11257316160194203
0.9245520069640698	cosine	8.0	4.0	8.0	0.20100756305184242	0.1814857225539041
0.35149397524603326	cosine	8.0	2.0	4.0	0.592156525463792	0.0036813837070469946
0.890548134677491	cosine	8.0	4.0	6.0	0.4355163866123253	0.024358800530983115
-0.8247148932421016	cosine	8.0	4.0	6.0	0.36851386559504445	0.04767616394306396
1.9101647578824648	cosine	8.0	0.0	2.0	0.296078262731896	0.0901247100752523
-0.5798237789264965	cosine	8.0	2.0	8.0	0.16750630254320203	0.22419615145873356
0.1453809896156141	cosine	8.0	0.0	4.0	0.4934637712198267	0.01276417380034623
1.785241243036997	cosine	8.0	4.0	2.0	0.36187343222787294	0.05073562797633993
-0.6617191071587489	cosine	8.0	2.0	0.0	0.36187343222787294	0.05073562797633993
0.5834168024061384	cosine	8.0	6.0	8.0	0.36851386559504445	0.04767616394306396
-1.5782234778847364	cosine	8.0	8.0	6.0	0.16750630254320203	0.22419615145873356
-0.5788931992859271	cosine	8.0	6.0	8.0	0.40201512610368484	0.03442252599351862
-1.023404398468607	cosine	8.0	0.0	2.0	0.2631806779839076	0.11680717101068677
0.8464010270785852	cosine	8.0	4.0	6.0	0.23450882356048283	0.14426833538783368
0.7532775949588524	cosine	8.0	6.0	4.0	0.23450882356048283	0.14426833538783368
-0.5956883938974195	cosine	8.0	4.0	6.0	0.40201512610368484	0.03442252599351862
-0.46707868210584796	cosine	8.0	8.0	6.0	0.20100756305184242	0.1814857225539041
-0.14566643887396735	cosine	8.0	8.0	4.0	0.16750630254320203	0.22419615145873356
1.5411559356332687	cosine	8.0	6.0	4.0	0.30151134457776363	0.08619310660327584
0.002661725307322745	cosine	8.0	4.0	2.0	0.2631806779839076	0.11680717101068677
