ID	Waveform	Period	Phase	Nadir	Tau	P
-0.02910924446896587	cosine	24.0	16.0	14.0	0.4242424242424244	0.02742697317621316
-3.2002297659829546	cosine	24.0	10.0	16.0	0.3939393939393941	0.037302414641954044
-0.03190245062854561	cosine	24.0	12.0	14.0	0.45454545454545475	0.019834630913749846
-0.15342850788508663	cosine	24.0	16.0	20.0	0.4848484848484851	0.014106153084401886
0.18134859787000837	cosine	24.0	14.0	16.0	0.3636363636363638	0.04990853551146973
0.6345476642353894	cosine	24.0	6.0	0.0	0.5151515151515154	0.00986438530634296
-1.1653702352476782	cosine	24.0	10.0	8.0	0.4848484848484851	0.014106153084401886
1.1324102711293393	cosine	24.0	8.0	10.0	0.3636363636363638	0.04990853551146973
0.25517371882546824	cosine	24.0	14.0	18.0	0.4848484848484851	0.014106153084401886
0.09830652834933314	cosine	24.0	16.0	12.0	0.3939393939393941	0.037302414641954044
0.4043953197835512	cosine	24.0	18.0	20.0	0.3939393939393941	0.037302414641954044
-0.201480043386833	cosine	24.0	18.0	0.0	0.6969696969696972	0.0008043156973336818
-1.4722222143224541	cosine	24.0	4.0	2.0	0.4848484848484851	0.014106153084401886
-0.38649377895235537	cosine	24.0	20.0	18.0	0.30303030303030315	0.08511721571435177
-1.3974319490350497	cosine	24.0	2.0	6.0	0.3636363636363638	0.04990853551146973
-0.8207223933233216	cosine	24.0	10.0	8.0	0.45454545454545475	0.019834630913749846
-0.36576551785253797	cosine	24.0	22.0	20.0	0.4242424242424244	0.02742697317621316
-0.566348459982238	cosine	24.0	20.0	14.0	0.4242424242424244	0.02742697317621316
1.439412686871029	cosine	24.0	18.0	20.0	0.3939393939393941	0.037302414641954044
1.603930218804714	cosine	24.0	4.0	6.0	0.5454545454545456	0.0067819162397311575
0.3709316902627831	cosine	24.0	10.0	8.0	0.24242424242424254	0.1362855657955242
-1.7241567269917804	cosine	24.0	18.0	20.0	0.3333333333333335	0.06570102610411901
-1.4531885354949383	cosine	24.0	8.0	2.0	0.3939393939393941	0.037302414641954044
-1.0660788432804467	cosine	24.0	18.0	16.0	0.575757575757576	0.004583576838638997
-2.1601068252531004	cosine	24.0	0.0	22.0	0.3333333333333335	0.06570102610411901
-1.795607421436801	cosine	24.0	18.0	14.0	0.24242424242424254	0.1362855657955242
0.6867578807231673	cosine	24.0	20.0	18.0	0.2727272727272728	0.10854448149943507
-0.553765871896051	cosine	24.0	10.0	18.0	0.24242424242424254	0.1362855657955242
-2.2238660693461294	cosine	24.0	0.0	6.0	0.6060606060606063	0.003044944233852819
-0.05181402737022697	cosine	24.0	10.0	8.0	0.6060606060606063	0.003044944233852819
0.6012489967155632	cosine	24.0	18.0	22.0	0.3939393939393941	0.037302414641954044
0.524528860258966	cosine	24.0	22.0	10.0	0.575757575757576	0.004583576838638997
-0.5668657951001161	cosine	24.0	4.0	0.0	0.6363636363636367	0.001988079806063042
0.8009171485795435	cosine	24.0	22.0	20.0	0.45454545454545475	0.019834630913749846
-1.2717920781078509	cosine	24.0	4.0	6.0	0.30303030303030315	0.08511721571435177
0.3444811554106216	cosine	24.0	16.0	0.0	0.3333333333333335	0.06570102610411901
-2.3561620327917914	cosine	24.0	20.0	18.0	0.3636363636363638	0.04990853551146973
-0.5509102819241531	cosine	24.0	20.0	18.0	0.5151515151515154	0.00986438530634296
-0.1490785050694139	cosine	24.0	18.0	14.0	0.4848484848484851	0.014106153084401886
1.3593092860280902	cosine	24.0	6.0	4.0	0.3636363636363638	0.04990853551146973
0.7334912914547843	cosine	24.0	10.0	8.0	0.30303030303030315	0.08511721571435177
-2.18389787720532	cosine	24.0	12.0	8.0	0.5151515151515154	0.00986438530634296
0.344974579096966	cosine	24.0	0.0	10.0	0.3636363636363638	0.04990853551146973
0.011947082855942629	cosine	24.0	16.0	22.0	0.3939393939393941	0.037302414641954044
-0.2339943640923227	cosine	24.0	10.0	14.0	0.666666666666667	0.0012756406460599887
0.3725687043966955	cosine	24.0	10.0	8.0	0.3636363636363638	0.04990853551146973
0.7802254435084671	cosine	24.0	22.0	18.0	0.4848484848484851	0.014106153084401886
-1.4039609732428384	cosine	24.0	18.0	20.0	0.45454545454545475	0.019834630913749846
2.3627989977129022	cosine	24.0	16.0	4.0	0.45454545454545475	0.019834630913749846
1.9411240487012418	cosine	24.0	0.0	8.0	0.4848484848484851	0.014106153084401886
-2.8025792920338053	cosine	24.0	6.0	8.0	0.5151515151515154	0.00986438530634296
0.742219013039619	cosine	24.0	4.0	2.0	0.5454545454545456	0.0067819162397311575
0.13552694039944274	cosine	24.0	18.0	14.0	0.3636363636363638	0.04990853551146973
-0.23529271938362023	cosine	24.0	14.0	16.0	0.7272727272727276	0.0004983045770249599
0.6230143553083433	cosine	24.0	14.0	16.0	0.3636363636363638	0.04990853551146973
-0.24404646259173646	cosine	24.0	2.0	0.0	0.4848484848484851	0.014106153084401886
0.8769437919763347	cosine	24.0	22.0	20.0	0.24242424242424254	0.1362855657955242
-1.228488798496132	cosine	24.0	6.0	2.0	0.30303030303030315	0.08511721571435177
0.5075033884781218	cosine	24.0	4.0	12.0	0.3939393939393941	0.037302414641954044
1.137839450376149	cosine	24.0	10.0	20.0	0.30303030303030315	0.08511721571435177
0.9719655000781399	cosine	24.0	4.0	18.0	0.4848484848484851	0.014106153084401886
1.058441791384541	cosine	24.0	16.0	18.0	0.45454545454545475	0.019834630913749846
-0.6072246823541282	cosine	24.0	2.0	0.0	0.30303030303030315	0.08511721571435177
-0.3099665597816074	cosine	24.0	14.0	16.0	0.2727272727272728	0.10854448149943507
0.18372724414317615	cosine	24.0	12.0	22.0	0.6363636363636367	0.001988079806063042
-0.9184306916689037	cosine	24.0	6.0	4.0	0.24242424242424254	0.1362855657955242
0.5842338195743758	cosine	24.0	0.0	2.0	0.45454545454545475	0.019834630913749846
-0.7011051246680623	cosine	24.0	20.0	22.0	0.3939393939393941	0.037302414641954044
-1.5878580873370944	cosine	24.0	22.0	4.0	0.5151515151515154	0.00986438530634296
-1.3904000014362943	cosine	24.0	10.0	18.0	0.3939393939393941	0.037302414641954044
-1.420443028029278	cosine	24.0	18.0	20.0	0.3333333333333335	0.06570102610411901
0.21791725013176447	cosine	24.0	20.0	16.0	0.5454545454545456	0.0067819162397311575
-0.9408420426326467	cosine	24.0	12.0	10.0	0.3333333333333335	0.06570102610411901
2.1423886397378826	cosine	24.0	4.0	22.0	0.3636363636363638	0.04990853551146973
0.5791397807336979	cosine	24.0	16.0	18.0	0.3939393939393941	0.037302414641954044
1.1147462319129533	cosine	24.0	4.0	6.0	0.45454545454545475	0.019834630913749846
-0.4393432804945446	cosine	24.0	4.0	0.0	0.45454545454545475	0.019834630913749846
0.9066772334881285	cosine	24.0	22.0	0.0	0.3333333333333335	0.06570102610411901
0.43467267869214976	cosine	24.0	6.0	8.0	0.3636363636363638	0.04990853551146973
1.5580897332053096	cosine	24.0	8.0	6.0	0.30303030303030315	0.08511721571435177
-0.7043165170960806	cosine	24.0	0.0	2.0	0.2727272727272728	0.10854448149943507
0.6870067620969891	cosine	24.0	14.0	16.0	0.3333333333333335	0.06570102610411901
-0.8566742398885842	cosine	24.0	6.0	8.0	0.4242424242424244	0.02742697317621316
-1.131915651505885	cosine	24.0	16.0	18.0	0.6363636363636367	0.001988079806063042
0.5137105861932452	cosine	24.0	20.0	2.0	0.6969696969696972	0.0008043156973336818
0.6787045330750978	cosine	24.0	12.0	10.0	0.5454545454545456	0.0067819162397311575
1.151115421404664	cosine	24.0	12.0	14.0	0.3333333333333335	0.06570102610411901
-0.8883128595800251	cosine	24.0	4.0	2.0	0.575757575757576	0.004583576838638997
-0.7697061471400414	cosine	24.0	16.0	6.0	0.3333333333333335	0.06570102610411901
0.3788075036424222	cosine	24.0	8.0	16.0	0.3939393939393941	0.037302414641954044
-0.8339027098410499	cosine	24.0	10.0	8.0	0.3636363636363638	0.04990853551146973
2.1752730267542866	cosine	24.0	18.0	14.0	0.45454545454545475	0.019834630913749846
1.2295483105362053	cosine	24.0	16.0	18.0	0.4242424242424244	0.02742697317621316
0.8544505293749909	cosine	24.0	8.0	6.0	0.3939393939393941	0.037302414641954044
1.3611617539081124	cosine	24.0	14.0	18.0	0.5151515151515154	0.00986438530634296
-0.348479147978614	cosine	24.0	10.0	12.0	0.45454545454545475	0.019834630913749846
-0.5408386926377247	cosine	24.0	0.0	22.0	0.3636363636363638	0.04990853551146973
0.8649952293206481	cosine	24.0	6.0	4.0	0.4242424242424244	0.02742697317621316
0.17535662906946436	cosine	24.0	2.0	4.0	0.3636363636363638	0.04990853551146973
0.5705528773548731	cosine	24.0	0.0	16.0	0.6363636363636367	0.001988079806063042
0.6941564135222589	cosine	24.0	20.0	18.0	0.4242424242424244	0.02742697317621316
-0.9131044783339977	cosine	24.0	12.0	14.0	0.45454545454545475	0.019834630913749846
-0.030117297458553634	cosine	24.0	22.0	16.0	0.3636363636363638	0.04990853551146973
1.1084470175132684	cosine	24.0	2.0	0.0	0.2727272727272728	0.10854448149943507
-0.5551515846607786	cosine	24.0	14.0	16.0	0.3333333333333335	0.06570102610411901
0.13824772580649397	cosine	24.0	18.0	16.0	0.30303030303030315	0.08511721571435177
-1.495405462705458	cosine	24.0	16.0	18.0	0.2727272727272728	0.10854448149943507
-0.27514703624647796	cosine	24.0	10.0	16.0	0.45454545454545475	0.019834630913749846
0.3376710832335907	cosine	24.0	20.0	22.0	0.4848484848484851	0.014106153084401886
-0.7539962603559104	cosine	24.0	4.0	2.0	0.3333333333333335	0.06570102610411901
1.136770509036976	cosine	24.0	20.0	18.0	0.5454545454545456	0.0067819162397311575
0.8470668167085259	cosine	24.0	20.0	6.0	0.3636363636363638	0.04990853551146973
-0.8925102765007971	cosine	24.0	14.0	4.0	0.4848484848484851	0.014106153084401886
-0.16381795634445329	cosine	24.0	0.0	22.0	0.3939393939393941	0.037302414641954044
1.0720908500425408	cosine	24.0	12.0	14.0	0.3636363636363638	0.04990853551146973
0.1611136518180426	cosine	24.0	10.0	8.0	0.45454545454545475	0.019834630913749846
0.1897440247434762	cosine	24.0	6.0	0.0	0.4242424242424244	0.02742697317621316
0.09479248525605402	cosine	24.0	2.0	0.0	0.4242424242424244	0.02742697317621316
0.7962869434882944	cosine	24.0	0.0	4.0	0.3636363636363638	0.04990853551146973
0.13109768309595218	cosine	24.0	8.0	10.0	0.45454545454545475	0.019834630913749846
-1.241839786657355	cosine	24.0	12.0	10.0	0.30303030303030315	0.08511721571435177
-0.6120268023839414	cosine	24.0	14.0	16.0	0.4242424242424244	0.02742697317621316
-0.019645254371695134	cosine	24.0	2.0	4.0	0.3636363636363638	0.04990853551146973
1.4852168339858272	cosine	24.0	0.0	10.0	0.3636363636363638	0.04990853551146973
0.9785885297153604	cosine	24.0	18.0	16.0	0.3939393939393941	0.037302414641954044
-0.09011910314274407	cosine	24.0	0.0	2.0	0.5454545454545456	0.0067819162397311575
2.078357692257977	cosine	24.0	22.0	18.0	0.4848484848484851	0.014106153084401886
1.0070915871795576	cosine	24.0	22.0	2.0	0.24242424242424254	0.1362855657955242
0.20328732601800328	cosine	24.0	4.0	8.0	0.24242424242424254	0.1362855657955242
-0.9476919697089536	cosine	24.0	6.0	4.0	0.30303030303030315	0.08511721571435177
0.15687279158136694	cosine	24.0	12.0	8.0	0.30303030303030315	0.08511721571435177
-0.27100158006222475	cosine	24.0	12.0	16.0	0.4848484848484851	0.014106153084401886
-2.439840148532277	cosine	24.0	22.0	20.0	0.5151515151515154	0.00986438530634296
-1.5150170982169484	cosine	24.0	14.0	12.0	0.1818181818181819	0.20529080418760415
-1.3757756362441813	cosine	24.0	20.0	0.0	0.575757575757576	0.004583576838638997
0.8417755606767575	cosine	24.0	14.0	12.0	0.5454545454545456	0.0067819162397311575
1.540650321962673	cosine	24.0	22.0	12.0	0.45454545454545475	0.019834630913749846
-0.7475132188531954	cosine	24.0	18.0	16.0	0.30303030303030315	0.08511721571435177
-0.36247101585250746	cosine	24.0	14.0	12.0	0.5151515151515154	0.00986438530634296
2.7460367548583227	cosine	24.0	10.0	12.0	0.3636363636363638	0.04990853551146973
0.7772046126208231	cosine	24.0	8.0	10.0	0.3333333333333335	0.06570102610411901
-0.6371461646126706	cosine	24.0	14.0	2.0	0.45454545454545475	0.019834630913749846
-0.04778098916444373	cosine	24.0	12.0	16.0	0.6060606060606063	0.003044944233852819
0.8320249769940805	cosine	24.0	0.0	22.0	0.4848484848484851	0.014106153084401886
0.13673454438266075	cosine	24.0	10.0	8.0	0.3333333333333335	0.06570102610411901
0.4590194062486428	cosine	24.0	4.0	20.0	0.45454545454545475	0.019834630913749846
-1.9030829922203063	cosine	24.0	22.0	0.0	0.2121212121212122	0.16852366968754684
0.41845037750299247	cosine	24.0	0.0	22.0	0.4242424242424244	0.02742697317621316
-1.3861553154902573	cosine	24.0	22.0	20.0	0.3939393939393941	0.037302414641954044
-0.43575934715641457	cosine	24.0	18.0	14.0	0.3333333333333335	0.06570102610411901
0.8760913477248743	cosine	24.0	2.0	4.0	0.5454545454545456	0.0067819162397311575
0.7458044297956252	cosine	24.0	2.0	20.0	0.3939393939393941	0.037302414641954044
-1.5028142510565292	cosine	24.0	16.0	12.0	0.3939393939393941	0.037302414641954044
0.6309048944424275	cosine	24.0	0.0	20.0	0.5454545454545456	0.0067819162397311575
-1.0749495467276906	cosine	24.0	22.0	12.0	0.45454545454545475	0.019834630913749846
0.39547743699610244	cosine	24.0	10.0	8.0	0.4848484848484851	0.014106153084401886
-0.4752546392995916	cosine	24.0	0.0	2.0	0.3939393939393941	0.037302414641954044
0.06993453785596633	cosine	24.0	8.0	10.0	0.4242424242424244	0.02742697317621316
0.4228917644716417	cosine	24.0	14.0	16.0	0.3333333333333335	0.06570102610411901
1.5477970329177073	cosine	24.0	4.0	2.0	0.4848484848484851	0.014106153084401886
-0.2665137145639216	cosine	24.0	6.0	4.0	0.3939393939393941	0.037302414641954044
-0.9182675698153759	cosine	24.0	18.0	20.0	0.4242424242424244	0.02742697317621316
-0.17658210884412268	cosine	24.0	22.0	12.0	0.5151515151515154	0.00986438530634296
-2.409918371290349	cosine	24.0	10.0	8.0	0.5454545454545456	0.0067819162397311575
0.2638474116009635	cosine	24.0	16.0	0.0	0.4242424242424244	0.02742697317621316
-1.4888435709796262	cosine	24.0	0.0	2.0	0.666666666666667	0.0012756406460599887
1.4507554482889273	cosine	24.0	20.0	18.0	0.2727272727272728	0.10854448149943507
-0.8330902792025322	cosine	24.0	22.0	20.0	0.4242424242424244	0.02742697317621316
1.1229828949894685	cosine	24.0	2.0	6.0	0.45454545454545475	0.019834630913749846
0.1608019076442455	cosine	24.0	16.0	14.0	0.3636363636363638	0.04990853551146973
1.0234129158663836	cosine	24.0	0.0	22.0	0.45454545454545475	0.019834630913749846
1.0613201423140868	cosine	24.0	12.0	2.0	0.4848484848484851	0.014106153084401886
0.8544475513800277	cosine	24.0	22.0	0.0	0.575757575757576	0.004583576838638997
1.515979206717809	cosine	24.0	22.0	6.0	0.3636363636363638	0.04990853551146973
1.115607698353365	cosine	24.0	16.0	2.0	0.6060606060606063	0.003044944233852819
-1.3922696641991654	cosine	24.0	8.0	10.0	0.2727272727272728	0.10854448149943507
-0.42349216391767625	cosine	24.0	20.0	16.0	0.3333333333333335	0.06570102610411901
1.6157701971285239	cosine	24.0	0.0	2.0	0.45454545454545475	0.019834630913749846
-0.3117214242435285	cosine	24.0	8.0	10.0	0.3939393939393941	0.037302414641954044
0.07741418596540471	cosine	24.0	10.0	8.0	0.45454545454545475	0.019834630913749846
0.4551077605786775	cosine	24.0	6.0	4.0	0.3333333333333335	0.06570102610411901
1.928635003310752	cosine	24.0	16.0	12.0	0.30303030303030315	0.08511721571435177
0.3426171532830629	cosine	24.0	12.0	14.0	0.45454545454545475	0.019834630913749846
-0.415308401324785	cosine	24.0	16.0	10.0	0.45454545454545475	0.019834630913749846
-0.789657246210736	cosine	24.0	4.0	8.0	0.5454545454545456	0.0067819162397311575
-1.1794710627630154	cosine	24.0	14.0	12.0	0.30303030303030315	0.08511721571435177
1.2336449150809223	cosine	24.0	22.0	2.0	0.30303030303030315	0.08511721571435177
-0.8564893065658099	cosine	24.0	2.0	18.0	0.575757575757576	0.004583576838638997
-0.36776448312887555	cosine	24.0	22.0	20.0	0.575757575757576	0.004583576838638997
2.3814212409064495	cosine	24.0	10.0	4.0	0.5454545454545456	0.0067819162397311575
1.4161617219575486	cosine	24.0	4.0	20.0	0.3333333333333335	0.06570102610411901
0.8039603180401895	cosine	24.0	2.0	4.0	0.3333333333333335	0.06570102610411901
0.6252460421473367	cosine	24.0	2.0	4.0	0.5454545454545456	0.0067819162397311575
-0.5912976212619013	cosine	24.0	10.0	12.0	0.2727272727272728	0.10854448149943507
-1.0986576216949357	cosine	24.0	18.0	6.0	0.575757575757576	0.004583576838638997
0.6383304629801014	cosine	24.0	4.0	2.0	0.666666666666667	0.0012756406460599887
0.48548660645530456	cosine	24.0	2.0	8.0	0.2727272727272728	0.10854448149943507
-0.3682422981946452	cosine	24.0	10.0	4.0	0.5454545454545456	0.0067819162397311575
-1.5972550421566254	cosine	24.0	8.0	10.0	0.3333333333333335	0.06570102610411901
-0.11784951109843855	cosine	24.0	14.0	12.0	0.30303030303030315	0.08511721571435177
-1.0448745550247496	cosine	24.0	16.0	22.0	0.6060606060606063	0.003044944233852819
-0.14795720436116655	cosine	24.0	12.0	14.0	0.5151515151515154	0.00986438530634296
-0.7850116668043016	cosine	24.0	4.0	2.0	0.4242424242424244	0.02742697317621316
1.2257867460384289	cosine	24.0	12.0	14.0	0.4242424242424244	0.02742697317621316
0.7854715231670805	cosine	24.0	22.0	2.0	0.3939393939393941	0.037302414641954044
0.6987619013734815	cosine	24.0	16.0	2.0	0.45454545454545475	0.019834630913749846
-1.2160937914024283	cosine	24.0	2.0	4.0	0.30303030303030315	0.08511721571435177
-0.763043639086269	cosine	24.0	12.0	14.0	0.3636363636363638	0.04990853551146973
2.0669378368413276	cosine	24.0	18.0	16.0	0.6363636363636367	0.001988079806063042
1.260353939994371	cosine	24.0	12.0	14.0	0.5151515151515154	0.00986438530634296
-1.104868933426882	cosine	24.0	18.0	10.0	0.3939393939393941	0.037302414641954044
-0.11591994117845468	cosine	24.0	2.0	4.0	0.6060606060606063	0.003044944233852819
0.8843611138190166	cosine	24.0	6.0	4.0	0.30303030303030315	0.08511721571435177
1.921343325550739	cosine	24.0	14.0	12.0	0.3333333333333335	0.06570102610411901
0.37454563024494814	cosine	24.0	12.0	16.0	0.3939393939393941	0.037302414641954044
-1.102788630117875	cosine	24.0	22.0	20.0	0.3636363636363638	0.04990853551146973
0.2842643870063874	cosine	24.0	4.0	6.0	0.3636363636363638	0.04990853551146973
-1.4765797359962605	cosine	24.0	6.0	4.0	0.5151515151515154	0.00986438530634296
0.4758520508226046	cosine	24.0	2.0	0.0	0.5151515151515154	0.00986438530634296
-1.2400629540620627	cosine	24.0	8.0	6.0	0.30303030303030315	0.08511721571435177
1.0953130173592283	cosine	24.0	22.0	20.0	0.30303030303030315	0.08511721571435177
-0.06658503446109684	cosine	24.0	10.0	12.0	0.666666666666667	0.0012756406460599887
-1.462620367835339	cosine	24.0	18.0	4.0	0.4242424242424244	0.02742697317621316
1.7391789006843894	cosine	24.0	6.0	4.0	0.30303030303030315	0.08511721571435177
-0.8599829626745484	cosine	24.0	4.0	2.0	0.30303030303030315	0.08511721571435177
-1.014586750000009	cosine	24.0	14.0	18.0	0.3939393939393941	0.037302414641954044
1.5716998860188487	cosine	24.0	16.0	18.0	0.45454545454545475	0.019834630913749846
-0.1445615160381938	cosine	24.0	14.0	22.0	0.4242424242424244	0.02742697317621316
0.2573351438454346	cosine	24.0	10.0	12.0	0.4848484848484851	0.014106153084401886
0.27214009819394613	cosine	24.0	22.0	0.0	0.3333333333333335	0.06570102610411901
1.1239498679537032	cosine	24.0	14.0	16.0	0.2727272727272728	0.10854448149943507
0.7687020762065641	cosine	24.0	8.0	6.0	0.30303030303030315	0.08511721571435177
-0.19624065032115542	cosine	24.0	10.0	22.0	0.3939393939393941	0.037302414641954044
-1.3081825387144175	cosine	24.0	2.0	18.0	0.5454545454545456	0.0067819162397311575
0.8654357214207492	cosine	24.0	22.0	16.0	0.5454545454545456	0.0067819162397311575
0.17014440815310355	cosine	24.0	18.0	20.0	0.3636363636363638	0.04990853551146973
-0.07610136773925671	cosine	24.0	8.0	6.0	0.5151515151515154	0.00986438530634296
0.7080206912227394	cosine	24.0	22.0	2.0	0.575757575757576	0.004583576838638997
-0.005401242019638601	cosine	24.0	8.0	6.0	0.4242424242424244	0.02742697317621316
1.8781361545985864	cosine	24.0	2.0	16.0	0.3939393939393941	0.037302414641954044
0.3939366485334172	cosine	24.0	20.0	16.0	0.30303030303030315	0.08511721571435177
-0.10296725534190458	cosine	24.0	22.0	20.0	0.6363636363636367	0.001988079806063042
-0.44464478237092026	cosine	24.0	16.0	14.0	0.3333333333333335	0.06570102610411901
-0.24881312356836696	cosine	24.0	22.0	0.0	0.3636363636363638	0.04990853551146973
0.6209662966081962	cosine	24.0	10.0	22.0	0.45454545454545475	0.019834630913749846
-1.4973116938666327	cosine	24.0	12.0	10.0	0.5454545454545456	0.0067819162397311575
1.5764356210192965	cosine	24.0	2.0	8.0	0.6363636363636367	0.001988079806063042
0.13271761386652567	cosine	24.0	4.0	6.0	0.3636363636363638	0.04990853551146973
-0.581178164651209	cosine	24.0	18.0	22.0	0.4242424242424244	0.02742697317621316
-0.7345988363757586	cosine	24.0	10.0	16.0	0.4242424242424244	0.02742697317621316
-0.003992089311024487	cosine	24.0	12.0	8.0	0.4242424242424244	0.02742697317621316
1.2511244186522836	cosine	24.0	18.0	16.0	0.6060606060606063	0.003044944233852819
0.24051322169724043	cosine	24.0	14.0	12.0	0.30303030303030315	0.08511721571435177
-0.6043112220233463	cosine	24.0	2.0	22.0	0.575757575757576	0.004583576838638997
1.6091664169422473	cosine	24.0	14.0	12.0	0.3333333333333335	0.06570102610411901
-0.1495694089294214	cosine	24.0	16.0	14.0	0.30303030303030315	0.08511721571435177
0.685206763328933	cosine	24.0	0.0	4.0	0.4242424242424244	0.02742697317621316
0.10980550915243785	cosine	24.0	12.0	14.0	0.30303030303030315	0.08511721571435177
-1.2084162784973367	cosine	24.0	14.0	12.0	0.5151515151515154	0.00986438530634296
0.04370525584590262	cosine	24.0	12.0	14.0	0.2727272727272728	0.10854448149943507
-0.21152852469682754	cosine	24.0	8.0	10.0	0.666666666666667	0.0012756406460599887
0.03456030147112836	cosine	24.0	16.0	8.0	0.7575757575757579	0.000303320964553055
-0.7465582103765965	cosine	24.0	16.0	18.0	0.4242424242424244	0.02742697317621316
1.5408019641520894	cosine	24.0	6.0	4.0	0.5454545454545456	0.0067819162397311575
-0.18391789461334354	cosine	24.0	16.0	18.0	0.3939393939393941	0.037302414641954044
-2.2596080254670543	cosine	24.0	16.0	18.0	0.3939393939393941	0.037302414641954044
0.5905923953700911	cosine	24.0	2.0	6.0	0.3939393939393941	0.037302414641954044
0.9653274079462186	cosine	24.0	4.0	0.0	0.6969696969696972	0.0008043156973336818
0.7019596724322253	cosine	24.0	14.0	16.0	0.30303030303030315	0.08511721571435177
1.0239815400220982	cosine	24.0	12.0	16.0	0.6060606060606063	0.003044944233852819
0.8289028576287103	cosine	24.0	14.0	12.0	0.4242424242424244	0.02742697317621316
2.2459938846815883	cosine	24.0	12.0	16.0	0.4242424242424244	0.02742697317621316
0.31490458009502115	cosine	24.0	10.0	4.0	0.5454545454545456	0.0067819162397311575
1.350544945732085	cosine	24.0	8.0	6.0	0.3636363636363638	0.04990853551146973
0.6793086423190405	cosine	24.0	8.0	10.0	0.30303030303030315	0.08511721571435177
-0.06594542300014951	cosine	24.0	20.0	18.0	0.4848484848484851	0.014106153084401886
-0.8468013170037829	cosine	24.0	18.0	20.0	0.666666666666667	0.0012756406460599887
1.3079191025165864	cosine	24.0	6.0	4.0	0.2727272727272728	0.10854448149943507
-1.8756274401553028	cosine	24.0	18.0	20.0	0.3939393939393941	0.037302414641954044
-0.42481851058411463	cosine	24.0	18.0	20.0	0.4848484848484851	0.014106153084401886
2.1624725471741946	cosine	24.0	22.0	0.0	0.3636363636363638	0.04990853551146973
0.3545833315142358	cosine	24.0	8.0	14.0	0.3939393939393941	0.037302414641954044
-0.8954005137289953	cosine	24.0	4.0	0.0	0.3939393939393941	0.037302414641954044
2.3335189255948894	cosine	24.0	0.0	22.0	0.30303030303030315	0.08511721571435177
0.8849571024763941	cosine	24.0	14.0	16.0	0.3636363636363638	0.04990853551146973
1.4542129277373694	cosine	24.0	2.0	6.0	0.5454545454545456	0.0067819162397311575
-0.6027071652271241	cosine	24.0	4.0	0.0	0.3636363636363638	0.04990853551146973
-0.2639202217247059	cosine	24.0	4.0	6.0	0.3939393939393941	0.037302414641954044
-0.4942850125880973	cosine	24.0	22.0	12.0	0.6363636363636367	0.001988079806063042
-1.1502105850028952	cosine	24.0	2.0	20.0	0.5454545454545456	0.0067819162397311575
-1.131175686587859	cosine	24.0	4.0	2.0	0.3333333333333335	0.06570102610411901
1.3673822157419115	cosine	24.0	22.0	6.0	0.6363636363636367	0.001988079806063042
-1.289717190313729	cosine	24.0	2.0	0.0	0.3333333333333335	0.06570102610411901
0.73667977429315	cosine	24.0	4.0	6.0	0.3939393939393941	0.037302414641954044
-0.4131872664945503	cosine	24.0	4.0	6.0	0.5454545454545456	0.0067819162397311575
2.1565216515167944	cosine	24.0	4.0	22.0	0.4242424242424244	0.02742697317621316
-0.8681290749869964	cosine	24.0	16.0	14.0	0.5151515151515154	0.00986438530634296
1.8447202980819553	cosine	24.0	6.0	20.0	0.3636363636363638	0.04990853551146973
0.34362469392618383	cosine	24.0	4.0	6.0	0.3636363636363638	0.04990853551146973
0.37255765889642656	cosine	24.0	20.0	18.0	0.45454545454545475	0.019834630913749846
1.2748915582539075	cosine	24.0	18.0	20.0	0.2727272727272728	0.10854448149943507
-0.7304150226218645	cosine	24.0	0.0	2.0	0.4242424242424244	0.02742697317621316
0.061324142661144734	cosine	24.0	16.0	10.0	0.3333333333333335	0.06570102610411901
-0.017355396678686137	cosine	24.0	18.0	16.0	0.3939393939393941	0.037302414641954044
0.25848597724929356	cosine	24.0	8.0	10.0	0.6060606060606063	0.003044944233852819
0.33277146893319465	cosine	24.0	0.0	12.0	0.4848484848484851	0.014106153084401886
-2.737371424526085	cosine	24.0	16.0	18.0	0.30303030303030315	0.08511721571435177
-0.19324264001600946	cosine	24.0	4.0	2.0	0.3939393939393941	0.037302414641954044
-1.0725751919813884	cosine	24.0	16.0	18.0	0.4848484848484851	0.014106153084401886
-0.5700160134948609	cosine	24.0	8.0	12.0	0.4242424242424244	0.02742697317621316
2.3612755766245166	cosine	24.0	0.0	22.0	0.3939393939393941	0.037302414641954044
1.1614278334016415	cosine	24.0	16.0	20.0	0.3939393939393941	0.037302414641954044
0.17193181607855476	cosine	24.0	12.0	20.0	0.4242424242424244	0.02742697317621316
0.7810694585663391	cosine	24.0	14.0	12.0	0.3636363636363638	0.04990853551146973
-0.26897432329458787	cosine	24.0	10.0	8.0	0.30303030303030315	0.08511721571435177
1.503558228114094	cosine	24.0	16.0	14.0	0.30303030303030315	0.08511721571435177
-0.19496979962336877	cosine	24.0	6.0	8.0	0.3636363636363638	0.04990853551146973
0.8179063258919156	cosine	24.0	12.0	14.0	0.3939393939393941	0.037302414641954044
0.46172021106185496	cosine	24.0	22.0	0.0	0.3333333333333335	0.06570102610411901
0.5362989857422985	cosine	24.0	4.0	20.0	0.5454545454545456	0.0067819162397311575
-0.7960140735858249	cosine	24.0	20.0	4.0	0.6363636363636367	0.001988079806063042
2.086349466646107	cosine	24.0	8.0	6.0	0.6363636363636367	0.001988079806063042
0.07685898198480028	cosine	24.0	10.0	12.0	0.30303030303030315	0.08511721571435177
0.9492254500327959	cosine	24.0	12.0	10.0	0.3636363636363638	0.04990853551146973
0.6851839623849768	cosine	24.0	18.0	8.0	0.666666666666667	0.0012756406460599887
1.8248497037401614	cosine	24.0	8.0	6.0	0.5151515151515154	0.00986438530634296
-0.1653532517238274	cosine	24.0	0.0	20.0	0.575757575757576	0.004583576838638997
0.051195767118839865	cosine	24.0	16.0	22.0	0.5454545454545456	0.0067819162397311575
0.2785581118749972	cosine	24.0	10.0	12.0	0.45454545454545475	0.019834630913749846
-0.439085709541143	cosine	24.0	16.0	14.0	0.3636363636363638	0.04990853551146973
0.14558232587753953	cosine	24.0	8.0	10.0	0.4242424242424244	0.02742697317621316
-0.8877067154387714	cosine	24.0	18.0	20.0	0.5151515151515154	0.00986438530634296
-0.17075441421420184	cosine	24.0	22.0	20.0	0.30303030303030315	0.08511721571435177
-0.9151366335700915	cosine	24.0	12.0	10.0	0.5151515151515154	0.00986438530634296
1.4010513856106275	cosine	24.0	6.0	10.0	0.575757575757576	0.004583576838638997
1.076596871544517	cosine	24.0	20.0	14.0	0.2727272727272728	0.10854448149943507
-1.5307210920534062	cosine	24.0	8.0	20.0	0.3939393939393941	0.037302414641954044
-0.6922294433618033	cosine	24.0	8.0	14.0	0.6363636363636367	0.001988079806063042
-0.5451407930187565	cosine	24.0	2.0	6.0	0.6060606060606063	0.003044944233852819
-0.9012955916547455	cosine	24.0	14.0	16.0	0.5151515151515154	0.00986438530634296
0.2543254239255839	cosine	24.0	6.0	4.0	0.45454545454545475	0.019834630913749846
-0.49859026374957405	cosine	24.0	4.0	2.0	0.5151515151515154	0.00986438530634296
0.9421613451936693	cosine	24.0	14.0	12.0	0.575757575757576	0.004583576838638997
-0.1524305149489827	cosine	24.0	22.0	20.0	0.5151515151515154	0.00986438530634296
2.406731716579565	cosine	24.0	0.0	22.0	0.4848484848484851	0.014106153084401886
0.743075941593675	cosine	24.0	0.0	8.0	0.5454545454545456	0.0067819162397311575
0.05296655218136672	cosine	24.0	6.0	2.0	0.5454545454545456	0.0067819162397311575
-0.6581743499003244	cosine	24.0	12.0	10.0	0.4242424242424244	0.02742697317621316
-0.698516334731341	cosine	24.0	4.0	2.0	0.575757575757576	0.004583576838638997
-0.7861840223217809	cosine	24.0	22.0	0.0	0.4848484848484851	0.014106153084401886
2.0572030043750416	cosine	24.0	4.0	6.0	0.3939393939393941	0.037302414641954044
-0.046153647606525156	cosine	24.0	2.0	22.0	0.45454545454545475	0.019834630913749846
1.2039269793572378	cosine	24.0	8.0	6.0	0.3636363636363638	0.04990853551146973
1.3437849216582802	cosine	24.0	10.0	8.0	0.3939393939393941	0.037302414641954044
-0.6391589083923559	cosine	24.0	14.0	6.0	0.45454545454545475	0.019834630913749846
-0.6555127223071056	cosine	24.0	20.0	18.0	0.45454545454545475	0.019834630913749846
-0.22167713130570496	cosine	24.0	12.0	8.0	0.30303030303030315	0.08511721571435177
1.8345811065107689	cosine	24.0	2.0	4.0	0.30303030303030315	0.08511721571435177
1.1245195754788366	cosine	24.0	0.0	2.0	0.4848484848484851	0.014106153084401886
-1.4816830705274306	cosine	24.0	18.0	16.0	0.5151515151515154	0.00986438530634296
-0.005551202941023228	cosine	24.0	18.0	16.0	0.45454545454545475	0.019834630913749846
1.7963344994422616	cosine	24.0	2.0	4.0	0.30303030303030315	0.08511721571435177
0.5608492221961155	cosine	24.0	0.0	4.0	0.4242424242424244	0.02742697317621316
1.9792821232876647	cosine	24.0	14.0	12.0	0.4242424242424244	0.02742697317621316
-1.597231273039255	cosine	24.0	0.0	8.0	0.5454545454545456	0.0067819162397311575
-0.7765474163756501	cosine	24.0	18.0	4.0	0.30303030303030315	0.08511721571435177
-1.4237447092644282	cosine	24.0	10.0	12.0	0.575757575757576	0.004583576838638997
-0.9967291630435385	cosine	24.0	14.0	12.0	0.5151515151515154	0.00986438530634296
0.0036527587347880697	cosine	24.0	14.0	0.0	0.45454545454545475	0.019834630913749846
0.0628535712341641	cosine	24.0	2.0	0.0	0.3333333333333335	0.06570102610411901
0.992348418189122	cosine	24.0	22.0	0.0	0.575757575757576	0.004583576838638997
0.38538324267766794	cosine	24.0	6.0	8.0	0.30303030303030315	0.08511721571435177
0.46732398751112864	cosine	24.0	12.0	6.0	0.4242424242424244	0.02742697317621316
-0.4916197851152158	cosine	24.0	22.0	0.0	0.4848484848484851	0.014106153084401886
0.7430609280386465	cosine	24.0	10.0	4.0	0.4242424242424244	0.02742697317621316
-1.4603452315572254	cosine	24.0	6.0	14.0	0.5151515151515154	0.00986438530634296
0.8832859727093407	cosine	24.0	12.0	16.0	0.6060606060606063	0.003044944233852819
-0.5962106763643762	cosine	24.0	2.0	0.0	0.4848484848484851	0.014106153084401886
0.4104754006481464	cosine	24.0	16.0	10.0	0.4242424242424244	0.02742697317621316
1.8240420282581067	cosine	24.0	6.0	2.0	0.3333333333333335	0.06570102610411901
0.7772662007332249	cosine	24.0	22.0	4.0	0.3333333333333335	0.06570102610411901
-2.08806536115941	cosine	24.0	20.0	18.0	0.24242424242424254	0.1362855657955242
0.8412167235752253	cosine	24.0	2.0	18.0	0.4848484848484851	0.014106153084401886
-1.212217264838455	cosine	24.0	10.0	8.0	0.45454545454545475	0.019834630913749846
-2.38542587456018	cosine	24.0	4.0	2.0	0.24242424242424254	0.1362855657955242
-0.4703571902403017	cosine	24.0	16.0	2.0	0.4242424242424244	0.02742697317621316
2.4518372896252734	cosine	24.0	22.0	20.0	0.3333333333333335	0.06570102610411901
-0.8361387135332602	cosine	24.0	16.0	14.0	0.3333333333333335	0.06570102610411901
-2.1699592875875027	cosine	24.0	4.0	6.0	0.45454545454545475	0.019834630913749846
-0.47043229130012987	cosine	24.0	14.0	20.0	0.5151515151515154	0.00986438530634296
1.2959169124113916	cosine	24.0	14.0	16.0	0.5454545454545456	0.0067819162397311575
-0.14077153400373335	cosine	24.0	4.0	0.0	0.3939393939393941	0.037302414641954044
-1.0980016464914883	cosine	24.0	16.0	2.0	0.4848484848484851	0.014106153084401886
-1.1772622536690602	cosine	24.0	12.0	16.0	0.3939393939393941	0.037302414641954044
0.9174377054677793	cosine	24.0	0.0	4.0	0.5151515151515154	0.00986438530634296
0.4643941125333975	cosine	24.0	8.0	0.0	0.3939393939393941	0.037302414641954044
1.223835558098047	cosine	24.0	6.0	4.0	0.4242424242424244	0.02742697317621316
-1.1237266789798186	cosine	24.0	12.0	10.0	0.5454545454545456	0.0067819162397311575
1.2062400184898248	cosine	24.0	16.0	14.0	0.3939393939393941	0.037302414641954044
-0.35259296378105004	cosine	24.0	8.0	10.0	0.3333333333333335	0.06570102610411901
1.2434036716356591	cosine	24.0	2.0	4.0	0.4242424242424244	0.02742697317621316
-0.21736735402189838	cosine	24.0	20.0	22.0	0.575757575757576	0.004583576838638997
-2.884021120266611	cosine	24.0	4.0	16.0	0.3636363636363638	0.04990853551146973
-1.1411660234490686	cosine	24.0	4.0	8.0	0.4848484848484851	0.014106153084401886
0.06837522542570804	cosine	24.0	12.0	20.0	0.4848484848484851	0.014106153084401886
-1.6586635122145637	cosine	24.0	20.0	22.0	0.4848484848484851	0.014106153084401886
-0.30938648407786085	cosine	24.0	0.0	8.0	0.575757575757576	0.004583576838638997
0.49637845292990357	cosine	24.0	2.0	22.0	0.4242424242424244	0.02742697317621316
-0.04710165918299406	cosine	24.0	6.0	12.0	0.45454545454545475	0.019834630913749846
1.0959381918933346	cosine	24.0	8.0	6.0	0.3333333333333335	0.06570102610411901
-0.5796551543214487	cosine	24.0	2.0	4.0	0.4242424242424244	0.02742697317621316
-1.6509571386859887	cosine	24.0	22.0	0.0	0.3333333333333335	0.06570102610411901
-1.0589863600596077	cosine	24.0	20.0	12.0	0.30303030303030315	0.08511721571435177
0.6257946675287166	cosine	24.0	18.0	20.0	0.4242424242424244	0.02742697317621316
0.7198537437430212	cosine	24.0	6.0	12.0	0.6363636363636367	0.001988079806063042
-1.8366403840699588	cosine	24.0	20.0	22.0	0.3636363636363638	0.04990853551146973
0.5764283419083649	cosine	24.0	2.0	0.0	0.5454545454545456	0.0067819162397311575
-1.0538670830187586	cosine	24.0	8.0	4.0	0.6969696969696972	0.0008043156973336818
-1.1197030716795007	cosine	24.0	20.0	22.0	0.30303030303030315	0.08511721571435177
-0.7074088127744186	cosine	24.0	6.0	2.0	0.575757575757576	0.004583576838638997
-1.0986011698894929	cosine	24.0	12.0	10.0	0.45454545454545475	0.019834630913749846
-1.8847541662796148	cosine	24.0	20.0	22.0	0.6363636363636367	0.001988079806063042
-0.1951812067869395	cosine	24.0	2.0	4.0	0.3939393939393941	0.037302414641954044
1.6693992448710602	cosine	24.0	18.0	16.0	0.3333333333333335	0.06570102610411901
0.6617854467202524	cosine	24.0	6.0	4.0	0.3333333333333335	0.06570102610411901
0.22897589807050306	cosine	24.0	8.0	14.0	0.4848484848484851	0.014106153084401886
-0.9108492184113932	cosine	24.0	22.0	10.0	0.3939393939393941	0.037302414641954044
0.20158352949991434	cosine	24.0	12.0	8.0	0.5454545454545456	0.0067819162397311575
0.30583001181138625	cosine	24.0	0.0	8.0	0.3939393939393941	0.037302414641954044
0.14343657687065967	cosine	24.0	0.0	22.0	0.45454545454545475	0.019834630913749846
-0.46764587320645834	cosine	24.0	6.0	18.0	0.45454545454545475	0.019834630913749846
0.2587125926011438	cosine	24.0	8.0	18.0	0.5151515151515154	0.00986438530634296
0.006294966807079174	cosine	24.0	16.0	14.0	0.30303030303030315	0.08511721571435177
-1.7519849023261667	cosine	24.0	12.0	16.0	0.3939393939393941	0.037302414641954044
0.440940501479783	cosine	24.0	0.0	22.0	0.30303030303030315	0.08511721571435177
-0.749031071486045	cosine	24.0	4.0	18.0	0.5454545454545456	0.0067819162397311575
1.2163211378522176	cosine	24.0	0.0	2.0	0.2727272727272728	0.10854448149943507
0.5534348001335727	cosine	24.0	12.0	14.0	0.4848484848484851	0.014106153084401886
0.06844180513933909	cosine	24.0	4.0	0.0	0.3939393939393941	0.037302414641954044
-0.0009491781052549224	cosine	24.0	14.0	22.0	0.5454545454545456	0.0067819162397311575
0.8963833631157289	cosine	24.0	18.0	14.0	0.4242424242424244	0.02742697317621316
-0.5109848337456181	cosine	24.0	2.0	4.0	0.30303030303030315	0.08511721571435177
-0.8499811981433514	cosine	24.0	0.0	4.0	0.6060606060606063	0.003044944233852819
0.590658917080288	cosine	24.0	12.0	20.0	0.575757575757576	0.004583576838638997
-0.3001708005185891	cosine	24.0	16.0	14.0	0.4242424242424244	0.02742697317621316
2.4856122895438175	cosine	24.0	12.0	10.0	0.4848484848484851	0.014106153084401886
-0.6121675706670314	cosine	24.0	6.0	4.0	0.30303030303030315	0.08511721571435177
0.39866581514956845	cosine	24.0	0.0	4.0	0.3636363636363638	0.04990853551146973
0.5122828341832434	cosine	24.0	16.0	14.0	0.2727272727272728	0.10854448149943507
0.09024102827832974	cosine	24.0	20.0	0.0	0.2121212121212122	0.16852366968754684
1.3584851159806495	cosine	24.0	14.0	22.0	0.45454545454545475	0.019834630913749846
0.0038091359105426365	cosine	24.0	20.0	18.0	0.4242424242424244	0.02742697317621316
1.1918977680967153	cosine	24.0	8.0	10.0	0.3636363636363638	0.04990853551146973
-0.18764278646263388	cosine	24.0	20.0	18.0	0.4848484848484851	0.014106153084401886
0.11936542372668117	cosine	24.0	2.0	0.0	0.3636363636363638	0.04990853551146973
0.431575986944441	cosine	24.0	20.0	18.0	0.4242424242424244	0.02742697317621316
-1.296338379089776	cosine	24.0	10.0	18.0	0.45454545454545475	0.019834630913749846
-1.40915720838991	cosine	24.0	2.0	0.0	0.45454545454545475	0.019834630913749846
-0.43590557690149084	cosine	24.0	16.0	18.0	0.4242424242424244	0.02742697317621316
-0.9891231742531401	cosine	24.0	4.0	2.0	0.5454545454545456	0.0067819162397311575
0.18363142035838362	cosine	24.0	0.0	22.0	0.30303030303030315	0.08511721571435177
-0.7705395838099052	cosine	24.0	0.0	22.0	0.3636363636363638	0.04990853551146973
-0.5094004609759766	cosine	24.0	22.0	2.0	0.4848484848484851	0.014106153084401886
-1.2186109684980726	cosine	24.0	10.0	6.0	0.3939393939393941	0.037302414641954044
1.4809113169982155	cosine	24.0	10.0	6.0	0.4848484848484851	0.014106153084401886
-0.2523389378998278	cosine	24.0	10.0	12.0	0.3333333333333335	0.06570102610411901
-2.0520855728325196	cosine	24.0	18.0	20.0	0.3939393939393941	0.037302414641954044
-0.06735017522478799	cosine	24.0	20.0	22.0	0.3333333333333335	0.06570102610411901
1.6219315893955566	cosine	24.0	6.0	8.0	0.30303030303030315	0.08511721571435177
0.4506732852986413	cosine	24.0	2.0	16.0	0.30303030303030315	0.08511721571435177
0.6635485885523844	cosine	24.0	10.0	14.0	0.4848484848484851	0.014106153084401886
0.9495206014428417	cosine	24.0	12.0	10.0	0.5151515151515154	0.00986438530634296
1.60436282546735	cosine	24.0	4.0	2.0	0.3636363636363638	0.04990853551146973
-0.6399444005043836	cosine	24.0	18.0	20.0	0.4242424242424244	0.02742697317621316
-1.1904392067236886	cosine	24.0	8.0	14.0	0.3636363636363638	0.04990853551146973
0.6799641036304538	cosine	24.0	6.0	10.0	0.30303030303030315	0.08511721571435177
0.7180878315740735	cosine	24.0	10.0	14.0	0.4848484848484851	0.014106153084401886
-0.0567855989804166	cosine	24.0	18.0	8.0	0.6363636363636367	0.001988079806063042
-1.8919921932354744	cosine	24.0	20.0	22.0	0.45454545454545475	0.019834630913749846
-0.479652227004708	cosine	24.0	2.0	10.0	0.45454545454545475	0.019834630913749846
0.49419539657567574	cosine	24.0	10.0	14.0	0.5454545454545456	0.0067819162397311575
0.0006141375871621627	cosine	24.0	18.0	4.0	0.5151515151515154	0.00986438530634296
0.8925892848050857	cosine	24.0	18.0	14.0	0.6060606060606063	0.003044944233852819
-1.1331954480704771	cosine	24.0	18.0	10.0	0.575757575757576	0.004583576838638997
0.491068583968145	cosine	24.0	22.0	20.0	0.3939393939393941	0.037302414641954044
0.22068648577110858	cosine	24.0	14.0	16.0	0.30303030303030315	0.08511721571435177
0.4569691182078933	cosine	24.0	22.0	0.0	0.24242424242424254	0.1362855657955242
-0.0425180801074411	cosine	24.0	6.0	4.0	0.2121212121212122	0.16852366968754684
0.44607982828819287	cosine	24.0	2.0	14.0	0.3333333333333335	0.06570102610411901
0.7405443479578949	cosine	24.0	0.0	2.0	0.3939393939393941	0.037302414641954044
0.9270855272254445	cosine	24.0	20.0	18.0	0.5151515151515154	0.00986438530634296
-0.07883650532144658	cosine	24.0	22.0	16.0	0.4848484848484851	0.014106153084401886
-1.2966922562669494	cosine	24.0	14.0	16.0	0.45454545454545475	0.019834630913749846
2.0861841249116835	cosine	24.0	18.0	20.0	0.24242424242424254	0.1362855657955242
0.3646369975725886	cosine	24.0	14.0	16.0	0.30303030303030315	0.08511721571435177
0.9048505275102006	cosine	24.0	14.0	12.0	0.5151515151515154	0.00986438530634296
1.3026658461340885	cosine	24.0	20.0	8.0	0.45454545454545475	0.019834630913749846
1.4229210260275285	cosine	24.0	22.0	10.0	0.45454545454545475	0.019834630913749846
-1.4925326159743983	cosine	24.0	18.0	22.0	0.575757575757576	0.004583576838638997
-0.7133408354403086	cosine	24.0	8.0	12.0	0.3939393939393941	0.037302414641954044
0.5782118333964799	cosine	24.0	8.0	10.0	0.3333333333333335	0.06570102610411901
0.9390719223022964	cosine	24.0	18.0	16.0	0.4848484848484851	0.014106153084401886
0.5569553496827947	cosine	24.0	14.0	10.0	0.575757575757576	0.004583576838638997
0.8268312983797355	cosine	24.0	20.0	2.0	0.5151515151515154	0.00986438530634296
-0.5304262064755102	cosine	24.0	2.0	4.0	0.7878787878787882	0.0001813930547667903
0.6608021136829231	cosine	24.0	22.0	20.0	0.4242424242424244	0.02742697317621316
0.6576884327844685	cosine	24.0	12.0	10.0	0.3939393939393941	0.037302414641954044
-1.7570440865722383	cosine	24.0	14.0	12.0	0.575757575757576	0.004583576838638997
-0.6238614732804753	cosine	24.0	6.0	8.0	0.45454545454545475	0.019834630913749846
-0.03000988602977143	cosine	24.0	22.0	0.0	0.4242424242424244	0.02742697317621316
0.7080174951670538	cosine	24.0	20.0	18.0	0.3939393939393941	0.037302414641954044
-0.39995332473808093	cosine	24.0	18.0	4.0	0.3939393939393941	0.037302414641954044
-0.5815716602119089	cosine	24.0	2.0	4.0	0.5151515151515154	0.00986438530634296
-1.1782912522803226	cosine	24.0	6.0	4.0	0.30303030303030315	0.08511721571435177
-0.4743417468347818	cosine	24.0	14.0	6.0	0.4848484848484851	0.014106153084401886
-1.0726468733057886	cosine	24.0	20.0	10.0	0.4848484848484851	0.014106153084401886
1.1655130543189147	cosine	24.0	0.0	2.0	0.3333333333333335	0.06570102610411901
1.0259340635811636	cosine	24.0	4.0	6.0	0.3333333333333335	0.06570102610411901
-0.8758738273045579	cosine	24.0	8.0	12.0	0.575757575757576	0.004583576838638997
-0.8120495064923143	cosine	24.0	12.0	20.0	0.5151515151515154	0.00986438530634296
0.41299092352593747	cosine	24.0	8.0	6.0	0.4242424242424244	0.02742697317621316
-0.5742737545240079	cosine	24.0	8.0	6.0	0.4242424242424244	0.02742697317621316
1.0145854528334584	cosine	24.0	20.0	6.0	0.45454545454545475	0.019834630913749846
-0.8417221904989075	cosine	24.0	16.0	8.0	0.6969696969696972	0.0008043156973336818
-0.5243410331615712	cosine	24.0	14.0	8.0	0.45454545454545475	0.019834630913749846
0.6258279791253467	cosine	24.0	4.0	20.0	0.5151515151515154	0.00986438530634296
1.3936161147992563	cosine	24.0	0.0	8.0	0.2727272727272728	0.10854448149943507
0.5663703246610644	cosine	24.0	2.0	22.0	0.4242424242424244	0.02742697317621316
-0.29366047962641867	cosine	24.0	16.0	18.0	0.6969696969696972	0.0008043156973336818
1.412135554121657	cosine	24.0	2.0	6.0	0.5151515151515154	0.00986438530634296
-1.4474811703474904	cosine	24.0	20.0	4.0	0.6363636363636367	0.001988079806063042
1.1214542876101372	cosine	24.0	18.0	6.0	0.4242424242424244	0.02742697317621316
1.2947980184052539	cosine	24.0	12.0	4.0	0.4848484848484851	0.014106153084401886
0.0803224283562877	cosine	24.0	18.0	20.0	0.3939393939393941	0.037302414641954044
0.4830622342612529	cosine	24.0	8.0	10.0	0.3939393939393941	0.037302414641954044
0.5516758863990481	cosine	24.0	14.0	20.0	0.3636363636363638	0.04990853551146973
-0.22138545525503026	cosine	24.0	10.0	8.0	0.575757575757576	0.004583576838638997
-2.0556520576210455	cosine	24.0	22.0	0.0	0.4848484848484851	0.014106153084401886
-0.3427187612937379	cosine	24.0	18.0	14.0	0.5454545454545456	0.0067819162397311575
-0.16660299638477985	cosine	24.0	4.0	2.0	0.6363636363636367	0.001988079806063042
0.06593538244983266	cosine	24.0	18.0	16.0	0.5454545454545456	0.0067819162397311575
-0.7090504889863102	cosine	24.0	14.0	6.0	0.4242424242424244	0.02742697317621316
0.6011934916843276	cosine	24.0	14.0	0.0	0.5454545454545456	0.0067819162397311575
0.45267844054231443	cosine	24.0	16.0	20.0	0.575757575757576	0.004583576838638997
0.24860357353039159	cosine	24.0	12.0	10.0	0.2727272727272728	0.10854448149943507
0.2416039277100949	cosine	24.0	18.0	12.0	0.6060606060606063	0.003044944233852819
1.4377900930799783	cosine	24.0	16.0	14.0	0.4242424242424244	0.02742697317621316
0.36172138509863355	cosine	24.0	22.0	20.0	0.3333333333333335	0.06570102610411901
-0.049219750680995426	cosine	24.0	4.0	6.0	0.4848484848484851	0.014106153084401886
1.6643345338376319	cosine	24.0	0.0	16.0	0.5151515151515154	0.00986438530634296
1.1075589216297572	cosine	24.0	20.0	0.0	0.575757575757576	0.004583576838638997
-0.05390181381251937	cosine	24.0	6.0	4.0	0.5454545454545456	0.0067819162397311575
-0.013282497586939251	cosine	24.0	22.0	2.0	0.666666666666667	0.0012756406460599887
-0.6985484309208998	cosine	24.0	14.0	18.0	0.3939393939393941	0.037302414641954044
0.4044443017284048	cosine	24.0	14.0	16.0	0.30303030303030315	0.08511721571435177
-0.8697440977965111	cosine	24.0	0.0	2.0	0.45454545454545475	0.019834630913749846
-0.29841225658030435	cosine	24.0	6.0	14.0	0.45454545454545475	0.019834630913749846
1.5655697589184498	cosine	24.0	8.0	14.0	0.6969696969696972	0.0008043156973336818
-0.17973536712196567	cosine	24.0	18.0	16.0	0.3939393939393941	0.037302414641954044
-0.44408934344113454	cosine	24.0	14.0	16.0	0.3333333333333335	0.06570102610411901
1.300817440938776	cosine	24.0	20.0	22.0	0.45454545454545475	0.019834630913749846
-0.02049936268459698	cosine	24.0	16.0	0.0	0.3939393939393941	0.037302414641954044
0.24500134728573075	cosine	24.0	10.0	14.0	0.5151515151515154	0.00986438530634296
0.6209707243554353	cosine	24.0	22.0	20.0	0.4242424242424244	0.02742697317621316
0.305389049170992	cosine	24.0	12.0	16.0	0.3636363636363638	0.04990853551146973
0.123750952224812	cosine	24.0	8.0	6.0	0.24242424242424254	0.1362855657955242
1.2627622634670261	cosine	24.0	8.0	18.0	0.45454545454545475	0.019834630913749846
0.3364117147574916	cosine	24.0	2.0	12.0	0.3939393939393941	0.037302414641954044
1.3546547538915101	cosine	24.0	6.0	8.0	0.45454545454545475	0.019834630913749846
-0.3436002540893417	cosine	24.0	2.0	4.0	0.5151515151515154	0.00986438530634296
0.20573603614179	cosine	24.0	12.0	4.0	0.3636363636363638	0.04990853551146973
1.413498686039183	cosine	24.0	4.0	2.0	0.4242424242424244	0.02742697317621316
0.8198946689401595	cosine	24.0	2.0	4.0	0.30303030303030315	0.08511721571435177
0.10501576290083114	cosine	24.0	22.0	18.0	0.5151515151515154	0.00986438530634296
-0.3392212042795254	cosine	24.0	12.0	4.0	0.3939393939393941	0.037302414641954044
2.06158667166489	cosine	24.0	2.0	22.0	0.4242424242424244	0.02742697317621316
-1.1449235090871013	cosine	24.0	16.0	12.0	0.4848484848484851	0.014106153084401886
-0.23285956952268996	cosine	24.0	20.0	22.0	0.3333333333333335	0.06570102610411901
0.82249280221737	cosine	24.0	18.0	20.0	0.4242424242424244	0.02742697317621316
1.2462992716077086	cosine	24.0	22.0	2.0	0.6363636363636367	0.001988079806063042
-0.28954930187926725	cosine	24.0	0.0	22.0	0.2727272727272728	0.10854448149943507
0.04591537658677043	cosine	24.0	16.0	18.0	0.3333333333333335	0.06570102610411901
0.26678070458147485	cosine	24.0	10.0	14.0	0.30303030303030315	0.08511721571435177
-0.053724960700907425	cosine	24.0	10.0	4.0	0.45454545454545475	0.019834630913749846
-0.6861128975166215	cosine	24.0	10.0	12.0	0.3636363636363638	0.04990853551146973
-0.8746399127578055	cosine	24.0	10.0	12.0	0.30303030303030315	0.08511721571435177
1.4260831728203662	cosine	24.0	18.0	16.0	0.4242424242424244	0.02742697317621316
-0.470475429903422	cosine	24.0	4.0	6.0	0.5151515151515154	0.00986438530634296
-0.1696956884103669	cosine	24.0	12.0	14.0	0.24242424242424254	0.1362855657955242
0.2779039892760663	cosine	24.0	22.0	20.0	0.5151515151515154	0.00986438530634296
-1.052250731740818	cosine	24.0	16.0	14.0	0.6060606060606063	0.003044944233852819
0.35253619373712247	cosine	24.0	14.0	4.0	0.3939393939393941	0.037302414641954044
-0.8952855460856464	cosine	24.0	12.0	10.0	0.575757575757576	0.004583576838638997
-0.9572505722906267	cosine	24.0	8.0	10.0	0.3939393939393941	0.037302414641954044
-0.24860987214700808	cosine	24.0	12.0	14.0	0.3636363636363638	0.04990853551146973
0.2652825818977946	cosine	24.0	6.0	4.0	0.3939393939393941	0.037302414641954044
0.8610450820069985	cosine	24.0	22.0	16.0	0.30303030303030315	0.08511721571435177
0.3828646535593226	cosine	24.0	6.0	14.0	0.575757575757576	0.004583576838638997
-0.8696036525698739	cosine	24.0	4.0	6.0	0.3333333333333335	0.06570102610411901
-0.5839205924902084	cosine	24.0	6.0	4.0	0.3636363636363638	0.04990853551146973
-0.9809760713026354	cosine	24.0	6.0	8.0	0.3939393939393941	0.037302414641954044
-0.626408988249815	cosine	24.0	12.0	6.0	0.3939393939393941	0.037302414641954044
-0.27698164630025024	cosine	24.0	10.0	8.0	0.4242424242424244	0.02742697317621316
-2.350700516739918	cosine	24.0	18.0	20.0	0.3939393939393941	0.037302414641954044
0.9088365304850039	cosine	24.0	6.0	4.0	0.3333333333333335	0.06570102610411901
-0.04254845546824582	cosine	24.0	18.0	14.0	0.45454545454545475	0.019834630913749846
2.109745255712998	cosine	24.0	22.0	18.0	0.4242424242424244	0.02742697317621316
1.323040455094675	cosine	24.0	18.0	2.0	0.575757575757576	0.004583576838638997
-1.031815966143728	cosine	24.0	6.0	2.0	0.3636363636363638	0.04990853551146973
-0.2751669018151607	cosine	24.0	12.0	10.0	0.3333333333333335	0.06570102610411901
-0.6113049203125446	cosine	24.0	0.0	22.0	0.3636363636363638	0.04990853551146973
-1.0886391826430486	cosine	24.0	20.0	22.0	0.3333333333333335	0.06570102610411901
0.5480664463254605	cosine	24.0	18.0	16.0	0.3636363636363638	0.04990853551146973
2.580022577039363	cosine	24.0	4.0	0.0	0.3939393939393941	0.037302414641954044
-0.1392955629393689	cosine	24.0	12.0	14.0	0.4848484848484851	0.014106153084401886
0.6042067146052129	cosine	24.0	6.0	4.0	0.5454545454545456	0.0067819162397311575
-2.7224463412063673	cosine	24.0	8.0	18.0	0.4242424242424244	0.02742697317621316
1.2052870704593344	cosine	24.0	16.0	4.0	0.8787878787878791	3.4864630077916996e-05
-1.713107989854016	cosine	24.0	14.0	16.0	0.24242424242424254	0.1362855657955242
1.1439483142553706	cosine	24.0	18.0	20.0	0.2727272727272728	0.10854448149943507
-2.3836207571218435	cosine	24.0	0.0	20.0	0.3636363636363638	0.04990853551146973
-0.031150795755807332	cosine	24.0	12.0	8.0	0.5454545454545456	0.0067819162397311575
-1.0231991672817549	cosine	24.0	16.0	14.0	0.45454545454545475	0.019834630913749846
-1.0505616221840774	cosine	24.0	6.0	2.0	0.2727272727272728	0.10854448149943507
-1.3478540728538813	cosine	24.0	8.0	12.0	0.3636363636363638	0.04990853551146973
-2.6665217619895123	cosine	24.0	14.0	10.0	0.5151515151515154	0.00986438530634296
-0.6288156145799564	cosine	24.0	14.0	16.0	0.45454545454545475	0.019834630913749846
0.9241432525800939	cosine	24.0	22.0	18.0	0.5454545454545456	0.0067819162397311575
1.2351674559522894	cosine	24.0	16.0	18.0	0.4242424242424244	0.02742697317621316
0.5845936876070785	cosine	24.0	16.0	18.0	0.5151515151515154	0.00986438530634296
-0.2523422843454664	cosine	24.0	4.0	6.0	0.24242424242424254	0.1362855657955242
-0.5583997042496347	cosine	24.0	2.0	22.0	0.30303030303030315	0.08511721571435177
0.6270788928223606	cosine	24.0	16.0	14.0	0.4848484848484851	0.014106153084401886
0.8496666817432589	cosine	24.0	18.0	20.0	0.3636363636363638	0.04990853551146973
-0.6448752303822474	cosine	24.0	6.0	0.0	0.6363636363636367	0.001988079806063042
-1.4417752856476695	cosine	24.0	20.0	22.0	0.5454545454545456	0.0067819162397311575
-1.9033987767279337	cosine	24.0	20.0	22.0	0.3636363636363638	0.04990853551146973
-0.2615580527573902	cosine	24.0	18.0	20.0	0.3333333333333335	0.06570102610411901
-1.177108712818827	cosine	24.0	2.0	0.0	0.2727272727272728	0.10854448149943507
-0.3623736968315964	cosine	24.0	0.0	6.0	0.575757575757576	0.004583576838638997
1.560936063639708	cosine	24.0	12.0	2.0	0.7575757575757579	0.000303320964553055
-0.10761945029142733	cosine	24.0	10.0	12.0	0.4242424242424244	0.02742697317621316
1.9455347468949897	cosine	24.0	16.0	18.0	0.4242424242424244	0.02742697317621316
0.13740893662478004	cosine	24.0	6.0	8.0	0.30303030303030315	0.08511721571435177
-1.3788913437423571	cosine	24.0	16.0	8.0	0.6969696969696972	0.0008043156973336818
1.7808310583266196	cosine	24.0	6.0	0.0	0.3636363636363638	0.04990853551146973
-2.0345817161628763	cosine	24.0	20.0	8.0	0.2727272727272728	0.10854448149943507
-0.917047387476018	cosine	24.0	2.0	22.0	0.3939393939393941	0.037302414641954044
-0.6291393406695482	cosine	24.0	0.0	4.0	0.45454545454545475	0.019834630913749846
-0.3596168039643591	cosine	24.0	2.0	0.0	0.6060606060606063	0.003044944233852819
-0.6183743921224654	cosine	24.0	2.0	10.0	0.5151515151515154	0.00986438530634296
-0.5683740888368146	cosine	24.0	2.0	6.0	0.7575757575757579	0.000303320964553055
-0.3457267925001802	cosine	24.0	16.0	14.0	0.3636363636363638	0.04990853551146973
0.1846237968317282	cosine	24.0	12.0	4.0	0.6363636363636367	0.001988079806063042
-0.5961477312015683	cosine	24.0	6.0	4.0	0.4242424242424244	0.02742697317621316
1.0278571360082598	cosine	24.0	8.0	18.0	0.4242424242424244	0.02742697317621316
1.5785499800540874	cosine	24.0	18.0	20.0	0.3939393939393941	0.037302414641954044
-0.8523824241959891	cosine	24.0	14.0	12.0	0.2121212121212122	0.16852366968754684
0.021771104066612486	cosine	24.0	22.0	20.0	0.4242424242424244	0.02742697317621316
1.011516059103691	cosine	24.0	2.0	0.0	0.4848484848484851	0.014106153084401886
-1.5580462812515212	cosine	24.0	16.0	10.0	0.5151515151515154	0.00986438530634296
0.18862819615336404	cosine	24.0	18.0	12.0	0.4848484848484851	0.014106153084401886
0.47772546736251387	cosine	24.0	2.0	0.0	0.30303030303030315	0.08511721571435177
0.3262763327159944	cosine	24.0	4.0	2.0	0.3636363636363638	0.04990853551146973
1.86975229123091	cosine	24.0	16.0	18.0	0.3333333333333335	0.06570102610411901
-0.1394092731715441	cosine	24.0	18.0	14.0	0.6363636363636367	0.001988079806063042
-1.7608867116042124	cosine	24.0	8.0	22.0	0.5151515151515154	0.00986438530634296
-0.7391933913256997	cosine	24.0	2.0	4.0	0.2121212121212122	0.16852366968754684
1.1925363181796194	cosine	24.0	12.0	18.0	0.3333333333333335	0.06570102610411901
1.594422653007552	cosine	24.0	8.0	6.0	0.3636363636363638	0.04990853551146973
-0.7574981662015084	cosine	24.0	6.0	10.0	0.5151515151515154	0.00986438530634296
0.6898609516194687	cosine	24.0	22.0	0.0	0.3939393939393941	0.037302414641954044
0.23565404890832015	cosine	24.0	4.0	6.0	0.24242424242424254	0.1362855657955242
-2.64008042327894	cosine	24.0	18.0	20.0	0.3636363636363638	0.04990853551146973
0.4101292302149604	cosine	24.0	4.0	2.0	0.6363636363636367	0.001988079806063042
1.1781025752606455	cosine	24.0	20.0	16.0	0.4242424242424244	0.02742697317621316
-0.9538965163617822	cosine	24.0	2.0	20.0	0.3333333333333335	0.06570102610411901
1.970362293499407	cosine	24.0	20.0	14.0	0.4242424242424244	0.02742697317621316
-1.5406472565569755	cosine	24.0	18.0	10.0	0.6060606060606063	0.003044944233852819
-1.179605125639102	cosine	24.0	10.0	8.0	0.3939393939393941	0.037302414641954044
0.5706173466921242	cosine	24.0	14.0	16.0	0.5454545454545456	0.0067819162397311575
-0.00965517764013828	cosine	24.0	0.0	10.0	0.575757575757576	0.004583576838638997
-0.5567015292059062	cosine	24.0	0.0	2.0	0.3939393939393941	0.037302414641954044
0.3265679612871027	cosine	24.0	12.0	14.0	0.6363636363636367	0.001988079806063042
1.581456381243627	cosine	24.0	20.0	18.0	0.2727272727272728	0.10854448149943507
-1.191054335797659	cosine	24.0	2.0	4.0	0.24242424242424254	0.1362855657955242
-0.5178241766853349	cosine	24.0	4.0	14.0	0.575757575757576	0.004583576838638997
0.7271492288674541	cosine	24.0	14.0	8.0	0.575757575757576	0.004583576838638997
-0.6840086027517945	cosine	24.0	8.0	16.0	0.575757575757576	0.004583576838638997
-0.15472116253019355	cosine	24.0	18.0	12.0	0.24242424242424254	0.1362855657955242
0.7375486564870576	cosine	24.0	14.0	20.0	0.24242424242424254	0.1362855657955242
-1.0029914372187894	cosine	24.0	12.0	10.0	0.45454545454545475	0.019834630913749846
0.9813626139332446	cosine	24.0	20.0	22.0	0.4848484848484851	0.014106153084401886
-0.15890013033135697	cosine	24.0	18.0	22.0	0.4848484848484851	0.014106153084401886
0.38187225426705196	cosine	24.0	22.0	2.0	0.30303030303030315	0.08511721571435177
0.6782219482339946	cosine	24.0	14.0	12.0	0.30303030303030315	0.08511721571435177
-0.8763827669795191	cosine	24.0	12.0	0.0	0.6060606060606063	0.003044944233852819
0.5836694304216167	cosine	24.0	22.0	0.0	0.45454545454545475	0.019834630913749846
0.9124062779035162	cosine	24.0	6.0	4.0	0.3333333333333335	0.06570102610411901
0.7501424167081732	cosine	24.0	16.0	14.0	0.3636363636363638	0.04990853551146973
0.5906392892893418	cosine	24.0	18.0	16.0	0.3636363636363638	0.04990853551146973
0.8467863707348995	cosine	24.0	12.0	10.0	0.1818181818181819	0.20529080418760415
1.1288204387953205	cosine	24.0	4.0	6.0	0.4242424242424244	0.02742697317621316
-1.0166196320323448	cosine	24.0	0.0	20.0	0.6060606060606063	0.003044944233852819
-0.14081078645732947	cosine	24.0	12.0	6.0	0.5454545454545456	0.0067819162397311575
-0.05414982465003698	cosine	24.0	20.0	12.0	0.3333333333333335	0.06570102610411901
-0.1826414611477898	cosine	24.0	10.0	8.0	0.3939393939393941	0.037302414641954044
2.151277299244477	cosine	24.0	16.0	10.0	0.5454545454545456	0.0067819162397311575
-1.089144076637804	cosine	24.0	4.0	0.0	0.2727272727272728	0.10854448149943507
-0.060922187950423534	cosine	24.0	8.0	10.0	0.3939393939393941	0.037302414641954044
0.5647612223647503	cosine	24.0	18.0	14.0	0.6060606060606063	0.003044944233852819
-0.9354279388609972	cosine	24.0	18.0	20.0	0.3333333333333335	0.06570102610411901
-1.2466506782930467	cosine	24.0	2.0	22.0	0.5151515151515154	0.00986438530634296
1.0663804990136767	cosine	24.0	16.0	18.0	0.5151515151515154	0.00986438530634296
-0.24990867720985008	cosine	24.0	6.0	10.0	0.3333333333333335	0.06570102610411901
-0.32014726319064096	cosine	24.0	16.0	10.0	0.5151515151515154	0.00986438530634296
-1.1597129090534675	cosine	24.0	18.0	20.0	0.30303030303030315	0.08511721571435177
1.018818756301155	cosine	24.0	10.0	14.0	0.3333333333333335	0.06570102610411901
0.11121964600038103	cosine	24.0	4.0	16.0	0.5151515151515154	0.00986438530634296
-1.364586872573296	cosine	24.0	20.0	22.0	0.3636363636363638	0.04990853551146973
0.6339043767365307	cosine	24.0	0.0	22.0	0.4242424242424244	0.02742697317621316
-0.7336373579819531	cosine	24.0	0.0	2.0	0.3939393939393941	0.037302414641954044
-0.3117876161903357	cosine	24.0	20.0	2.0	0.4848484848484851	0.014106153084401886
0.7681175970630754	cosine	24.0	20.0	22.0	0.3636363636363638	0.04990853551146973
0.9423328152895819	cosine	24.0	8.0	14.0	0.575757575757576	0.004583576838638997
0.8748220438082038	cosine	24.0	18.0	16.0	0.4242424242424244	0.02742697317621316
-2.7677009361159297	cosine	24.0	22.0	0.0	0.3333333333333335	0.06570102610411901
0.35633181521582996	cosine	24.0	2.0	0.0	0.3939393939393941	0.037302414641954044
0.2957714132344799	cosine	24.0	0.0	22.0	0.30303030303030315	0.08511721571435177
-2.43766113561509	cosine	24.0	6.0	2.0	0.666666666666667	0.0012756406460599887
0.2695465594892105	cosine	24.0	2.0	12.0	0.666666666666667	0.0012756406460599887
0.5079390710852367	cosine	24.0	18.0	6.0	0.3636363636363638	0.04990853551146973
1.505879554831945	cosine	24.0	6.0	4.0	0.3636363636363638	0.04990853551146973
1.153201917442242	cosine	24.0	20.0	18.0	0.3636363636363638	0.04990853551146973
0.06719922471132785	cosine	24.0	16.0	10.0	0.6363636363636367	0.001988079806063042
0.8294238412931539	cosine	24.0	6.0	8.0	0.3333333333333335	0.06570102610411901
1.068581735151003	cosine	24.0	22.0	20.0	0.5151515151515154	0.00986438530634296
0.0039636765146743354	cosine	24.0	20.0	18.0	0.45454545454545475	0.019834630913749846
-0.8087907918899846	cosine	24.0	14.0	10.0	0.4242424242424244	0.02742697317621316
0.05132073188363271	cosine	24.0	14.0	16.0	0.2727272727272728	0.10854448149943507
0.35772813066168274	cosine	24.0	20.0	18.0	0.1818181818181819	0.20529080418760415
0.35097988426302945	cosine	24.0	14.0	12.0	0.24242424242424254	0.1362855657955242
-2.061175511970557	cosine	24.0	8.0	6.0	0.5151515151515154	0.00986438530634296
-0.08060040790937494	cosine	24.0	22.0	20.0	0.2727272727272728	0.10854448149943507
0.5697835006570929	cosine	24.0	10.0	6.0	0.24242424242424254	0.1362855657955242
0.5906964901885733	cosine	24.0	20.0	18.0	0.4848484848484851	0.014106153084401886
-1.35193432950046	cosine	24.0	4.0	6.0	0.3636363636363638	0.04990853551146973
1.1440098111280874	cosine	24.0	18.0	20.0	0.4848484848484851	0.014106153084401886
-0.2943119753879824	cosine	24.0	16.0	10.0	0.3333333333333335	0.06570102610411901
-0.978930928656561	cosine	24.0	22.0	20.0	0.3333333333333335	0.06570102610411901
1.3346578835917555	cosine	24.0	12.0	0.0	0.3636363636363638	0.04990853551146973
-0.546766885828938	cosine	24.0	0.0	20.0	0.45454545454545475	0.019834630913749846
1.1945446523865983	cosine	24.0	10.0	14.0	0.3333333333333335	0.06570102610411901
-0.0460012133239405	cosine	24.0	20.0	18.0	0.45454545454545475	0.019834630913749846
-0.13871418090368548	cosine	24.0	12.0	14.0	0.3333333333333335	0.06570102610411901
1.3448782871564446	cosine	24.0	2.0	0.0	0.4848484848484851	0.014106153084401886
0.5575224487822746	cosine	24.0	6.0	10.0	0.6060606060606063	0.003044944233852819
-0.11740259295430563	cosine	24.0	4.0	6.0	0.5151515151515154	0.00986438530634296
-0.3609268221134356	cosine	24.0	14.0	12.0	0.30303030303030315	0.08511721571435177
-0.7271034708784462	cosine	24.0	18.0	20.0	0.4848484848484851	0.014106153084401886
-2.634911523957282	cosine	24.0	10.0	8.0	0.5454545454545456	0.0067819162397311575
0.3193815654467188	cosine	24.0	20.0	8.0	0.5151515151515154	0.00986438530634296
0.8191603986109394	cosine	24.0	16.0	18.0	0.24242424242424254	0.1362855657955242
-0.36466453936078513	cosine	24.0	18.0	4.0	0.3333333333333335	0.06570102610411901
-0.9642721130820786	cosine	24.0	0.0	2.0	0.7272727272727276	0.0004983045770249599
-1.198761905376755	cosine	24.0	10.0	4.0	0.30303030303030315	0.08511721571435177
0.8771111741404657	cosine	24.0	20.0	10.0	0.4848484848484851	0.014106153084401886
-0.7182216197078725	cosine	24.0	2.0	0.0	0.7272727272727276	0.0004983045770249599
-1.1781942698186303	cosine	24.0	6.0	4.0	0.4242424242424244	0.02742697317621316
1.081330559842731	cosine	24.0	6.0	4.0	0.4242424242424244	0.02742697317621316
1.2091001515608333	cosine	24.0	10.0	12.0	0.575757575757576	0.004583576838638997
0.724679597360622	cosine	24.0	18.0	20.0	0.5151515151515154	0.00986438530634296
-0.23845476238746166	cosine	24.0	18.0	20.0	0.575757575757576	0.004583576838638997
0.10569204584358265	cosine	24.0	14.0	18.0	0.3939393939393941	0.037302414641954044
0.6031861723823605	cosine	24.0	14.0	20.0	0.30303030303030315	0.08511721571435177
1.403979200359123	cosine	24.0	0.0	2.0	0.4848484848484851	0.014106153084401886
-1.1503871130014378	cosine	24.0	4.0	0.0	0.3333333333333335	0.06570102610411901
-0.20141262756147071	cosine	24.0	2.0	4.0	0.5151515151515154	0.00986438530634296
1.2972170441894033	cosine	24.0	18.0	16.0	0.5454545454545456	0.0067819162397311575
-1.3581280750793838	cosine	24.0	4.0	6.0	0.3333333333333335	0.06570102610411901
0.9203679930352882	cosine	24.0	6.0	10.0	0.666666666666667	0.0012756406460599887
-0.6208611138909388	cosine	24.0	16.0	14.0	0.3939393939393941	0.037302414641954044
-0.40003010243987064	cosine	24.0	12.0	10.0	0.3636363636363638	0.04990853551146973
-0.42146742302813506	cosine	24.0	6.0	12.0	0.5151515151515154	0.00986438530634296
1.303173233502773	cosine	24.0	14.0	16.0	0.2121212121212122	0.16852366968754684
0.20547419186337879	cosine	24.0	16.0	20.0	0.3636363636363638	0.04990853551146973
-0.45333644781628196	cosine	24.0	20.0	18.0	0.45454545454545475	0.019834630913749846
-1.2417365605037889	cosine	24.0	10.0	8.0	0.575757575757576	0.004583576838638997
0.7802503978925708	cosine	24.0	16.0	12.0	0.45454545454545475	0.019834630913749846
0.8396343698880305	cosine	24.0	16.0	20.0	0.3636363636363638	0.04990853551146973
-0.348610401565644	cosine	24.0	12.0	4.0	0.6969696969696972	0.0008043156973336818
0.613932148323669	cosine	24.0	0.0	22.0	0.45454545454545475	0.019834630913749846
-0.5406527638721813	cosine	24.0	14.0	12.0	0.3333333333333335	0.06570102610411901
-0.7120777409145821	cosine	24.0	16.0	14.0	0.24242424242424254	0.1362855657955242
-0.561695382429855	cosine	24.0	18.0	2.0	0.7272727272727276	0.0004983045770249599
0.40561624047655603	cosine	24.0	12.0	20.0	0.3636363636363638	0.04990853551146973
0.3425401912541354	cosine	24.0	10.0	14.0	0.4848484848484851	0.014106153084401886
-0.020386518188472678	cosine	24.0	16.0	20.0	0.575757575757576	0.004583576838638997
0.2514747098183857	cosine	24.0	10.0	8.0	0.3636363636363638	0.04990853551146973
0.6498807750608441	cosine	24.0	18.0	16.0	0.5151515151515154	0.00986438530634296
0.5537723934939586	cosine	24.0	6.0	12.0	0.4242424242424244	0.02742697317621316
-0.5453788718114575	cosine	24.0	2.0	4.0	0.5151515151515154	0.00986438530634296
-1.132375720612449	cosine	24.0	2.0	4.0	0.4242424242424244	0.02742697317621316
-0.5391210459368213	cosine	24.0	20.0	22.0	0.3939393939393941	0.037302414641954044
0.8474383110416152	cosine	24.0	16.0	12.0	0.3636363636363638	0.04990853551146973
-0.21436952686896912	cosine	24.0	6.0	10.0	0.5151515151515154	0.00986438530634296
1.331856793095993	cosine	24.0	4.0	20.0	0.4848484848484851	0.014106153084401886
2.3447462836855677	cosine	24.0	22.0	0.0	0.4848484848484851	0.014106153084401886
-0.06641974449131599	cosine	24.0	10.0	12.0	0.24242424242424254	0.1362855657955242
-1.1230950756590998	cosine	24.0	16.0	18.0	0.3939393939393941	0.037302414641954044
0.8730142878064046	cosine	24.0	12.0	16.0	0.4848484848484851	0.014106153084401886
0.3570938910729223	cosine	24.0	10.0	12.0	0.3636363636363638	0.04990853551146973
0.4476430257845475	cosine	24.0	20.0	18.0	0.2121212121212122	0.16852366968754684
-1.5324578110037237	cosine	24.0	14.0	6.0	0.45454545454545475	0.019834630913749846
0.42671509450349554	cosine	24.0	12.0	14.0	0.3939393939393941	0.037302414641954044
1.6208366582059084	cosine	24.0	18.0	20.0	0.3333333333333335	0.06570102610411901
-2.3075100928637533	cosine	24.0	6.0	22.0	0.575757575757576	0.004583576838638997
1.109798542206619	cosine	24.0	6.0	20.0	0.1818181818181819	0.20529080418760415
-1.5784044473289274	cosine	24.0	4.0	6.0	0.5454545454545456	0.0067819162397311575
-0.6113818028800513	cosine	24.0	2.0	8.0	0.6363636363636367	0.001988079806063042
0.7709874594752472	cosine	24.0	0.0	8.0	0.3939393939393941	0.037302414641954044
0.26019842412300376	cosine	24.0	22.0	0.0	0.3636363636363638	0.04990853551146973
0.7525024995070727	cosine	24.0	0.0	2.0	0.4848484848484851	0.014106153084401886
0.7593593574879216	cosine	24.0	0.0	20.0	0.3939393939393941	0.037302414641954044
-0.9649543087182919	cosine	24.0	18.0	16.0	0.3636363636363638	0.04990853551146973
0.6062558781202442	cosine	24.0	14.0	16.0	0.45454545454545475	0.019834630913749846
1.1155616194049187	cosine	24.0	2.0	0.0	0.6060606060606063	0.003044944233852819
-0.3416447693081466	cosine	24.0	18.0	20.0	0.3636363636363638	0.04990853551146973
1.769530938529868	cosine	24.0	0.0	2.0	0.5151515151515154	0.00986438530634296
-2.225254321587903	cosine	24.0	14.0	16.0	0.4848484848484851	0.014106153084401886
-0.28979153259158297	cosine	24.0	0.0	4.0	0.2727272727272728	0.10854448149943507
0.729627139836379	cosine	24.0	6.0	4.0	0.24242424242424254	0.1362855657955242
0.15094102693692116	cosine	24.0	2.0	4.0	0.5151515151515154	0.00986438530634296
0.2803320232259954	cosine	24.0	6.0	4.0	0.5151515151515154	0.00986438530634296
-0.37382036367162086	cosine	24.0	22.0	4.0	0.45454545454545475	0.019834630913749846
0.8905354152702266	cosine	24.0	20.0	22.0	0.30303030303030315	0.08511721571435177
-0.5344860691079392	cosine	24.0	0.0	22.0	0.3939393939393941	0.037302414641954044
1.7708447361878341	cosine	24.0	20.0	18.0	0.575757575757576	0.004583576838638997
0.12888061512193597	cosine	24.0	18.0	14.0	0.5454545454545456	0.0067819162397311575
-0.5918068167169958	cosine	24.0	8.0	14.0	0.4242424242424244	0.02742697317621316
-0.25551654499989873	cosine	24.0	8.0	6.0	0.3333333333333335	0.06570102610411901
0.40852450517263356	cosine	24.0	12.0	6.0	0.30303030303030315	0.08511721571435177
-1.5355807001790165	cosine	24.0	16.0	20.0	0.6363636363636367	0.001988079806063042
0.1420712925354852	cosine	24.0	14.0	16.0	0.2727272727272728	0.10854448149943507
-0.5640592485706093	cosine	24.0	12.0	14.0	0.3333333333333335	0.06570102610411901
-0.6605217411884219	cosine	24.0	20.0	22.0	0.2727272727272728	0.10854448149943507
0.8891261555652779	cosine	24.0	22.0	0.0	0.4242424242424244	0.02742697317621316
-0.6071882193966528	cosine	24.0	18.0	22.0	0.5151515151515154	0.00986438530634296
-0.2526104187856369	cosine	24.0	8.0	10.0	0.4848484848484851	0.014106153084401886
2.734646357827623	cosine	24.0	8.0	10.0	0.45454545454545475	0.019834630913749846
0.9991808679199872	cosine	24.0	14.0	16.0	0.2727272727272728	0.10854448149943507
1.1931459234796868	cosine	24.0	14.0	12.0	0.5151515151515154	0.00986438530634296
0.488973868976977	cosine	24.0	16.0	14.0	0.3636363636363638	0.04990853551146973
0.29929492771363936	cosine	24.0	16.0	18.0	0.3636363636363638	0.04990853551146973
0.9888551797672845	cosine	24.0	2.0	20.0	0.30303030303030315	0.08511721571435177
-1.269076640507227	cosine	24.0	4.0	10.0	0.5151515151515154	0.00986438530634296
-0.9610260424547764	cosine	24.0	18.0	20.0	0.3939393939393941	0.037302414641954044
-0.015931866999242025	cosine	24.0	12.0	14.0	0.45454545454545475	0.019834630913749846
-0.8952089811783451	cosine	24.0	10.0	14.0	0.3939393939393941	0.037302414641954044
-0.8670324789360627	cosine	24.0	22.0	16.0	0.3636363636363638	0.04990853551146973
-0.607533201572413	cosine	24.0	4.0	2.0	0.5151515151515154	0.00986438530634296
0.5863768583222829	cosine	24.0	20.0	22.0	0.4242424242424244	0.02742697317621316
-0.07467854830385709	cosine	24.0	14.0	16.0	0.6363636363636367	0.001988079806063042
0.9696248883961316	cosine	24.0	6.0	4.0	0.24242424242424254	0.1362855657955242
-0.21597772443699204	cosine	24.0	10.0	8.0	0.3939393939393941	0.037302414641954044
1.4541131005874415	cosine	24.0	20.0	22.0	0.30303030303030315	0.08511721571435177
0.3695100656925919	cosine	24.0	22.0	20.0	0.3636363636363638	0.04990853551146973
0.22959136160611193	cosine	24.0	16.0	12.0	0.4242424242424244	0.02742697317621316
0.49001508251564097	cosine	24.0	16.0	12.0	0.4848484848484851	0.014106153084401886
-1.44086873319891	cosine	24.0	12.0	8.0	0.45454545454545475	0.019834630913749846
0.8241490193825871	cosine	24.0	8.0	6.0	0.3333333333333335	0.06570102610411901
-1.0785622395438499	cosine	24.0	12.0	18.0	0.8787878787878791	3.4864630077916996e-05
-0.8816109325421491	cosine	24.0	8.0	16.0	0.3939393939393941	0.037302414641954044
-0.5219222019627979	cosine	24.0	14.0	12.0	0.3939393939393941	0.037302414641954044
-0.046051876917772946	cosine	24.0	10.0	6.0	0.45454545454545475	0.019834630913749846
-0.3492279252468235	cosine	24.0	2.0	0.0	0.3333333333333335	0.06570102610411901
0.8169137175245649	cosine	24.0	10.0	8.0	0.30303030303030315	0.08511721571435177
1.3337042897642202	cosine	24.0	4.0	6.0	0.4242424242424244	0.02742697317621316
0.4408658511062248	cosine	24.0	12.0	20.0	0.5151515151515154	0.00986438530634296
0.3462522773182516	cosine	24.0	22.0	20.0	0.2727272727272728	0.10854448149943507
-1.2849936600341518	cosine	24.0	2.0	6.0	0.4242424242424244	0.02742697317621316
-0.3199264181801748	cosine	24.0	8.0	6.0	0.3333333333333335	0.06570102610411901
0.9196225246243462	cosine	24.0	22.0	20.0	0.3636363636363638	0.04990853551146973
0.9482623661103705	cosine	24.0	8.0	10.0	0.45454545454545475	0.019834630913749846
0.28781991802637535	cosine	24.0	4.0	0.0	0.3636363636363638	0.04990853551146973
1.4503720924200465	cosine	24.0	2.0	0.0	0.4242424242424244	0.02742697317621316
-0.18700422773502165	cosine	24.0	14.0	16.0	0.24242424242424254	0.1362855657955242
-0.26975468112096124	cosine	24.0	14.0	12.0	0.3636363636363638	0.04990853551146973
-0.6729571110362692	cosine	24.0	8.0	6.0	0.3939393939393941	0.037302414641954044
1.1719806500746324	cosine	24.0	4.0	8.0	0.575757575757576	0.004583576838638997
1.125003405344119	cosine	24.0	12.0	18.0	0.4848484848484851	0.014106153084401886
1.6949917836587314	cosine	24.0	22.0	10.0	0.7272727272727276	0.0004983045770249599
1.1858020248705368	cosine	24.0	0.0	20.0	0.5151515151515154	0.00986438530634296
-0.7639603516487168	cosine	24.0	10.0	22.0	0.3939393939393941	0.037302414641954044
1.4968566645110086	cosine	24.0	8.0	14.0	0.5151515151515154	0.00986438530634296
-0.5621614220750021	cosine	24.0	4.0	6.0	0.4242424242424244	0.02742697317621316
0.6137256292173509	cosine	24.0	10.0	18.0	0.2121212121212122	0.16852366968754684
-1.1178733089770554	cosine	24.0	4.0	2.0	0.3939393939393941	0.037302414641954044
-1.2923040717115348	cosine	24.0	2.0	4.0	0.4848484848484851	0.014106153084401886
0.22516994634285592	cosine	24.0	22.0	12.0	0.2727272727272728	0.10854448149943507
0.2618171559984439	cosine	24.0	16.0	14.0	0.3939393939393941	0.037302414641954044
-1.6114960477693463	cosine	24.0	12.0	14.0	0.575757575757576	0.004583576838638997
0.9303238828793974	cosine	24.0	16.0	14.0	0.3636363636363638	0.04990853551146973
-0.5501175410315251	cosine	24.0	18.0	16.0	0.3333333333333335	0.06570102610411901
-2.3233179168203613	cosine	24.0	18.0	20.0	0.4242424242424244	0.02742697317621316
-2.19854304533254	cosine	24.0	18.0	10.0	0.6060606060606063	0.003044944233852819
-1.6999114685139898	cosine	24.0	12.0	18.0	0.5454545454545456	0.0067819162397311575
0.2764567312505106	cosine	24.0	22.0	2.0	0.24242424242424254	0.1362855657955242
0.19217752140963823	cosine	24.0	2.0	4.0	0.4242424242424244	0.02742697317621316
1.298107189867984	cosine	24.0	4.0	0.0	0.5151515151515154	0.00986438530634296
0.4955253636192411	cosine	24.0	8.0	12.0	0.3636363636363638	0.04990853551146973
1.1952924122672381	cosine	24.0	4.0	2.0	0.5151515151515154	0.00986438530634296
0.5684158772832634	cosine	24.0	6.0	12.0	0.4848484848484851	0.014106153084401886
1.1449836266625155	cosine	24.0	22.0	14.0	0.3636363636363638	0.04990853551146973
-0.7799590660953284	cosine	24.0	14.0	10.0	0.45454545454545475	0.019834630913749846
1.2096248552935436	cosine	24.0	18.0	16.0	0.3939393939393941	0.037302414641954044
-0.7817562432523519	cosine	24.0	8.0	10.0	0.4242424242424244	0.02742697317621316
0.8548757340979078	cosine	24.0	18.0	14.0	0.6969696969696972	0.0008043156973336818
-0.8837254724331696	cosine	24.0	20.0	10.0	0.4848484848484851	0.014106153084401886
0.5367904368254158	cosine	24.0	10.0	12.0	0.2727272727272728	0.10854448149943507
0.2086510959072601	cosine	24.0	4.0	14.0	0.4848484848484851	0.014106153084401886
2.5516773259323093	cosine	24.0	6.0	4.0	0.3333333333333335	0.06570102610411901
1.6847529989666827	cosine	24.0	8.0	22.0	0.6363636363636367	0.001988079806063042
-1.1771739460079775	cosine	24.0	20.0	22.0	0.575757575757576	0.004583576838638997
2.2775633618701496	cosine	24.0	8.0	10.0	0.5454545454545456	0.0067819162397311575
-0.6135416819896328	cosine	24.0	10.0	12.0	0.30303030303030315	0.08511721571435177
-0.45995169983215944	cosine	24.0	8.0	6.0	0.4848484848484851	0.014106153084401886
-1.683612228859078	cosine	24.0	16.0	0.0	0.4242424242424244	0.02742697317621316
-1.1147384556581115	cosine	24.0	4.0	2.0	0.5454545454545456	0.0067819162397311575
2.11661391662167	cosine	24.0	4.0	6.0	0.30303030303030315	0.08511721571435177
1.7916823889588818	cosine	24.0	0.0	2.0	0.30303030303030315	0.08511721571435177
0.3992034497360168	cosine	24.0	12.0	14.0	0.4242424242424244	0.02742697317621316
-0.3805425749819885	cosine	24.0	0.0	22.0	0.5151515151515154	0.00986438530634296
0.776303595017302	cosine	24.0	2.0	0.0	0.30303030303030315	0.08511721571435177
-0.7679227044117619	cosine	24.0	2.0	6.0	0.45454545454545475	0.019834630913749846
-0.5294974165248982	cosine	24.0	2.0	4.0	0.3333333333333335	0.06570102610411901
-0.4862894325687247	cosine	24.0	22.0	0.0	0.2727272727272728	0.10854448149943507
-1.0494168723039106	cosine	24.0	10.0	22.0	0.5151515151515154	0.00986438530634296
-0.09652894115240532	cosine	24.0	10.0	12.0	0.2121212121212122	0.16852366968754684
-0.14056422106159705	cosine	24.0	4.0	2.0	0.3636363636363638	0.04990853551146973
-0.4915617006227978	cosine	24.0	10.0	18.0	0.4242424242424244	0.02742697317621316
0.5999478763651709	cosine	24.0	20.0	22.0	0.3333333333333335	0.06570102610411901
-0.733157319381282	cosine	24.0	18.0	20.0	0.3333333333333335	0.06570102610411901
1.2408617426470612	cosine	24.0	12.0	6.0	0.575757575757576	0.004583576838638997
-0.5286160140255535	cosine	24.0	8.0	18.0	0.6060606060606063	0.003044944233852819
2.8049727329394756	cosine	24.0	6.0	22.0	0.3939393939393941	0.037302414641954044
0.06398629340425509	cosine	24.0	8.0	10.0	0.2727272727272728	0.10854448149943507
0.21671395355806994	cosine	24.0	22.0	20.0	0.4242424242424244	0.02742697317621316
-0.6778445366422307	cosine	24.0	2.0	4.0	0.4242424242424244	0.02742697317621316
1.0980174926708994	cosine	24.0	20.0	22.0	0.3939393939393941	0.037302414641954044
0.06409858092060275	cosine	24.0	8.0	10.0	0.5454545454545456	0.0067819162397311575
1.7333029805970495	cosine	24.0	2.0	6.0	0.3636363636363638	0.04990853551146973
-0.4161891828168259	cosine	24.0	14.0	10.0	0.5454545454545456	0.0067819162397311575
-0.7383115250818323	cosine	24.0	20.0	18.0	0.45454545454545475	0.019834630913749846
-0.19247657269931445	cosine	24.0	20.0	16.0	0.5454545454545456	0.0067819162397311575
-0.35357888796181924	cosine	24.0	8.0	0.0	0.575757575757576	0.004583576838638997
-1.4123528273620292	cosine	24.0	16.0	14.0	0.3333333333333335	0.06570102610411901
1.3088690146461583	cosine	24.0	20.0	8.0	0.45454545454545475	0.019834630913749846
-0.6929545488607664	cosine	24.0	20.0	22.0	0.575757575757576	0.004583576838638997
1.129561619061577	cosine	24.0	4.0	12.0	0.3333333333333335	0.06570102610411901
0.6238789797955571	cosine	24.0	14.0	16.0	0.3333333333333335	0.06570102610411901
0.6134677865856577	cosine	24.0	0.0	10.0	0.45454545454545475	0.019834630913749846
-0.6405219032643924	cosine	24.0	16.0	0.0	0.4848484848484851	0.014106153084401886
-0.12959616449910455	cosine	24.0	8.0	10.0	0.6363636363636367	0.001988079806063042
1.0926217263488212	cosine	24.0	20.0	0.0	0.2727272727272728	0.10854448149943507
0.7032788308003848	cosine	24.0	14.0	12.0	0.24242424242424254	0.1362855657955242
-0.6503731720312457	cosine	24.0	22.0	10.0	0.3939393939393941	0.037302414641954044
-1.4072684500842387	cosine	24.0	20.0	18.0	0.45454545454545475	0.019834630913749846
-0.886626283793715	cosine	24.0	12.0	10.0	0.2121212121212122	0.16852366968754684
-1.5205393158135851	cosine	24.0	10.0	8.0	0.4848484848484851	0.014106153084401886
1.478068717689056	cosine	24.0	8.0	6.0	0.3939393939393941	0.037302414641954044
0.34741356054390676	cosine	24.0	22.0	0.0	0.3333333333333335	0.06570102610411901
-0.06871712267745254	cosine	24.0	14.0	2.0	0.3939393939393941	0.037302414641954044
1.3295638733389321	cosine	24.0	22.0	0.0	0.30303030303030315	0.08511721571435177
0.364066622391884	cosine	24.0	2.0	4.0	0.45454545454545475	0.019834630913749846
0.3761575627870918	cosine	24.0	10.0	8.0	0.45454545454545475	0.019834630913749846
0.7199840870444577	cosine	24.0	12.0	10.0	0.3636363636363638	0.04990853551146973
0.786976682708157	cosine	24.0	22.0	0.0	0.4242424242424244	0.02742697317621316
-1.819439123424762	cosine	24.0	20.0	12.0	0.6060606060606063	0.003044944233852819
-0.1900447995884739	cosine	24.0	0.0	2.0	0.4848484848484851	0.014106153084401886
1.0188878291349184	cosine	24.0	22.0	20.0	0.30303030303030315	0.08511721571435177
-1.0603862407412383	cosine	24.0	2.0	4.0	0.45454545454545475	0.019834630913749846
-0.16925994767399802	cosine	24.0	0.0	10.0	0.5454545454545456	0.0067819162397311575
0.40392441362209747	cosine	24.0	14.0	8.0	0.3333333333333335	0.06570102610411901
0.8583624343930965	cosine	24.0	20.0	22.0	0.6363636363636367	0.001988079806063042
0.590054502928354	cosine	24.0	18.0	20.0	0.45454545454545475	0.019834630913749846
0.5758527565629903	cosine	24.0	20.0	14.0	0.4242424242424244	0.02742697317621316
-1.9260966338523926	cosine	24.0	22.0	8.0	0.6363636363636367	0.001988079806063042
-1.017980470380456	cosine	24.0	16.0	0.0	0.45454545454545475	0.019834630913749846
-1.971652728669814	cosine	24.0	6.0	4.0	0.30303030303030315	0.08511721571435177
0.3860782507202046	cosine	24.0	20.0	14.0	0.3636363636363638	0.04990853551146973
0.8338102246264455	cosine	24.0	18.0	20.0	0.5151515151515154	0.00986438530634296
0.47202130366301875	cosine	24.0	2.0	0.0	0.2727272727272728	0.10854448149943507
-0.08883826638513391	cosine	24.0	20.0	14.0	0.30303030303030315	0.08511721571435177
-0.7869015571532079	cosine	24.0	6.0	10.0	0.6060606060606063	0.003044944233852819
0.5781397969499177	cosine	24.0	6.0	2.0	0.3939393939393941	0.037302414641954044
1.1789455530421016	cosine	24.0	0.0	20.0	0.3636363636363638	0.04990853551146973
-0.9533960309155879	cosine	24.0	2.0	18.0	0.30303030303030315	0.08511721571435177
0.9408306051676832	cosine	24.0	6.0	8.0	0.4242424242424244	0.02742697317621316
-1.5375566689128244	cosine	24.0	8.0	14.0	0.3939393939393941	0.037302414641954044
