ID	Waveform	Period	Phase	Nadir	Tau	P
0.5150076820111263	cosine	12.0	8.0	10.0	0.508513380930983	0.01068384436354423
-0.20217662192375987	cosine	12.0	4.0	2.0	0.4570472630871771	0.01929656018546278
-0.31122564928539903	cosine	12.0	10.0	4.0	0.6154574548966641	0.002672839047301177
-1.7214327329815085	cosine	12.0	2.0	6.0	0.34391796971439753	0.05979464037584733
-0.7832924544467148	cosine	12.0	6.0	4.0	0.5831292666974328	0.004156084107205838
0.6638964199596041	cosine	12.0	2.0	4.0	0.3940062612820492	0.037277784955182205
-1.3797726157768813	cosine	12.0	4.0	0.0	0.31265269974036136	0.07853426938217861
-2.4741992526154806	cosine	12.0	4.0	2.0	0.520088264892305	0.009291071757416634
-0.6807919755437216	cosine	12.0	4.0	2.0	0.4570472630871771	0.01929656018546278
1.0649081830107698	cosine	12.0	10.0	0.0	0.46897904961054204	0.016897895516253123
-0.22469008238625773	cosine	12.0	2.0	6.0	0.40644850966246976	0.03292085287309089
-0.3031821739301189	cosine	12.0	0.0	10.0	0.28138742976632525	0.10142035953841916
0.07747178130012174	cosine	12.0	6.0	4.0	0.42552676218461316	0.027061931661110435
0.3588535689866955	cosine	12.0	10.0	8.0	0.4767312946227965	0.015480063791539503
-0.4569783764253623	cosine	12.0	2.0	12.0	0.6776907694051246	0.001080787662488592
0.8527089054475395	cosine	12.0	6.0	4.0	0.33096525947692135	0.06708239491800405
0.8506491610157718	cosine	12.0	8.0	10.0	0.2860387767736779	0.0977376033412587
0.356540640729199	cosine	12.0	8.0	10.0	0.5402954672391693	0.0072373318982772135
-1.2401250477365922	cosine	12.0	6.0	10.0	0.325669473639465	0.07025277592236653
0.1421137352177887	cosine	12.0	10.0	8.0	0.34960294939005077	0.05679866795607516
-0.6261776646686978	cosine	12.0	4.0	10.0	0.27695585470349887	0.10502217458211738
0.1389208239263257	cosine	12.0	10.0	0.0	0.5940401295066866	0.0035886947605967253
-0.060583567760244234	cosine	12.0	6.0	4.0	0.4570472630871771	0.01929656018546278
-1.2881357787804728	cosine	12.0	10.0	12.0	0.325669473639465	0.07025277592236653
1.2697595161921595	cosine	12.0	4.0	12.0	0.5737985964123907	0.004703590814103545
-1.0412312236262615	cosine	12.0	2.0	4.0	0.2994447585743574	0.08767317792776053
-0.725990910157854	cosine	12.0	2.0	12.0	0.4570472630871771	0.01929656018546278
0.8071301696804981	cosine	12.0	2.0	6.0	0.46897904961054204	0.016897895516253123
0.2948872667280994	cosine	12.0	4.0	8.0	0.44973403502592785	0.02090527421057417
-0.880216256025194	cosine	12.0	6.0	12.0	0.18463723646899924	0.20168182460565853
-0.6760428484714552	cosine	12.0	4.0	2.0	0.36248576037948527	0.05044712112711767
0.6846374003627215	cosine	12.0	0.0	10.0	0.5315095895586144	0.008075181454718987
0.6757573166083883	cosine	12.0	6.0	4.0	0.2364037567692295	0.1423291682149232
0.22043861887510716	cosine	12.0	10.0	8.0	0.4449492083146101	0.022018113736134944
0.6664584130066751	cosine	12.0	4.0	6.0	0.520088264892305	0.009291071757416634
0.7858508094186741	cosine	12.0	2.0	0.0	0.3940062612820492	0.037277784955182205
-0.45164312832398	cosine	12.0	12.0	10.0	0.20160491225300214	0.18077354211323055
-1.1898280460955464	cosine	12.0	8.0	10.0	0.4449492083146101	0.022018113736134944
1.1247646392671609	cosine	12.0	8.0	6.0	0.31782086308186436	0.07516173316558697
0.8096190163789854	cosine	12.0	4.0	2.0	0.2048832558666656	0.1768962477431396
-0.5286991946788112	cosine	12.0	6.0	4.0	0.2994447585743574	0.08767317792776053
0.02270815079380353	cosine	12.0	4.0	2.0	0.3940062612820492	0.037277784955182205
0.2510058895810191	cosine	12.0	8.0	10.0	0.34960294939005077	0.05679866795607516
-0.15332347869943316	cosine	12.0	2.0	10.0	0.5002443195845782	0.011787064559833655
-0.8007366697371886	cosine	12.0	4.0	2.0	0.520088264892305	0.009291071757416634
-1.2227707788827498	cosine	12.0	2.0	4.0	0.26792425767179345	0.11264743725548343
2.5714103030277258	cosine	12.0	0.0	8.0	0.28138742976632525	0.10142035953841916
0.6102426504481068	cosine	12.0	6.0	8.0	0.22247460415730505	0.1569979267286259
0.4309366372349399	cosine	12.0	10.0	6.0	0.17058877190638644	0.22004281389555647
-1.853888420921376	cosine	12.0	4.0	2.0	0.488567763989741	0.013512582066973257
-0.11257666365492122	cosine	12.0	12.0	2.0	0.4570472630871771	0.01929656018546278
-0.41616034412340547	cosine	12.0	4.0	2.0	0.4570472630871771	0.01929656018546278
1.4338818087336775	cosine	12.0	10.0	6.0	0.48075017537254355	0.014786104244078217
-0.363752765455212	cosine	12.0	2.0	12.0	0.520088264892305	0.009291071757416634
0.3301158253513436	cosine	12.0	2.0	12.0	0.3940062612820492	0.037277784955182205
0.3624023127557336	cosine	12.0	12.0	4.0	0.29465333329284926	0.09117756893125428
-0.7725454536386022	cosine	12.0	10.0	2.0	0.40644850966246976	0.03292085287309089
-0.648101343017322	cosine	12.0	8.0	10.0	0.2542566904654915	0.12492539106643724
0.06814325127751666	cosine	12.0	10.0	12.0	0.542782456065775	0.007014531725125648
-0.3972864975262004	cosine	12.0	0.0	10.0	0.31265269974036136	0.07853426938217861
-0.1327854263875434	cosine	12.0	0.0	8.0	0.31265269974036136	0.07853426938217861
2.3143108046481693	cosine	12.0	10.0	4.0	0.5539117094069977	0.006089982172122457
-0.39073773773491527	cosine	12.0	10.0	8.0	0.34960294939005077	0.05679866795607516
-0.0006021017267959293	cosine	12.0	6.0	10.0	0.542782456065775	0.007014531725125648
0.4131340790111814	cosine	12.0	8.0	6.0	0.09534625892455931	0.3330462617847142
-1.7616888087798748	cosine	12.0	10.0	12.0	0.38770175433269644	0.03965908586713749
-0.9710960349758742	cosine	12.0	12.0	6.0	0.24618298195866567	0.13260270265321483
-2.0994095536654975	cosine	12.0	6.0	4.0	0.42552676218461316	0.027061931661110435
1.359857863021665	cosine	12.0	8.0	0.0	0.31265269974036136	0.07853426938217861
-2.075032021333728	cosine	12.0	6.0	8.0	0.34960294939005077	0.05679866795607516
-1.1605793229672408	cosine	12.0	4.0	8.0	0.26363719294623356	0.11640217218244758
-0.48241696387590444	cosine	12.0	12.0	2.0	0.36248576037948527	0.05044712112711767
0.9765258744713075	cosine	12.0	2.0	4.0	0.2048832558666656	0.1768962477431396
-0.2462558558165337	cosine	12.0	10.0	8.0	0.6674238124719151	0.0012612939717876347
-2.4580153200701864	cosine	12.0	2.0	12.0	0.26792425767179345	0.11264743725548343
-0.8233294883861323	cosine	12.0	6.0	4.0	0.6146497675999968	0.002703128848699784
0.7456623201896029	cosine	12.0	4.0	10.0	0.5539117094069977	0.006089982172122457
0.21266846027729955	cosine	12.0	8.0	10.0	0.34960294939005077	0.05679866795607516
-1.4630725874463881	cosine	12.0	12.0	2.0	0.2048832558666656	0.1768962477431396
0.010476300644897527	cosine	12.0	0.0	2.0	0.488567763989741	0.013512582066973257
1.594053612090165	cosine	12.0	8.0	0.0	0.21885688981825296	0.16096491949833142
1.8316930887600673	cosine	12.0	6.0	12.0	0.3077287274483321	0.08185299552131142
-0.6076574970376627	cosine	12.0	4.0	6.0	0.488567763989741	0.013512582066973257
1.821772402583554	cosine	12.0	4.0	6.0	0.26792425767179345	0.11264743725548343
-0.4167923392111562	cosine	12.0	0.0	2.0	0.520088264892305	0.009291071757416634
-1.4559445790470353	cosine	12.0	4.0	2.0	0.3940062612820492	0.037277784955182205
0.323983548001127	cosine	12.0	0.0	2.0	0.42552676218461316	0.027061931661110435
-0.37534356302293875	cosine	12.0	10.0	8.0	0.38138503569823723	0.042167604419924586
-0.5107642517810294	cosine	12.0	8.0	10.0	0.38138503569823723	0.042167604419924586
-0.4548451829818086	cosine	12.0	2.0	8.0	0.325669473639465	0.07025277592236653
-0.6139267684093828	cosine	12.0	4.0	6.0	0.14184225406153772	0.26045348007935765
1.0880873545895895	cosine	12.0	2.0	12.0	0.42552676218461316	0.027061931661110435
-0.7980515636073653	cosine	12.0	6.0	10.0	0.6978631577988536	0.0007932410229537244
1.0520579192192658	cosine	12.0	0.0	8.0	0.5315095895586144	0.008075181454718987
-1.4223287345732176	cosine	12.0	2.0	0.0	0.4570472630871771	0.01929656018546278
-1.8206965931405341	cosine	12.0	0.0	10.0	0.18759161984421682	0.1979406704679717
-1.104255680029	cosine	12.0	4.0	6.0	0.5516087657948688	0.006271913590386279
1.9630183571317203	cosine	12.0	2.0	0.0	0.3940062612820492	0.037277784955182205
-1.0191910564295985	cosine	12.0	4.0	6.0	0.520088264892305	0.009291071757416634
0.9000809446042849	cosine	12.0	12.0	2.0	0.3940062612820492	0.037277784955182205
-2.133453814626871	cosine	12.0	2.0	10.0	0.43771377963650593	0.02379564823412834
-0.8095957419864208	cosine	12.0	2.0	4.0	0.42552676218461316	0.027061931661110435
-0.1095702683465409	cosine	12.0	8.0	4.0	0.35668561398608073	0.053232974601062806
-1.0849290557160678	cosine	12.0	4.0	6.0	0.42552676218461316	0.027061931661110435
-0.04035316678441014	cosine	12.0	0.0	10.0	0.2501221597922891	0.12881724171626302
-0.9190379449407613	cosine	12.0	8.0	4.0	0.44973403502592785	0.02090527421057417
0.014842615651265675	cosine	12.0	4.0	6.0	0.520088264892305	0.009291071757416634
-0.5194571729258598	cosine	12.0	6.0	12.0	0.27695585470349887	0.10502217458211738
-0.23064505089736456	cosine	12.0	4.0	10.0	0.3692744729379985	0.04733536431232824
-0.6564758827034911	cosine	12.0	12.0	2.0	0.26792425767179345	0.11264743725548343
1.6868740004119218	cosine	12.0	8.0	2.0	0.35668561398608073	0.053232974601062806
-0.42498199052710994	cosine	12.0	6.0	4.0	0.42552676218461316	0.027061931661110435
-0.656043129714152	cosine	12.0	6.0	10.0	0.6048147367590064	0.0030976341623523166
0.14219385643430926	cosine	12.0	10.0	12.0	0.48075017537254355	0.014786104244078217
0.664817648439562	cosine	12.0	8.0	10.0	0.41316712200642364	0.03074837886955296
-0.39047990379676095	cosine	12.0	8.0	6.0	0.19069251784911861	0.19405940885016393
0.4181143494144638	cosine	12.0	6.0	12.0	0.3385016001931653	0.06276288318311772
1.1856923875729395	cosine	12.0	10.0	0.0	0.46897904961054204	0.016897895516253123
0.6612921581156823	cosine	12.0	6.0	4.0	0.17336275496410164	0.21634316011970334
-4.038337435209887	cosine	12.0	6.0	4.0	0.2994447585743574	0.08767317792776053
-1.2200313197502213	cosine	12.0	10.0	12.0	0.6048147367590064	0.0030976341623523166
-1.3382584159136015	cosine	12.0	0.0	4.0	0.43771377963650593	0.02379564823412834
-2.0001506649621716	cosine	12.0	8.0	6.0	0.5402954672391693	0.0072373318982772135
-0.01671257988523153	cosine	12.0	8.0	4.0	0.17058877190638644	0.22004281389555647
0.6999150564307637	cosine	12.0	10.0	4.0	0.40004734568283173	0.03510685701315916
-2.306843494657367	cosine	12.0	10.0	12.0	0.542782456065775	0.007014531725125648
-0.9971870581856037	cosine	12.0	6.0	8.0	0.34960294939005077	0.05679866795607516
2.0014307407549836	cosine	12.0	2.0	12.0	0.520088264892305	0.009291071757416634
0.7464679460938941	cosine	12.0	12.0	4.0	0.35668561398608073	0.053232974601062806
0.43281220678782006	cosine	12.0	12.0	2.0	0.42552676218461316	0.027061931661110435
1.164698514345148	cosine	12.0	8.0	10.0	0.31782086308186436	0.07516173316558697
1.9687106140704043	cosine	12.0	8.0	10.0	0.38138503569823723	0.042167604419924586
-2.462477541197753	cosine	12.0	10.0	6.0	0.23262105259961785	0.14621780365458337
-0.13071402441423868	cosine	12.0	10.0	0.0	0.5940401295066866	0.0035886947605967253
-0.15801257936139748	cosine	12.0	0.0	8.0	0.43771377963650593	0.02379564823412834
-1.4875286095033031	cosine	12.0	8.0	2.0	0.325669473639465	0.07025277592236653
-0.3328364406657382	cosine	12.0	0.0	4.0	0.5627748595326505	0.005432675743650132
1.7003582312533305	cosine	12.0	0.0	10.0	0.34391796971439753	0.05979464037584733
1.2744086695426884	cosine	12.0	2.0	12.0	0.3940062612820492	0.037277784955182205
-0.9741734621903879	cosine	12.0	8.0	10.0	0.15891043154093218	0.2360104104586807
-0.8155323156083093	cosine	12.0	8.0	6.0	0.31782086308186436	0.07516173316558697
-1.128840219392073	cosine	12.0	10.0	8.0	0.38138503569823723	0.042167604419924586
1.3234685679039384	cosine	12.0	4.0	2.0	0.5516087657948688	0.006271913590386279
-0.8459389303743696	cosine	12.0	10.0	2.0	0.28138742976632525	0.10142035953841916
-1.6603753612833252	cosine	12.0	8.0	10.0	0.4449492083146101	0.022018113736134944
0.6900191874345541	cosine	12.0	2.0	0.0	0.2364037567692295	0.1423291682149232
-0.12829260894439695	cosine	12.0	2.0	12.0	0.3940062612820492	0.037277784955182205
-0.7615996392761801	cosine	12.0	12.0	2.0	0.33096525947692135	0.06708239491800405
-1.125286221493288	cosine	12.0	8.0	6.0	0.4767312946227965	0.015480063791539503
-2.7138459281272973	cosine	12.0	4.0	8.0	0.6358308771056221	0.0020033371474573332
-0.45030242089722533	cosine	12.0	8.0	2.0	0.35668561398608073	0.053232974601062806
0.38441805068639084	cosine	12.0	4.0	10.0	0.5539117094069977	0.006089982172122457
2.6213517619470266	cosine	12.0	4.0	8.0	0.542782456065775	0.007014531725125648
-0.27245271152987516	cosine	12.0	4.0	8.0	0.38770175433269644	0.03965908586713749
0.38431424929565194	cosine	12.0	4.0	10.0	0.49236596391733134	0.012928792206995913
0.20941101615972021	cosine	12.0	8.0	10.0	0.34960294939005077	0.05679866795607516
-1.1526419839723783	cosine	12.0	6.0	8.0	0.41316712200642364	0.03074837886955296
-0.058068989995324456	cosine	12.0	10.0	6.0	0.35668561398608073	0.053232974601062806
-0.032475222818914795	cosine	12.0	0.0	4.0	0.46897904961054204	0.016897895516253123
0.6969130977375305	cosine	12.0	10.0	8.0	0.34960294939005077	0.05679866795607516
-1.8495937690712436	cosine	12.0	6.0	2.0	0.7816317493509034	0.00020196737156346928
-1.3121216309220818	cosine	12.0	6.0	12.0	0.46159309117249814	0.018350598749125858
1.321352264010004	cosine	12.0	4.0	10.0	0.43082021842766494	0.02559992123005601
-0.22367100231464088	cosine	12.0	2.0	0.0	0.26792425767179345	0.11264743725548343
-0.1901362922298073	cosine	12.0	12.0	2.0	0.33096525947692135	0.06708239491800405
0.30415853306341534	cosine	12.0	8.0	4.0	0.325669473639465	0.07025277592236653
-0.520228327795101	cosine	12.0	12.0	2.0	0.33096525947692135	0.06708239491800405
-1.036015107898374	cosine	12.0	0.0	2.0	0.36248576037948527	0.05044712112711767
-1.5529789592312815	cosine	12.0	2.0	10.0	0.40644850966246976	0.03292085287309089
-0.6474869269879273	cosine	12.0	6.0	10.0	0.6358308771056221	0.0020033371474573332
-1.3806330878059716	cosine	12.0	4.0	6.0	0.5516087657948688	0.006271913590386279
0.5964052577860929	cosine	12.0	4.0	0.0	0.2501221597922891	0.12881724171626302
0.5561102493931706	cosine	12.0	0.0	4.0	0.40644850966246976	0.03292085287309089
-0.519620303982608	cosine	12.0	10.0	8.0	0.6356417261637287	0.0020087796364305814
1.2365203211740854	cosine	12.0	10.0	8.0	0.2542566904654915	0.12492539106643724
0.5084992607384642	cosine	12.0	10.0	2.0	0.40644850966246976	0.03292085287309089
-1.4851561606265922	cosine	12.0	6.0	12.0	0.5231388366621645	0.008951565507853972
-0.014768532883252222	cosine	12.0	2.0	4.0	0.2994447585743574	0.08767317792776053
-1.5654415121692333	cosine	12.0	12.0	2.0	0.17336275496410164	0.21634316011970334
0.5050799413388156	cosine	12.0	6.0	4.0	0.36248576037948527	0.05044712112711767
-0.050309039101917856	cosine	12.0	4.0	6.0	0.2048832558666656	0.1768962477431396
2.0852789256548294	cosine	12.0	8.0	10.0	0.5402954672391693	0.0072373318982772135
0.50395507524842	cosine	12.0	8.0	4.0	0.41871789467931214	0.02904431653896035
0.9315949005706142	cosine	12.0	6.0	10.0	0.38770175433269644	0.03965908586713749
0.12952853803004719	cosine	12.0	6.0	8.0	0.4767312946227965	0.015480063791539503
1.0862923923092032	cosine	12.0	4.0	6.0	0.4570472630871771	0.01929656018546278
1.042858142902263	cosine	12.0	4.0	6.0	0.6146497675999968	0.002703128848699784
0.895990664005465	cosine	12.0	8.0	0.0	0.46897904961054204	0.016897895516253123
0.04276751634496599	cosine	12.0	12.0	8.0	0.38770175433269644	0.03965908586713749
-0.4596619296062462	cosine	12.0	4.0	10.0	0.3077287274483321	0.08185299552131142
-0.37908705729262776	cosine	12.0	8.0	10.0	0.730987985088288	0.0004693265510989954
-0.03922113814500285	cosine	12.0	8.0	6.0	0.5720775535473558	0.004811332704071246
-1.1323561767731551	cosine	12.0	2.0	8.0	0.29465333329284926	0.09117756893125428
1.3614664487143462	cosine	12.0	10.0	4.0	0.15386436372416604	0.24310248602607393
-1.5920202650632245	cosine	12.0	4.0	12.0	0.35668561398608073	0.053232974601062806
-0.5588006144389247	cosine	12.0	10.0	8.0	0.2860387767736779	0.0977376033412587
-0.6122536599022237	cosine	12.0	10.0	4.0	0.43082021842766494	0.02559992123005601
-0.12837161225221333	cosine	12.0	6.0	0.0	0.38770175433269644	0.03965908586713749
1.499024331665141	cosine	12.0	8.0	10.0	0.508513380930983	0.01068384436354423
0.023529744081648908	cosine	12.0	4.0	6.0	0.2364037567692295	0.1423291682149232
-1.4253155185419977	cosine	12.0	10.0	0.0	0.37518323968843365	0.044753897420978433
-0.3967031151433805	cosine	12.0	10.0	8.0	0.5402954672391693	0.0072373318982772135
1.5209906064947216	cosine	12.0	2.0	6.0	0.28138742976632525	0.10142035953841916
1.806846775245303	cosine	12.0	12.0	6.0	0.46159309117249814	0.018350598749125858
0.7120626297479093	cosine	12.0	10.0	8.0	0.508513380930983	0.01068384436354423
-1.2485908676820998	cosine	12.0	6.0	8.0	0.508513380930983	0.01068384436354423
-1.0494471715844462	cosine	12.0	2.0	12.0	0.3940062612820492	0.037277784955182205
-0.3216306116329064	cosine	12.0	4.0	0.0	0.43771377963650593	0.02379564823412834
-1.2456113589247149	cosine	12.0	2.0	6.0	0.43771377963650593	0.02379564823412834
-1.242520372149074	cosine	12.0	12.0	10.0	0.48075017537254355	0.014786104244078217
-1.5956897097301959	cosine	12.0	10.0	12.0	0.325669473639465	0.07025277592236653
-1.8476964259115087	cosine	12.0	8.0	0.0	0.18759161984421682	0.1979406704679717
-0.11015719219435537	cosine	12.0	10.0	2.0	0.28138742976632525	0.10142035953841916
-0.41079898547365806	cosine	12.0	6.0	8.0	0.38138503569823723	0.042167604419924586
-1.5255377378006754	cosine	12.0	10.0	0.0	0.34391796971439753	0.05979464037584733
-0.011259667289680617	cosine	12.0	2.0	0.0	0.2364037567692295	0.1423291682149232
-0.09393411770709047	cosine	12.0	8.0	2.0	0.44973403502592785	0.02090527421057417
0.5604800264804949	cosine	12.0	4.0	2.0	0.488567763989741	0.013512582066973257
-1.1633285463993968	cosine	12.0	8.0	10.0	0.4767312946227965	0.015480063791539503
-1.0802936168243131	cosine	12.0	0.0	10.0	0.31265269974036136	0.07853426938217861
-0.329447738249693	cosine	12.0	4.0	6.0	0.26792425767179345	0.11264743725548343
1.3831299965179227	cosine	12.0	8.0	10.0	0.41316712200642364	0.03074837886955296
-0.10164688186565066	cosine	12.0	8.0	10.0	0.5720775535473558	0.004811332704071246
2.1527404275604614	cosine	12.0	0.0	2.0	0.26792425767179345	0.11264743725548343
-0.7321316028098166	cosine	12.0	6.0	4.0	0.33096525947692135	0.06708239491800405
-0.1807409597237369	cosine	12.0	6.0	4.0	0.2364037567692295	0.1423291682149232
0.7230704323856083	cosine	12.0	10.0	8.0	0.4449492083146101	0.022018113736134944
-0.8312126145112053	cosine	12.0	10.0	0.0	0.5315095895586144	0.008075181454718987
0.752721487045974	cosine	12.0	8.0	10.0	0.38138503569823723	0.042167604419924586
-0.8044224774075351	cosine	12.0	8.0	0.0	0.21885688981825296	0.16096491949833142
-0.7879033208661016	cosine	12.0	8.0	6.0	0.4767312946227965	0.015480063791539503
-0.24295932436413584	cosine	12.0	6.0	4.0	0.26792425767179345	0.11264743725548343
0.7966143228497408	cosine	12.0	6.0	4.0	0.6146497675999968	0.002703128848699784
-0.44188945516411265	cosine	12.0	8.0	6.0	0.4767312946227965	0.015480063791539503
0.2673469028218974	cosine	12.0	12.0	10.0	0.35668561398608073	0.053232974601062806
-0.641583855479683	cosine	12.0	6.0	4.0	0.488567763989741	0.013512582066973257
2.053299742047129	cosine	12.0	10.0	6.0	0.542782456065775	0.007014531725125648
-1.0612945838322014	cosine	12.0	8.0	6.0	0.31782086308186436	0.07516173316558697
0.5647372556181931	cosine	12.0	10.0	2.0	0.21885688981825296	0.16096491949833142
0.6258695485439347	cosine	12.0	10.0	8.0	0.22247460415730505	0.1569979267286259
-0.616012555241836	cosine	12.0	12.0	2.0	0.8352932739179443	7.830077777224519e-05
1.3436793523688502	cosine	12.0	6.0	8.0	0.5720775535473558	0.004811332704071246
-0.9654091820433145	cosine	12.0	10.0	12.0	0.35668561398608073	0.053232974601062806
-0.31186211076881204	cosine	12.0	0.0	2.0	0.33096525947692135	0.06708239491800405
0.3511540262316232	cosine	12.0	4.0	2.0	0.26792425767179345	0.11264743725548343
-0.7648841999500069	cosine	12.0	10.0	4.0	0.40004734568283173	0.03510685701315916
-1.5563530311039822	cosine	12.0	8.0	10.0	0.38138503569823723	0.042167604419924586
-0.2168381802890785	cosine	12.0	10.0	2.0	0.5627748595326505	0.005432675743650132
0.0577810416967773	cosine	12.0	2.0	4.0	0.4570472630871771	0.01929656018546278
-1.869728457143898	cosine	12.0	8.0	10.0	0.41316712200642364	0.03074837886955296
0.020707938822232444	cosine	12.0	8.0	6.0	0.41316712200642364	0.03074837886955296
0.7221619813418166	cosine	12.0	12.0	2.0	0.520088264892305	0.009291071757416634
-0.1953246414389878	cosine	12.0	4.0	6.0	0.6146497675999968	0.002703128848699784
-0.5319002015497605	cosine	12.0	10.0	8.0	0.508513380930983	0.01068384436354423
0.47877626082163255	cosine	12.0	6.0	4.0	0.33096525947692135	0.06708239491800405
0.34625219719842104	cosine	12.0	2.0	10.0	0.46897904961054204	0.016897895516253123
-1.1978304268757027	cosine	12.0	6.0	0.0	0.6358308771056221	0.0020033371474573332
1.5480448646468739	cosine	12.0	8.0	0.0	0.5627748595326505	0.005432675743650132
1.8046377233027888	cosine	12.0	4.0	8.0	0.38770175433269644	0.03965908586713749
-0.7911908387405517	cosine	12.0	8.0	10.0	0.508513380930983	0.01068384436354423
-1.2489808369798272	cosine	12.0	6.0	4.0	0.4570472630871771	0.01929656018546278
0.46482051499560456	cosine	12.0	6.0	0.0	0.26363719294623356	0.11640217218244758
2.5257142198536364	cosine	12.0	8.0	10.0	0.5402954672391693	0.0072373318982772135
-0.3504192999189176	cosine	12.0	12.0	2.0	0.520088264892305	0.009291071757416634
0.8280133056689334	cosine	12.0	4.0	2.0	0.42552676218461316	0.027061931661110435
-1.0737768582855507	cosine	12.0	10.0	0.0	0.43771377963650593	0.02379564823412834
0.33623685715934964	cosine	12.0	8.0	2.0	0.5737985964123907	0.004703590814103545
0.5333714490641897	cosine	12.0	8.0	6.0	0.6038596398555423	0.0031385812005819934
-0.5328822621606348	cosine	12.0	8.0	4.0	0.5117663157191593	0.010275152505006458
0.8292659097705807	cosine	12.0	2.0	4.0	0.36248576037948527	0.05044712112711767
-0.33661829560683787	cosine	12.0	0.0	2.0	0.488567763989741	0.013512582066973257
-1.2545459822835237	cosine	12.0	0.0	6.0	0.41871789467931214	0.02904431653896035
1.5755666620111728	cosine	12.0	2.0	4.0	0.26792425767179345	0.11264743725548343
0.36971611143851135	cosine	12.0	2.0	6.0	0.34391796971439753	0.05979464037584733
-0.6252264627757389	cosine	12.0	10.0	12.0	0.29465333329284926	0.09117756893125428
-0.22861959649228727	cosine	12.0	12.0	6.0	0.21541010921383247	0.16480480916667006
0.642393624594675	cosine	12.0	6.0	2.0	0.5002443195845782	0.011787064559833655
-0.6159962171099083	cosine	12.0	10.0	8.0	0.38138503569823723	0.042167604419924586
-0.3582302407217914	cosine	12.0	2.0	6.0	0.5627748595326505	0.005432675743650132
0.5146901950473949	cosine	12.0	10.0	0.0	0.37518323968843365	0.044753897420978433
0.463420336330096	cosine	12.0	8.0	10.0	0.2542566904654915	0.12492539106643724
2.1365712787919793	cosine	12.0	6.0	0.0	0.6048147367590064	0.0030976341623523166
-1.1575435771305744	cosine	12.0	10.0	0.0	0.21885688981825296	0.16096491949833142
-1.8594702389164202	cosine	12.0	6.0	0.0	0.48075017537254355	0.014786104244078217
0.3561883064748107	cosine	12.0	12.0	10.0	0.48075017537254355	0.014786104244078217
0.2879310762481314	cosine	12.0	2.0	0.0	0.4570472630871771	0.01929656018546278
0.14056499285852972	cosine	12.0	2.0	4.0	0.42552676218461316	0.027061931661110435
-1.1504926617494915	cosine	12.0	10.0	0.0	0.18759161984421682	0.1979406704679717
-1.841209142828429	cosine	12.0	4.0	12.0	0.325669473639465	0.07025277592236653
0.609429089375114	cosine	12.0	6.0	4.0	0.4570472630871771	0.01929656018546278
0.10423431314412532	cosine	12.0	0.0	10.0	0.15632634987018068	0.23962792898088553
1.6180395086992614	cosine	12.0	4.0	2.0	0.5516087657948688	0.006271913590386279
-1.114424279400225	cosine	12.0	12.0	10.0	0.29465333329284926	0.09117756893125428
-0.5012352913634607	cosine	12.0	8.0	2.0	0.48075017537254355	0.014786104244078217
-0.7105209661727988	cosine	12.0	12.0	6.0	0.27695585470349887	0.10502217458211738
-1.0187375956171179	cosine	12.0	10.0	0.0	0.28138742976632525	0.10142035953841916
-0.8208158018092425	cosine	12.0	0.0	10.0	0.31265269974036136	0.07853426938217861
-0.3461060613348431	cosine	12.0	2.0	10.0	0.37518323968843365	0.044753897420978433
-1.1150946653909766	cosine	12.0	10.0	12.0	0.17058877190638644	0.22004281389555647
-0.0008368775096978514	cosine	12.0	8.0	6.0	0.34960294939005077	0.05679866795607516
0.22150028684170525	cosine	12.0	12.0	2.0	0.6146497675999968	0.002703128848699784
0.7688394812325753	cosine	12.0	2.0	8.0	0.41871789467931214	0.02904431653896035
1.396177652725019	cosine	12.0	4.0	6.0	0.42552676218461316	0.027061931661110435
-0.09729228765726293	cosine	12.0	2.0	4.0	0.26792425767179345	0.11264743725548343
-0.5499111298052383	cosine	12.0	12.0	10.0	0.26363719294623356	0.11640217218244758
-1.3069696541940625	cosine	12.0	4.0	8.0	0.41871789467931214	0.02904431653896035
-0.5118864916464606	cosine	12.0	6.0	8.0	0.6038596398555423	0.0031385812005819934
0.6039765657842168	cosine	12.0	2.0	4.0	0.5831292666974328	0.004156084107205838
0.15008127367291277	cosine	12.0	10.0	8.0	0.508513380930983	0.01068384436354423
0.23056893818874558	cosine	12.0	2.0	12.0	0.2994447585743574	0.08767317792776053
-1.7351920957592442	cosine	12.0	4.0	6.0	0.42552676218461316	0.027061931661110435
-0.20030946275498682	cosine	12.0	0.0	2.0	0.488567763989741	0.013512582066973257
-0.1951981830318955	cosine	12.0	0.0	10.0	0.28138742976632525	0.10142035953841916
0.14554365292724505	cosine	12.0	12.0	2.0	0.5516087657948688	0.006271913590386279
-0.5437478987326583	cosine	12.0	4.0	6.0	0.2994447585743574	0.08767317792776053
-2.215551515957427	cosine	12.0	8.0	10.0	0.41316712200642364	0.03074837886955296
0.8096838433791261	cosine	12.0	8.0	2.0	0.44973403502592785	0.02090527421057417
-0.7821049074914037	cosine	12.0	12.0	2.0	0.3940062612820492	0.037277784955182205
-1.3667013325145938	cosine	12.0	2.0	10.0	0.31265269974036136	0.07853426938217861
0.5095373737297633	cosine	12.0	8.0	10.0	0.22247460415730505	0.1569979267286259
-0.0996616810661452	cosine	12.0	4.0	10.0	0.40004734568283173	0.03510685701315916
-0.09082390228216823	cosine	12.0	10.0	8.0	0.34960294939005077	0.05679866795607516
0.4588880563966731	cosine	12.0	10.0	12.0	0.542782456065775	0.007014531725125648
-0.6371863883670402	cosine	12.0	8.0	10.0	0.41316712200642364	0.03074837886955296
0.18130187166479586	cosine	12.0	4.0	8.0	0.35668561398608073	0.053232974601062806
-0.40122606366086977	cosine	12.0	2.0	10.0	0.46897904961054204	0.016897895516253123
-0.14772124066046852	cosine	12.0	4.0	6.0	0.4570472630871771	0.01929656018546278
1.4054526995113186	cosine	12.0	8.0	4.0	0.29465333329284926	0.09117756893125428
0.827409188873203	cosine	12.0	12.0	2.0	0.36248576037948527	0.05044712112711767
-1.0807637939934958	cosine	12.0	6.0	8.0	0.5720775535473558	0.004811332704071246
-1.9124679969097242	cosine	12.0	4.0	6.0	0.3940062612820492	0.037277784955182205
-0.6163027664884085	cosine	12.0	12.0	10.0	0.325669473639465	0.07025277592236653
0.08672884171581663	cosine	12.0	6.0	10.0	0.35668561398608073	0.053232974601062806
-0.0677934767539478	cosine	12.0	4.0	6.0	0.33096525947692135	0.06708239491800405
-0.7121428356189381	cosine	12.0	8.0	6.0	0.34960294939005077	0.05679866795607516
-0.06407537274434066	cosine	12.0	0.0	6.0	0.48075017537254355	0.014786104244078217
-0.2703129104158107	cosine	12.0	12.0	2.0	0.6146497675999968	0.002703128848699784
-0.5113804690721716	cosine	12.0	6.0	8.0	0.5720775535473558	0.004811332704071246
-0.3754369975912731	cosine	12.0	2.0	4.0	0.2994447585743574	0.08767317792776053
-0.053937740739649645	cosine	12.0	2.0	6.0	0.40644850966246976	0.03292085287309089
-1.7309800816162797	cosine	12.0	6.0	10.0	0.26363719294623356	0.11640217218244758
0.729698420373121	cosine	12.0	6.0	12.0	0.18463723646899924	0.20168182460565853
0.09746066800776303	cosine	12.0	10.0	8.0	0.34960294939005077	0.05679866795607516
0.8309734836669969	cosine	12.0	6.0	8.0	0.4449492083146101	0.022018113736134944
-0.06945863261272119	cosine	12.0	12.0	4.0	0.5737985964123907	0.004703590814103545
-0.4707022597465152	cosine	12.0	6.0	4.0	0.6461702685025607	0.001725440175873364
1.0706509379724867	cosine	12.0	12.0	4.0	0.5737985964123907	0.004703590814103545
0.02376932788458417	cosine	12.0	2.0	12.0	0.36248576037948527	0.05044712112711767
0.6808163638019524	cosine	12.0	4.0	2.0	0.4570472630871771	0.01929656018546278
-1.3543267364852511	cosine	12.0	2.0	10.0	0.5940401295066866	0.0035886947605967253
0.7552683727111529	cosine	12.0	2.0	4.0	0.3940062612820492	0.037277784955182205
-0.4973036351149794	cosine	12.0	12.0	10.0	0.26363719294623356	0.11640217218244758
-0.41321179487284065	cosine	12.0	12.0	10.0	0.6048147367590064	0.0030976341623523166
-0.6695697373369967	cosine	12.0	12.0	4.0	0.325669473639465	0.07025277592236653
0.10301201134161775	cosine	12.0	2.0	12.0	0.6461702685025607	0.001725440175873364
-0.06618937053918063	cosine	12.0	4.0	6.0	0.3940062612820492	0.037277784955182205
1.3694751946906796	cosine	12.0	2.0	8.0	0.38770175433269644	0.03965908586713749
0.9391329836277285	cosine	12.0	8.0	6.0	0.4449492083146101	0.022018113736134944
-0.23515295097063107	cosine	12.0	8.0	10.0	0.6356417261637287	0.0020087796364305814
0.012225230593201419	cosine	12.0	0.0	2.0	0.26792425767179345	0.11264743725548343
0.316325766669965	cosine	12.0	6.0	4.0	0.488567763989741	0.013512582066973257
0.7497948119295325	cosine	12.0	2.0	0.0	0.33096525947692135	0.06708239491800405
-0.2400827329626973	cosine	12.0	4.0	2.0	0.4570472630871771	0.01929656018546278
0.1922381427303355	cosine	12.0	6.0	2.0	0.40644850966246976	0.03292085287309089
-0.46464651097086984	cosine	12.0	0.0	8.0	0.21885688981825296	0.16096491949833142
-0.43966799421741665	cosine	12.0	2.0	12.0	0.2364037567692295	0.1423291682149232
0.2504504340149629	cosine	12.0	8.0	10.0	0.2860387767736779	0.0977376033412587
-0.4100619498144689	cosine	12.0	4.0	6.0	0.36248576037948527	0.05044712112711767
-1.0283545842220787	cosine	12.0	2.0	8.0	0.325669473639465	0.07025277592236653
0.526807382728653	cosine	12.0	6.0	8.0	0.6038596398555423	0.0031385812005819934
-0.2823927160470295	cosine	12.0	8.0	10.0	0.09534625892455931	0.3330462617847142
0.286915529060644	cosine	12.0	6.0	8.0	0.5402954672391693	0.0072373318982772135
0.4254645282142613	cosine	12.0	10.0	8.0	0.2860387767736779	0.0977376033412587
-0.14839257626058877	cosine	12.0	4.0	2.0	0.4570472630871771	0.01929656018546278
-0.20283093914114517	cosine	12.0	12.0	6.0	0.49236596391733134	0.012928792206995913
0.7514873867356674	cosine	12.0	4.0	12.0	0.38770175433269644	0.03965908586713749
-0.2174441926759453	cosine	12.0	8.0	6.0	0.4767312946227965	0.015480063791539503
1.3843304758203072	cosine	12.0	8.0	6.0	0.34960294939005077	0.05679866795607516
0.5916833714312758	cosine	12.0	8.0	6.0	0.2542566904654915	0.12492539106643724
-1.8136968692524744	cosine	12.0	0.0	10.0	0.28138742976632525	0.10142035953841916
0.1948253262189665	cosine	12.0	12.0	4.0	0.6048147367590064	0.0030976341623523166
0.07075504678803261	cosine	12.0	2.0	4.0	0.3940062612820492	0.037277784955182205
-2.190274869392476	cosine	12.0	0.0	2.0	0.3940062612820492	0.037277784955182205
-0.04974098112949534	cosine	12.0	12.0	10.0	0.26363719294623356	0.11640217218244758
0.3309731301276437	cosine	12.0	4.0	6.0	0.33096525947692135	0.06708239491800405
0.7255023310199251	cosine	12.0	4.0	2.0	0.36248576037948527	0.05044712112711767
-0.8281271002779548	cosine	12.0	10.0	8.0	0.6356417261637287	0.0020087796364305814
-0.9947424938999446	cosine	12.0	12.0	2.0	0.42552676218461316	0.027061931661110435
-0.6267522457853643	cosine	12.0	6.0	8.0	0.6674238124719151	0.0012612939717876347
-1.102090705748557	cosine	12.0	12.0	10.0	0.38770175433269644	0.03965908586713749
0.6124988457537341	cosine	12.0	10.0	6.0	0.325669473639465	0.07025277592236653
0.3380985809214999	cosine	12.0	4.0	2.0	0.11032175315897377	0.30878653769005726
-1.0650353073507526	cosine	12.0	6.0	8.0	0.4449492083146101	0.022018113736134944
1.615075380154515	cosine	12.0	10.0	2.0	0.21885688981825296	0.16096491949833142
2.0208709119302024	cosine	12.0	4.0	0.0	0.5315095895586144	0.008075181454718987
1.7688353121756353	cosine	12.0	8.0	6.0	0.2542566904654915	0.12492539106643724
0.6526302963984348	cosine	12.0	12.0	10.0	0.48075017537254355	0.014786104244078217
1.0372893034921027	cosine	12.0	10.0	2.0	0.31265269974036136	0.07853426938217861
0.3047843472482639	cosine	12.0	8.0	6.0	0.31782086308186436	0.07516173316558697
0.03747006980223385	cosine	12.0	0.0	2.0	0.36248576037948527	0.05044712112711767
-0.5986252872007796	cosine	12.0	8.0	6.0	0.6674238124719151	0.0012612939717876347
-1.1280518533796107	cosine	12.0	0.0	2.0	0.6461702685025607	0.001725440175873364
-0.839474789435814	cosine	12.0	0.0	8.0	0.43771377963650593	0.02379564823412834
0.9170789202359825	cosine	12.0	8.0	6.0	0.2860387767736779	0.0977376033412587
-1.188657521078635	cosine	12.0	2.0	12.0	0.488567763989741	0.013512582066973257
-0.658192516906102	cosine	12.0	2.0	4.0	0.3940062612820492	0.037277784955182205
0.8564665070048065	cosine	12.0	8.0	2.0	0.5737985964123907	0.004703590814103545
-1.8822190774029735	cosine	12.0	12.0	10.0	0.20160491225300214	0.18077354211323055
-0.5210281088120667	cosine	12.0	6.0	4.0	0.4570472630871771	0.01929656018546278
-0.2651016208972982	cosine	12.0	8.0	2.0	0.35668561398608073	0.053232974601062806
1.3815237749001363	cosine	12.0	2.0	12.0	0.36248576037948527	0.05044712112711767
0.901374210664826	cosine	12.0	12.0	10.0	0.5117663157191593	0.010275152505006458
-0.4803344144551164	cosine	12.0	0.0	4.0	0.40644850966246976	0.03292085287309089
0.002069059076395186	cosine	12.0	12.0	10.0	0.6358308771056221	0.0020033371474573332
1.5169845287482513	cosine	12.0	8.0	10.0	0.2860387767736779	0.0977376033412587
1.0537879773843142	cosine	12.0	10.0	8.0	0.4767312946227965	0.015480063791539503
-0.40309963126061743	cosine	12.0	12.0	2.0	0.2048832558666656	0.1768962477431396
-0.5424413346370013	cosine	12.0	12.0	2.0	0.488567763989741	0.013512582066973257
-0.7692141155600595	cosine	12.0	10.0	0.0	0.34391796971439753	0.05979464037584733
-0.6897062844017489	cosine	12.0	2.0	12.0	0.5831292666974328	0.004156084107205838
0.9063209711477258	cosine	12.0	2.0	0.0	0.4570472630871771	0.01929656018546278
0.20985341180891268	cosine	12.0	6.0	8.0	0.34960294939005077	0.05679866795607516
-1.3751134241266352	cosine	12.0	2.0	12.0	0.488567763989741	0.013512582066973257
-2.250700735332614	cosine	12.0	12.0	2.0	0.2994447585743574	0.08767317792776053
-1.6982510071937726	cosine	12.0	6.0	4.0	0.33096525947692135	0.06708239491800405
-0.04252189306407543	cosine	12.0	2.0	12.0	0.36248576037948527	0.05044712112711767
0.7507658174912163	cosine	12.0	6.0	12.0	0.18463723646899924	0.20168182460565853
-2.6507312095457616	cosine	12.0	12.0	4.0	0.17058877190638644	0.22004281389555647
-0.018980524649056932	cosine	12.0	2.0	4.0	0.4570472630871771	0.01929656018546278
-0.6618099061110969	cosine	12.0	6.0	8.0	0.5402954672391693	0.0072373318982772135
0.4353759883004554	cosine	12.0	12.0	10.0	0.542782456065775	0.007014531725125648
0.5449627077579199	cosine	12.0	0.0	10.0	0.28138742976632525	0.10142035953841916
0.8906435914475794	cosine	12.0	12.0	2.0	0.36248576037948527	0.05044712112711767
-0.39436902386344674	cosine	12.0	8.0	10.0	0.2860387767736779	0.0977376033412587
-0.20436423746921517	cosine	12.0	2.0	12.0	0.2048832558666656	0.1768962477431396
1.697099937415116	cosine	12.0	4.0	12.0	0.35668561398608073	0.053232974601062806
0.23375120461696497	cosine	12.0	2.0	12.0	0.2994447585743574	0.08767317792776053
-0.8620578127489686	cosine	12.0	2.0	4.0	0.26792425767179345	0.11264743725548343
0.20261911309888586	cosine	12.0	2.0	12.0	0.33096525947692135	0.06708239491800405
0.4621892001793042	cosine	12.0	8.0	10.0	0.19069251784911861	0.19405940885016393
0.08898720648332038	cosine	12.0	0.0	4.0	0.46897904961054204	0.016897895516253123
-1.185610654112119	cosine	12.0	4.0	6.0	0.26792425767179345	0.11264743725548343
-0.1318075670464017	cosine	12.0	4.0	8.0	0.542782456065775	0.007014531725125648
0.7921546373468659	cosine	12.0	2.0	4.0	0.2994447585743574	0.08767317792776053
1.1636879763872876	cosine	12.0	8.0	0.0	0.5002443195845782	0.011787064559833655
-1.0542865818649925	cosine	12.0	0.0	10.0	0.46897904961054204	0.016897895516253123
0.45961688939891354	cosine	12.0	8.0	6.0	0.38138503569823723	0.042167604419924586
-0.0958726173013782	cosine	12.0	12.0	10.0	0.6048147367590064	0.0030976341623523166
0.6721357672166386	cosine	12.0	6.0	4.0	0.3940062612820492	0.037277784955182205
-2.419678489843157	cosine	12.0	4.0	6.0	0.2994447585743574	0.08767317792776053
1.129360306801215	cosine	12.0	0.0	8.0	0.40644850966246976	0.03292085287309089
1.881082640713166	cosine	12.0	8.0	4.0	0.1395726315597707	0.26379925819755046
0.26539365377018026	cosine	12.0	10.0	12.0	0.325669473639465	0.07025277592236653
-0.4380165051110842	cosine	12.0	8.0	10.0	0.15891043154093218	0.2360104104586807
-0.8070852693139955	cosine	12.0	0.0	10.0	0.5315095895586144	0.008075181454718987
-0.19588128962808335	cosine	12.0	6.0	8.0	0.41316712200642364	0.03074837886955296
1.1415748523057068	cosine	12.0	12.0	2.0	0.6146497675999968	0.002703128848699784
0.6566598770105452	cosine	12.0	2.0	4.0	0.36248576037948527	0.05044712112711767
0.6335897979030736	cosine	12.0	6.0	4.0	0.6146497675999968	0.002703128848699784
1.2753179206090757	cosine	12.0	12.0	6.0	0.24618298195866567	0.13260270265321483
0.5910172526007106	cosine	12.0	6.0	8.0	0.6038596398555423	0.0031385812005819934
-0.5192310689241055	cosine	12.0	6.0	4.0	0.488567763989741	0.013512582066973257
0.6399840523207274	cosine	12.0	6.0	4.0	0.42552676218461316	0.027061931661110435
0.46789856457531975	cosine	12.0	2.0	12.0	0.4570472630871771	0.01929656018546278
-1.02092898371191	cosine	12.0	10.0	8.0	0.41316712200642364	0.03074837886955296
-0.17506248736732827	cosine	12.0	2.0	12.0	0.2994447585743574	0.08767317792776053
-0.30592471484367545	cosine	12.0	4.0	10.0	0.5231388366621645	0.008951565507853972
0.41747342484509714	cosine	12.0	12.0	2.0	0.3940062612820492	0.037277784955182205
-0.33484129746018076	cosine	12.0	0.0	4.0	0.46897904961054204	0.016897895516253123
-1.2756123339911456	cosine	12.0	12.0	6.0	0.18463723646899924	0.20168182460565853
0.4556258781043658	cosine	12.0	4.0	8.0	0.5117663157191593	0.010275152505006458
-1.8959468571326854	cosine	12.0	8.0	2.0	0.26363719294623356	0.11640217218244758
-0.5463156195548546	cosine	12.0	8.0	6.0	0.34960294939005077	0.05679866795607516
0.3728362411078219	cosine	12.0	8.0	4.0	0.20160491225300214	0.18077354211323055
1.2587764200536242	cosine	12.0	10.0	6.0	0.38770175433269644	0.03965908586713749
0.46217525133001336	cosine	12.0	2.0	12.0	0.2048832558666656	0.1768962477431396
-1.7928615579949119	cosine	12.0	8.0	6.0	0.4767312946227965	0.015480063791539503
0.7029365786154469	cosine	12.0	8.0	6.0	0.34960294939005077	0.05679866795607516
-1.432790317875764	cosine	12.0	12.0	2.0	0.4570472630871771	0.01929656018546278
-2.518425555604226	cosine	12.0	2.0	8.0	0.6668470174522378	0.0012722098173665757
-0.8043706791817516	cosine	12.0	2.0	4.0	0.2048832558666656	0.1768962477431396
1.0366584587546623	cosine	12.0	10.0	0.0	0.37518323968843365	0.044753897420978433
0.8796758506627914	cosine	12.0	8.0	12.0	0.35668561398608073	0.053232974601062806
0.09387314451433533	cosine	12.0	10.0	8.0	0.4767312946227965	0.015480063791539503
-1.266462019261193	cosine	12.0	6.0	8.0	0.38138503569823723	0.042167604419924586
0.022707200873888823	cosine	12.0	12.0	2.0	0.7407317712102525	0.00040057811829428313
0.29714815889354024	cosine	12.0	4.0	0.0	0.37518323968843365	0.044753897420978433
0.12983407837788852	cosine	12.0	6.0	8.0	0.19069251784911861	0.19405940885016393
0.8185341881747844	cosine	12.0	2.0	4.0	0.4570472630871771	0.01929656018546278
-0.5255201043967811	cosine	12.0	8.0	6.0	0.41316712200642364	0.03074837886955296
-0.2922580735512033	cosine	12.0	0.0	8.0	0.37518323968843365	0.044753897420978433
0.7177787695275606	cosine	12.0	0.0	2.0	0.33096525947692135	0.06708239491800405
-0.8670182178612464	cosine	12.0	12.0	6.0	0.49236596391733134	0.012928792206995913
-0.028843919533538973	cosine	12.0	8.0	6.0	0.41316712200642364	0.03074837886955296
-1.5201542804226584	cosine	12.0	10.0	12.0	0.5117663157191593	0.010275152505006458
-0.4602487051777508	cosine	12.0	8.0	4.0	0.48075017537254355	0.014786104244078217
-0.4573166082114999	cosine	12.0	10.0	8.0	0.4449492083146101	0.022018113736134944
1.219326371329971	cosine	12.0	2.0	4.0	0.42552676218461316	0.027061931661110435
-1.9618696072389579	cosine	12.0	0.0	2.0	0.2994447585743574	0.08767317792776053
0.6573282379050976	cosine	12.0	2.0	4.0	0.488567763989741	0.013512582066973257
0.06105811343010045	cosine	12.0	12.0	10.0	0.44973403502592785	0.02090527421057417
-1.0240467470393155	cosine	12.0	6.0	10.0	0.17058877190638644	0.22004281389555647
-0.34184827545054347	cosine	12.0	12.0	10.0	0.7288792981454693	0.0004855762269990423
-0.6717167598482019	cosine	12.0	8.0	6.0	0.5720775535473558	0.004811332704071246
0.7404159752408862	cosine	12.0	0.0	4.0	0.5940401295066866	0.0035886947605967253
-0.883211599763055	cosine	12.0	8.0	4.0	0.38770175433269644	0.03965908586713749
-1.154274073297001	cosine	12.0	2.0	4.0	0.2994447585743574	0.08767317792776053
0.5284462975811735	cosine	12.0	8.0	6.0	0.19069251784911861	0.19405940885016393
2.028077579259157	cosine	12.0	0.0	8.0	0.21885688981825296	0.16096491949833142
0.1762564818327606	cosine	12.0	6.0	0.0	0.38770175433269644	0.03965908586713749
1.1277571743337456	cosine	12.0	12.0	4.0	0.5117663157191593	0.010275152505006458
-0.13966012689231463	cosine	12.0	2.0	4.0	0.488567763989741	0.013512582066973257
-1.4765634937365109	cosine	12.0	8.0	12.0	0.38770175433269644	0.03965908586713749
-1.011955153648416	cosine	12.0	2.0	12.0	0.26792425767179345	0.11264743725548343
-0.86289418155154	cosine	12.0	0.0	2.0	0.488567763989741	0.013512582066973257
0.7013571297192069	cosine	12.0	6.0	4.0	0.26792425767179345	0.11264743725548343
-0.29947124033076306	cosine	12.0	10.0	8.0	0.41316712200642364	0.03074837886955296
0.8691926129431954	cosine	12.0	8.0	12.0	0.26363719294623356	0.11640217218244758
0.8644510403598581	cosine	12.0	4.0	0.0	0.34391796971439753	0.05979464037584733
0.32434888525238253	cosine	12.0	6.0	8.0	0.508513380930983	0.01068384436354423
1.3540367737030081	cosine	12.0	4.0	2.0	0.3940062612820492	0.037277784955182205
1.3405032601579163	cosine	12.0	2.0	12.0	0.26792425767179345	0.11264743725548343
1.1021766132068762	cosine	12.0	0.0	8.0	0.31265269974036136	0.07853426938217861
-0.7678619931168608	cosine	12.0	6.0	4.0	0.3940062612820492	0.037277784955182205
-0.5566046248538955	cosine	12.0	2.0	4.0	0.26792425767179345	0.11264743725548343
-1.5019880012602111	cosine	12.0	4.0	6.0	0.17336275496410164	0.21634316011970334
-1.7968522022307247	cosine	12.0	6.0	4.0	0.2364037567692295	0.1423291682149232
-0.4292720318533062	cosine	12.0	6.0	4.0	0.2994447585743574	0.08767317792776053
-2.628022567774744	cosine	12.0	0.0	2.0	0.33096525947692135	0.06708239491800405
-0.14896838471908708	cosine	12.0	8.0	6.0	0.508513380930983	0.01068384436354423
-0.558226861653368	cosine	12.0	4.0	8.0	0.5117663157191593	0.010275152505006458
-1.8085549830446723	cosine	12.0	6.0	4.0	0.3940062612820492	0.037277784955182205
-1.0157481788265665	cosine	12.0	4.0	6.0	0.3940062612820492	0.037277784955182205
0.007833906138445241	cosine	12.0	2.0	12.0	0.5516087657948688	0.006271913590386279
0.5425124235128616	cosine	12.0	4.0	0.0	0.6253053994807227	0.0023274023270582257
-1.4779367258191902	cosine	12.0	6.0	4.0	0.36248576037948527	0.05044712112711767
0.5595542942042726	cosine	12.0	6.0	4.0	0.2994447585743574	0.08767317792776053
1.0862523555722066	cosine	12.0	0.0	2.0	0.14184225406153772	0.26045348007935765
0.19172230914038135	cosine	12.0	6.0	12.0	0.21541010921383247	0.16480480916667006
-0.35834720877522347	cosine	12.0	10.0	2.0	0.5627748595326505	0.005432675743650132
-1.781012597518173	cosine	12.0	2.0	10.0	0.40644850966246976	0.03292085287309089
0.2053127118698746	cosine	12.0	0.0	2.0	0.3940062612820492	0.037277784955182205
-1.041019777088263	cosine	12.0	6.0	2.0	0.5315095895586144	0.008075181454718987
-1.75720987654522	cosine	12.0	0.0	10.0	0.21885688981825296	0.16096491949833142
0.8570326128929642	cosine	12.0	6.0	2.0	0.34391796971439753	0.05979464037584733
-0.7495302908437323	cosine	12.0	8.0	6.0	0.38138503569823723	0.042167604419924586
0.3175311296330906	cosine	12.0	2.0	12.0	0.42552676218461316	0.027061931661110435
-1.017584518339672	cosine	12.0	12.0	2.0	0.33096525947692135	0.06708239491800405
0.2686257803274473	cosine	12.0	12.0	10.0	0.6668470174522378	0.0012722098173665757
0.802913508282051	cosine	12.0	2.0	4.0	0.26792425767179345	0.11264743725548343
-0.4601389254747756	cosine	12.0	6.0	4.0	0.488567763989741	0.013512582066973257
0.9599864287180015	cosine	12.0	10.0	8.0	0.6356417261637287	0.0020087796364305814
1.5610466062089932	cosine	12.0	2.0	4.0	0.26792425767179345	0.11264743725548343
0.7094808026645941	cosine	12.0	6.0	4.0	0.33096525947692135	0.06708239491800405
-0.308915181446312	cosine	12.0	2.0	4.0	0.2364037567692295	0.1423291682149232
-0.3250936635857857	cosine	12.0	8.0	6.0	0.09534625892455931	0.3330462617847142
-0.9089462259325237	cosine	12.0	10.0	6.0	0.29465333329284926	0.09117756893125428
-0.16131516967213477	cosine	12.0	10.0	0.0	0.40644850966246976	0.03292085287309089
-0.08979788533845767	cosine	12.0	2.0	4.0	0.4570472630871771	0.01929656018546278
-0.29042294621226544	cosine	12.0	6.0	8.0	0.5720775535473558	0.004811332704071246
1.5509414586153645	cosine	12.0	0.0	10.0	0.31265269974036136	0.07853426938217861
-0.8397123672332543	cosine	12.0	0.0	4.0	0.40644850966246976	0.03292085287309089
1.1959799173581915	cosine	12.0	2.0	10.0	0.28138742976632525	0.10142035953841916
-1.6346676689966158	cosine	12.0	4.0	6.0	0.488567763989741	0.013512582066973257
-1.207657853041365	cosine	12.0	0.0	10.0	0.37518323968843365	0.044753897420978433
-0.07939477753898606	cosine	12.0	4.0	6.0	0.36248576037948527	0.05044712112711767
0.7180743047255348	cosine	12.0	10.0	12.0	0.48075017537254355	0.014786104244078217
1.9827248710157064	cosine	12.0	2.0	12.0	0.2994447585743574	0.08767317792776053
0.0028691212374192753	cosine	12.0	2.0	12.0	0.36248576037948527	0.05044712112711767
1.5825348634041239	cosine	12.0	10.0	6.0	0.20160491225300214	0.18077354211323055
1.7682038937926468	cosine	12.0	2.0	0.0	0.33096525947692135	0.06708239491800405
-1.052461458494821	cosine	12.0	0.0	8.0	0.7191012094028312	0.0005679614709175215
-0.165379795128805	cosine	12.0	2.0	8.0	0.41871789467931214	0.02904431653896035
0.08550876625935422	cosine	12.0	4.0	6.0	0.3940062612820492	0.037277784955182205
-1.9007935574639494	cosine	12.0	2.0	4.0	0.2994447585743574	0.08767317792776053
1.075311120299238	cosine	12.0	10.0	6.0	0.26363719294623356	0.11640217218244758
0.050284942629843184	cosine	12.0	12.0	6.0	0.3692744729379985	0.04733536431232824
0.12137381978778987	cosine	12.0	10.0	12.0	0.35668561398608073	0.053232974601062806
1.8191327638073946	cosine	12.0	2.0	4.0	0.2994447585743574	0.08767317792776053
-0.15858387329318074	cosine	12.0	10.0	8.0	0.31782086308186436	0.07516173316558697
-1.5537159220008718	cosine	12.0	12.0	2.0	0.42552676218461316	0.027061931661110435
0.5451738248930195	cosine	12.0	10.0	8.0	0.4767312946227965	0.015480063791539503
1.3616330834321795	cosine	12.0	6.0	0.0	0.6048147367590064	0.0030976341623523166
0.4998787913232443	cosine	12.0	2.0	4.0	0.2364037567692295	0.1423291682149232
-0.7713254695588049	cosine	12.0	2.0	12.0	0.2364037567692295	0.1423291682149232
0.5592304228976983	cosine	12.0	2.0	10.0	0.6565706694547588	0.001481745846560898
-1.247628939249087	cosine	12.0	0.0	6.0	0.5117663157191593	0.010275152505006458
-1.7525543238059766	cosine	12.0	2.0	12.0	0.42552676218461316	0.027061931661110435
0.3418763572321535	cosine	12.0	4.0	10.0	0.5539117094069977	0.006089982172122457
-1.127904391085743	cosine	12.0	4.0	6.0	0.33096525947692135	0.06708239491800405
-0.10110038031941453	cosine	12.0	4.0	8.0	0.6668470174522378	0.0012722098173665757
-1.1132497335487446	cosine	12.0	8.0	6.0	0.2542566904654915	0.12492539106643724
0.05224556490092389	cosine	12.0	8.0	10.0	0.22247460415730505	0.1569979267286259
-0.36735993857144605	cosine	12.0	8.0	0.0	0.43771377963650593	0.02379564823412834
0.8647914577822666	cosine	12.0	12.0	10.0	0.23262105259961785	0.14621780365458337
0.16004380347532363	cosine	12.0	12.0	2.0	0.4570472630871771	0.01929656018546278
-0.25228332082008187	cosine	12.0	8.0	4.0	0.6668470174522378	0.0012722098173665757
-0.992108574642215	cosine	12.0	6.0	12.0	0.09231861823449962	0.33804137435052417
0.4743952071903181	cosine	12.0	6.0	12.0	0.43082021842766494	0.02559992123005601
-1.0593375382556798	cosine	12.0	10.0	8.0	0.508513380930983	0.01068384436354423
-0.06700606745044818	cosine	12.0	12.0	2.0	0.33096525947692135	0.06708239491800405
-1.8388357609949224	cosine	12.0	6.0	4.0	0.2994447585743574	0.08767317792776053
0.6172584080713324	cosine	12.0	10.0	0.0	0.28138742976632525	0.10142035953841916
-0.1971222865990562	cosine	12.0	6.0	8.0	0.7945521577046608	0.00016158962663933533
-0.8792163866620722	cosine	12.0	12.0	2.0	0.36248576037948527	0.05044712112711767
0.038456848996387086	cosine	12.0	10.0	12.0	0.20160491225300214	0.18077354211323055
-0.9289781622785792	cosine	12.0	10.0	6.0	0.23262105259961785	0.14621780365458337
-1.3440488306539076	cosine	12.0	10.0	0.0	0.2501221597922891	0.12881724171626302
1.6051981702109726	cosine	12.0	4.0	8.0	0.41871789467931214	0.02904431653896035
1.3069749325431108	cosine	12.0	10.0	8.0	0.38138503569823723	0.042167604419924586
0.5671290945300925	cosine	12.0	0.0	2.0	0.2994447585743574	0.08767317792776053
-0.85789075047651	cosine	12.0	0.0	10.0	0.43771377963650593	0.02379564823412834
0.2089115496008669	cosine	12.0	4.0	6.0	0.3940062612820492	0.037277784955182205
0.7475491759681944	cosine	12.0	0.0	8.0	0.46897904961054204	0.016897895516253123
-2.580387600749813	cosine	12.0	8.0	10.0	0.41316712200642364	0.03074837886955296
1.550695516713104	cosine	12.0	8.0	12.0	0.6048147367590064	0.0030976341623523166
-1.012902875104166	cosine	12.0	2.0	8.0	0.23262105259961785	0.14621780365458337
0.08605780766555157	cosine	12.0	2.0	12.0	0.26792425767179345	0.11264743725548343
0.03533039026178639	cosine	12.0	6.0	10.0	0.38770175433269644	0.03965908586713749
1.0063057690860615	cosine	12.0	4.0	2.0	0.488567763989741	0.013512582066973257
0.5829659592091784	cosine	12.0	2.0	0.0	0.2994447585743574	0.08767317792776053
1.349604247678913	cosine	12.0	4.0	2.0	0.4570472630871771	0.01929656018546278
-1.3088311938908006	cosine	12.0	12.0	2.0	0.2994447585743574	0.08767317792776053
-0.17793229441491576	cosine	12.0	12.0	6.0	0.3077287274483321	0.08185299552131142
0.9458859179880678	cosine	12.0	10.0	12.0	0.20160491225300214	0.18077354211323055
0.9504228519054143	cosine	12.0	2.0	12.0	0.26792425767179345	0.11264743725548343
0.21955483535062534	cosine	12.0	10.0	8.0	0.34960294939005077	0.05679866795607516
0.66442744655997	cosine	12.0	8.0	6.0	0.730987985088288	0.0004693265510989954
0.5199310777562424	cosine	12.0	12.0	10.0	0.41871789467931214	0.02904431653896035
-0.32830238978839527	cosine	12.0	8.0	6.0	0.31782086308186436	0.07516173316558697
1.6076800468283132	cosine	12.0	10.0	2.0	0.5002443195845782	0.011787064559833655
-0.9476050217059954	cosine	12.0	2.0	10.0	0.34391796971439753	0.05979464037584733
-0.9217319097360407	cosine	12.0	6.0	2.0	0.28138742976632525	0.10142035953841916
2.0701230557694976	cosine	12.0	10.0	8.0	0.4449492083146101	0.022018113736134944
0.5524020984961356	cosine	12.0	4.0	6.0	0.520088264892305	0.009291071757416634
-0.509659014823291	cosine	12.0	8.0	6.0	0.2542566904654915	0.12492539106643724
1.7299441915950775	cosine	12.0	6.0	4.0	0.36248576037948527	0.05044712112711767
-0.14949511215809805	cosine	12.0	4.0	12.0	0.325669473639465	0.07025277592236653
-0.10309523075727407	cosine	12.0	2.0	4.0	0.2364037567692295	0.1423291682149232
1.0850037081524408	cosine	12.0	4.0	2.0	0.3940062612820492	0.037277784955182205
-0.34674518417164685	cosine	12.0	10.0	8.0	0.31782086308186436	0.07516173316558697
-0.14796815648410325	cosine	12.0	2.0	8.0	0.44973403502592785	0.02090527421057417
1.3108632456571296	cosine	12.0	10.0	2.0	0.28138742976632525	0.10142035953841916
-0.20584198155682276	cosine	12.0	8.0	10.0	0.2860387767736779	0.0977376033412587
1.1066466560738735	cosine	12.0	2.0	4.0	0.33096525947692135	0.06708239491800405
0.2679719032995639	cosine	12.0	2.0	10.0	0.18759161984421682	0.1979406704679717
0.7225790874355708	cosine	12.0	10.0	12.0	0.41871789467931214	0.02904431653896035
-1.3543817704381422	cosine	12.0	2.0	12.0	0.3940062612820492	0.037277784955182205
-0.9326214357704806	cosine	12.0	6.0	0.0	0.6358308771056221	0.0020033371474573332
0.010919181888775612	cosine	12.0	6.0	4.0	0.26792425767179345	0.11264743725548343
0.31315511467362694	cosine	12.0	8.0	6.0	0.2542566904654915	0.12492539106643724
0.2921165758201825	cosine	12.0	4.0	2.0	0.33096525947692135	0.06708239491800405
-0.07324481661175274	cosine	12.0	8.0	10.0	0.22247460415730505	0.1569979267286259
-0.27521634639772113	cosine	12.0	2.0	4.0	0.33096525947692135	0.06708239491800405
-1.4117529986281359	cosine	12.0	4.0	2.0	0.3940062612820492	0.037277784955182205
-0.790148004043686	cosine	12.0	10.0	6.0	0.41871789467931214	0.02904431653896035
0.4455043618928676	cosine	12.0	8.0	6.0	0.31782086308186436	0.07516173316558697
-0.8180021200761772	cosine	12.0	4.0	6.0	0.36248576037948527	0.05044712112711767
-1.4996105562322453	cosine	12.0	8.0	10.0	0.6038596398555423	0.0031385812005819934
-0.5533196369489337	cosine	12.0	8.0	10.0	0.34960294939005077	0.05679866795607516
-1.207876334904714	cosine	12.0	12.0	6.0	0.5231388366621645	0.008951565507853972
0.38233871220292054	cosine	12.0	2.0	8.0	0.20160491225300214	0.18077354211323055
-1.3685047499999319	cosine	12.0	4.0	0.0	0.40644850966246976	0.03292085287309089
-1.2859441519340402	cosine	12.0	10.0	12.0	0.44973403502592785	0.02090527421057417
-1.6062967005475586	cosine	12.0	10.0	8.0	0.4449492083146101	0.022018113736134944
-1.622994633908442	cosine	12.0	2.0	12.0	0.6146497675999968	0.002703128848699784
-1.8144474557591508	cosine	12.0	6.0	4.0	0.42552676218461316	0.027061931661110435
-0.3962647833807808	cosine	12.0	6.0	4.0	0.2994447585743574	0.08767317792776053
-1.320495876346848	cosine	12.0	2.0	12.0	0.42552676218461316	0.027061931661110435
-0.269007562240413	cosine	12.0	4.0	6.0	0.11032175315897377	0.30878653769005726
1.1621458647746394	cosine	12.0	8.0	10.0	0.09534625892455931	0.3330462617847142
0.37871166647573257	cosine	12.0	2.0	12.0	0.5831292666974328	0.004156084107205838
-0.8255970593846071	cosine	12.0	8.0	10.0	0.6038596398555423	0.0031385812005819934
0.9357228479423174	cosine	12.0	2.0	8.0	0.5737985964123907	0.004703590814103545
-0.19786333268418305	cosine	12.0	6.0	4.0	0.520088264892305	0.009291071757416634
0.8318939552695428	cosine	12.0	4.0	6.0	0.17336275496410164	0.21634316011970334
1.2779103654976778	cosine	12.0	12.0	10.0	0.20160491225300214	0.18077354211323055
1.9835624272559325	cosine	12.0	12.0	2.0	0.5831292666974328	0.004156084107205838
-0.6300573407131601	cosine	12.0	6.0	12.0	0.3385016001931653	0.06276288318311772
-0.9169809599202096	cosine	12.0	4.0	2.0	0.17336275496410164	0.21634316011970334
1.3408121265888215	cosine	12.0	10.0	2.0	0.31265269974036136	0.07853426938217861
1.2185257263920142	cosine	12.0	6.0	4.0	0.520088264892305	0.009291071757416634
0.9913613965110278	cosine	12.0	8.0	10.0	0.2542566904654915	0.12492539106643724
0.3717405397033136	cosine	12.0	2.0	0.0	0.2364037567692295	0.1423291682149232
-0.8249455610365021	cosine	12.0	12.0	4.0	0.1395726315597707	0.26379925819755046
-1.2361023796094448	cosine	12.0	8.0	6.0	0.31782086308186436	0.07516173316558697
-1.3689776872549932	cosine	12.0	12.0	10.0	0.35668561398608073	0.053232974601062806
-0.6374065723183284	cosine	12.0	10.0	0.0	0.18759161984421682	0.1979406704679717
-2.761708386430528	cosine	12.0	8.0	6.0	0.5402954672391693	0.0072373318982772135
0.03466618148263373	cosine	12.0	6.0	4.0	0.2994447585743574	0.08767317792776053
-0.6529128849250782	cosine	12.0	10.0	8.0	0.34960294939005077	0.05679866795607516
-0.7909384441724451	cosine	12.0	10.0	2.0	0.5627748595326505	0.005432675743650132
-0.6894222461961279	cosine	12.0	8.0	6.0	0.38138503569823723	0.042167604419924586
-0.02738468784721723	cosine	12.0	12.0	10.0	0.26363719294623356	0.11640217218244758
0.8071605144952315	cosine	12.0	2.0	8.0	0.48075017537254355	0.014786104244078217
0.11125449771167487	cosine	12.0	4.0	2.0	0.5831292666974328	0.004156084107205838
0.16123326215649342	cosine	12.0	6.0	4.0	0.3940062612820492	0.037277784955182205
1.6662442798248043	cosine	12.0	8.0	6.0	0.6674238124719151	0.0012612939717876347
1.0558896072704786	cosine	12.0	10.0	4.0	0.49236596391733134	0.012928792206995913
0.5292204215145445	cosine	12.0	2.0	12.0	0.14184225406153772	0.26045348007935765
-0.9640807155090341	cosine	12.0	6.0	4.0	0.4570472630871771	0.01929656018546278
-1.1844235508102527	cosine	12.0	0.0	4.0	0.46897904961054204	0.016897895516253123
-1.05719763212207	cosine	12.0	8.0	12.0	0.48075017537254355	0.014786104244078217
0.24585031374368113	cosine	12.0	6.0	12.0	0.43082021842766494	0.02559992123005601
-0.3038840589412063	cosine	12.0	0.0	6.0	0.44973403502592785	0.02090527421057417
-0.3425918922586545	cosine	12.0	10.0	8.0	0.12712834523274574	0.282525295751344
1.6166348461396576	cosine	12.0	2.0	12.0	0.42552676218461316	0.027061931661110435
0.35537958575366124	cosine	12.0	0.0	10.0	0.43771377963650593	0.02379564823412834
0.9453975161624334	cosine	12.0	4.0	2.0	0.520088264892305	0.009291071757416634
-0.43276851523083687	cosine	12.0	2.0	12.0	0.2048832558666656	0.1768962477431396
-0.5432566481145457	cosine	12.0	4.0	8.0	0.542782456065775	0.007014531725125648
0.08769438283893984	cosine	12.0	8.0	10.0	0.6038596398555423	0.0031385812005819934
1.0433465257228762	cosine	12.0	4.0	8.0	0.41871789467931214	0.02904431653896035
-0.005694769295561328	cosine	12.0	6.0	0.0	0.26363719294623356	0.11640217218244758
0.8158519615086705	cosine	12.0	10.0	8.0	0.31782086308186436	0.07516173316558697
-0.9898063719267218	cosine	12.0	10.0	2.0	0.6565706694547588	0.001481745846560898
-0.47075956030725624	cosine	12.0	10.0	8.0	0.508513380930983	0.01068384436354423
-2.0868988437472376	cosine	12.0	10.0	12.0	0.26363719294623356	0.11640217218244758
1.9625462100981739	cosine	12.0	12.0	4.0	0.6358308771056221	0.0020033371474573332
0.009250474017055837	cosine	12.0	10.0	8.0	0.34960294939005077	0.05679866795607516
0.6234576025273469	cosine	12.0	10.0	2.0	0.40644850966246976	0.03292085287309089
1.9913952014499394	cosine	12.0	10.0	8.0	0.15891043154093218	0.2360104104586807
1.695128811947132	cosine	12.0	10.0	6.0	0.48075017537254355	0.014786104244078217
-0.35442452677822156	cosine	12.0	0.0	8.0	0.31265269974036136	0.07853426938217861
0.33179365313896	cosine	12.0	4.0	12.0	0.5737985964123907	0.004703590814103545
1.2935671514819158	cosine	12.0	6.0	8.0	0.34960294939005077	0.05679866795607516
-0.2641675289332785	cosine	12.0	8.0	12.0	0.38770175433269644	0.03965908586713749
-0.7560285925847681	cosine	12.0	6.0	4.0	0.26792425767179345	0.11264743725548343
-0.6953934645060227	cosine	12.0	6.0	4.0	0.26792425767179345	0.11264743725548343
-0.7167737329233356	cosine	12.0	6.0	10.0	0.26363719294623356	0.11640217218244758
-0.8974485301385527	cosine	12.0	8.0	12.0	0.325669473639465	0.07025277592236653
0.5970681652519145	cosine	12.0	4.0	6.0	0.36248576037948527	0.05044712112711767
-0.29779145561400266	cosine	12.0	4.0	2.0	0.520088264892305	0.009291071757416634
0.5068773553811278	cosine	12.0	4.0	0.0	0.5002443195845782	0.011787064559833655
0.3967429331276815	cosine	12.0	0.0	10.0	0.21885688981825296	0.16096491949833142
0.38065487157698574	cosine	12.0	6.0	0.0	0.23262105259961785	0.14621780365458337
0.11474098598424011	cosine	12.0	6.0	4.0	0.33096525947692135	0.06708239491800405
0.5552907910834305	cosine	12.0	0.0	10.0	0.18759161984421682	0.1979406704679717
-0.7914867393990669	cosine	12.0	4.0	2.0	0.2364037567692295	0.1423291682149232
0.5393574708681169	cosine	12.0	12.0	10.0	0.38770175433269644	0.03965908586713749
0.8589557570762264	cosine	12.0	2.0	0.0	0.2048832558666656	0.1768962477431396
-0.1225713868234897	cosine	12.0	10.0	8.0	0.508513380930983	0.01068384436354423
-0.6140172342875613	cosine	12.0	6.0	2.0	0.31265269974036136	0.07853426938217861
1.5181738954328576	cosine	12.0	8.0	10.0	0.4767312946227965	0.015480063791539503
-0.21597720798762957	cosine	12.0	6.0	2.0	0.18759161984421682	0.1979406704679717
-0.3181988207627454	cosine	12.0	10.0	2.0	0.40644850966246976	0.03292085287309089
1.6498331307075966	cosine	12.0	2.0	12.0	0.36248576037948527	0.05044712112711767
2.394644943516985	cosine	12.0	2.0	4.0	0.36248576037948527	0.05044712112711767
1.7021751218577086	cosine	12.0	2.0	8.0	0.5117663157191593	0.010275152505006458
-0.06590023746133691	cosine	12.0	2.0	4.0	0.36248576037948527	0.05044712112711767
0.5825850738756193	cosine	12.0	2.0	12.0	0.26792425767179345	0.11264743725548343
1.7852503974856544	cosine	12.0	8.0	10.0	0.2860387767736779	0.0977376033412587
-1.2794600672884886	cosine	12.0	12.0	6.0	0.3077287274483321	0.08185299552131142
-0.21923323151917054	cosine	12.0	0.0	10.0	0.5627748595326505	0.005432675743650132
0.16092602171969972	cosine	12.0	8.0	6.0	0.34960294939005077	0.05679866795607516
0.6155078172226304	cosine	12.0	2.0	8.0	0.23262105259961785	0.14621780365458337
1.443838756851361	cosine	12.0	2.0	10.0	0.43771377963650593	0.02379564823412834
-0.0834015635018058	cosine	12.0	10.0	8.0	0.34960294939005077	0.05679866795607516
0.20296628647459555	cosine	12.0	2.0	4.0	0.2994447585743574	0.08767317792776053
-0.34610766876236004	cosine	12.0	10.0	2.0	0.37518323968843365	0.044753897420978433
0.37447338102314026	cosine	12.0	0.0	2.0	0.17336275496410164	0.21634316011970334
0.0989577869991485	cosine	12.0	2.0	10.0	0.5940401295066866	0.0035886947605967253
1.5774557127756363	cosine	12.0	4.0	10.0	0.6462303276414973	0.001723933898960118
-0.2679812097335539	cosine	12.0	10.0	2.0	0.40644850966246976	0.03292085287309089
-0.2807653718202831	cosine	12.0	8.0	6.0	0.4449492083146101	0.022018113736134944
1.0243237185501355	cosine	12.0	6.0	4.0	0.3940062612820492	0.037277784955182205
1.628262473592165	cosine	12.0	10.0	6.0	0.35668561398608073	0.053232974601062806
-0.5104574671772932	cosine	12.0	6.0	4.0	0.36248576037948527	0.05044712112711767
-0.8080631812095932	cosine	12.0	10.0	4.0	0.40004734568283173	0.03510685701315916
1.3810326111309172	cosine	12.0	10.0	8.0	0.38138503569823723	0.042167604419924586
0.05790715223970094	cosine	12.0	6.0	0.0	0.325669473639465	0.07025277592236653
-0.5071858227632771	cosine	12.0	12.0	8.0	0.44973403502592785	0.02090527421057417
1.2841038859158824	cosine	12.0	8.0	4.0	0.41871789467931214	0.02904431653896035
0.7107967911668552	cosine	12.0	10.0	8.0	0.34960294939005077	0.05679866795607516
0.7873172979215868	cosine	12.0	6.0	8.0	0.19069251784911861	0.19405940885016393
-1.472782549428028	cosine	12.0	4.0	6.0	0.2048832558666656	0.1768962477431396
0.27105352202423183	cosine	12.0	10.0	8.0	0.22247460415730505	0.1569979267286259
-0.9228340505004938	cosine	12.0	4.0	0.0	0.37518323968843365	0.044753897420978433
1.005955809691772	cosine	12.0	12.0	2.0	0.2048832558666656	0.1768962477431396
0.08328853878789486	cosine	12.0	12.0	2.0	0.42552676218461316	0.027061931661110435
-0.3381077331352033	cosine	12.0	6.0	8.0	0.8581163303210337	5.14494420403597e-05
-0.5390034270231826	cosine	12.0	10.0	0.0	0.28138742976632525	0.10142035953841916
-0.2192987993971006	cosine	12.0	2.0	10.0	0.34391796971439753	0.05979464037584733
0.11438559020232297	cosine	12.0	10.0	4.0	0.49236596391733134	0.012928792206995913
-1.5809158420772569	cosine	12.0	6.0	10.0	0.325669473639465	0.07025277592236653
-0.9618585255148331	cosine	12.0	12.0	6.0	0.3385016001931653	0.06276288318311772
0.3011457870153227	cosine	12.0	12.0	6.0	0.27695585470349887	0.10502217458211738
2.07758372082432	cosine	12.0	10.0	0.0	0.28138742976632525	0.10142035953841916
-0.6224016662314894	cosine	12.0	10.0	2.0	0.40644850966246976	0.03292085287309089
2.6891961450576796	cosine	12.0	6.0	8.0	0.38138503569823723	0.042167604419924586
-0.040902791027155015	cosine	12.0	2.0	0.0	0.6461702685025607	0.001725440175873364
-0.273311414110894	cosine	12.0	4.0	12.0	0.6358308771056221	0.0020033371474573332
-0.3602225954230395	cosine	12.0	12.0	2.0	0.2994447585743574	0.08767317792776053
-1.8010058027494014	cosine	12.0	8.0	12.0	0.542782456065775	0.007014531725125648
-0.6541566800457179	cosine	12.0	12.0	10.0	0.5117663157191593	0.010275152505006458
1.9903567736508816	cosine	12.0	2.0	4.0	0.36248576037948527	0.05044712112711767
0.18528963999060355	cosine	12.0	4.0	2.0	0.17336275496410164	0.21634316011970334
1.2720450267041081	cosine	12.0	8.0	10.0	0.34960294939005077	0.05679866795607516
-0.4951541810263667	cosine	12.0	12.0	2.0	0.36248576037948527	0.05044712112711767
0.03365126931878095	cosine	12.0	10.0	8.0	0.5720775535473558	0.004811332704071246
-0.44941558997794306	cosine	12.0	0.0	10.0	0.40644850966246976	0.03292085287309089
0.5074018568979081	cosine	12.0	10.0	0.0	0.40644850966246976	0.03292085287309089
0.289915074904222	cosine	12.0	8.0	10.0	0.508513380930983	0.01068384436354423
0.37355625637510775	cosine	12.0	8.0	6.0	0.2542566904654915	0.12492539106643724
0.3043026465184434	cosine	12.0	0.0	10.0	0.5315095895586144	0.008075181454718987
-3.837984910635539	cosine	12.0	6.0	8.0	0.38138503569823723	0.042167604419924586
1.1974757489349468	cosine	12.0	8.0	6.0	0.4767312946227965	0.015480063791539503
0.8990989105503184	cosine	12.0	4.0	2.0	0.3940062612820492	0.037277784955182205
-1.2042412605362134	cosine	12.0	8.0	10.0	0.34960294939005077	0.05679866795607516
0.30424383714491143	cosine	12.0	10.0	12.0	0.26363719294623356	0.11640217218244758
1.1302357573339843	cosine	12.0	6.0	8.0	0.19069251784911861	0.19405940885016393
0.2564685694618025	cosine	12.0	6.0	4.0	0.3940062612820492	0.037277784955182205
-0.4731631303360707	cosine	12.0	2.0	12.0	0.36248576037948527	0.05044712112711767
0.9360798795886774	cosine	12.0	6.0	4.0	0.42552676218461316	0.027061931661110435
0.30713797932916065	cosine	12.0	12.0	2.0	0.4570472630871771	0.01929656018546278
-0.5178999078465643	cosine	12.0	4.0	6.0	0.42552676218461316	0.027061931661110435
0.6617354566348856	cosine	12.0	8.0	6.0	0.4449492083146101	0.022018113736134944
0.08755297702794221	cosine	12.0	10.0	6.0	0.325669473639465	0.07025277592236653
-0.5672952862770562	cosine	12.0	12.0	2.0	0.42552676218461316	0.027061931661110435
-0.4670072348449004	cosine	12.0	4.0	12.0	0.26363719294623356	0.11640217218244758
0.731938359043709	cosine	12.0	2.0	10.0	0.43771377963650593	0.02379564823412834
0.5900762434143869	cosine	12.0	6.0	2.0	0.2501221597922891	0.12881724171626302
0.04085563810609384	cosine	12.0	2.0	6.0	0.5315095895586144	0.008075181454718987
1.3200954505089266	cosine	12.0	0.0	2.0	0.42552676218461316	0.027061931661110435
0.4780475306508446	cosine	12.0	4.0	10.0	0.5539117094069977	0.006089982172122457
1.2313516707169507	cosine	12.0	6.0	2.0	0.37518323968843365	0.044753897420978433
-0.26164339144271775	cosine	12.0	8.0	6.0	0.4449492083146101	0.022018113736134944
1.673641278560699	cosine	12.0	8.0	6.0	0.38138503569823723	0.042167604419924586
-0.652071711788511	cosine	12.0	2.0	4.0	0.4570472630871771	0.01929656018546278
1.068574478023102	cosine	12.0	2.0	6.0	0.31265269974036136	0.07853426938217861
-2.5329957585928207	cosine	12.0	8.0	10.0	0.2860387767736779	0.0977376033412587
0.8242515975674426	cosine	12.0	6.0	10.0	0.5117663157191593	0.010275152505006458
0.21721809667432065	cosine	12.0	2.0	12.0	0.36248576037948527	0.05044712112711767
-0.4038614716756976	cosine	12.0	4.0	6.0	0.520088264892305	0.009291071757416634
0.11307969874411271	cosine	12.0	12.0	2.0	0.2364037567692295	0.1423291682149232
1.01985388564732	cosine	12.0	2.0	4.0	0.3940062612820492	0.037277784955182205
-0.7638179856807673	cosine	12.0	2.0	8.0	0.29465333329284926	0.09117756893125428
-0.47034740674974423	cosine	12.0	6.0	4.0	0.2994447585743574	0.08767317792776053
1.3622042740193565	cosine	12.0	6.0	8.0	0.31782086308186436	0.07516173316558697
-1.0548752786903113	cosine	12.0	6.0	12.0	0.3385016001931653	0.06276288318311772
0.12647846799239704	cosine	12.0	6.0	4.0	0.2364037567692295	0.1423291682149232
0.24312791406783374	cosine	12.0	4.0	6.0	0.2994447585743574	0.08767317792776053
-0.474386836175302	cosine	12.0	8.0	12.0	0.35668561398608073	0.053232974601062806
0.6556127279667621	cosine	12.0	2.0	6.0	0.18759161984421682	0.1979406704679717
0.8725341291201927	cosine	12.0	10.0	8.0	0.31782086308186436	0.07516173316558697
-1.1908015712183129	cosine	12.0	8.0	10.0	0.31782086308186436	0.07516173316558697
-0.791521463228839	cosine	12.0	2.0	8.0	0.542782456065775	0.007014531725125648
-0.08502303128781204	cosine	12.0	4.0	6.0	0.520088264892305	0.009291071757416634
-0.4474044321591333	cosine	12.0	0.0	10.0	0.40644850966246976	0.03292085287309089
-1.5435759220601157	cosine	12.0	0.0	10.0	0.34391796971439753	0.05979464037584733
1.382379623801168	cosine	12.0	6.0	4.0	0.520088264892305	0.009291071757416634
-0.26797103678509165	cosine	12.0	4.0	8.0	0.41871789467931214	0.02904431653896035
-0.8144055640869076	cosine	12.0	2.0	8.0	0.1395726315597707	0.26379925819755046
-1.049644165345192	cosine	12.0	8.0	6.0	0.6674238124719151	0.0012612939717876347
-1.483635736405725	cosine	12.0	2.0	4.0	0.6461702685025607	0.001725440175873364
0.0369145038472168	cosine	12.0	10.0	2.0	0.28138742976632525	0.10142035953841916
-0.519748035803457	cosine	12.0	8.0	2.0	0.542782456065775	0.007014531725125648
1.8956420141053472	cosine	12.0	0.0	2.0	0.42552676218461316	0.027061931661110435
0.2754235889132191	cosine	12.0	8.0	6.0	0.34960294939005077	0.05679866795607516
-1.5374998552784065	cosine	12.0	4.0	2.0	0.26792425767179345	0.11264743725548343
-0.40136054334861826	cosine	12.0	2.0	0.0	0.5516087657948688	0.006271913590386279
-0.9823860295325351	cosine	12.0	12.0	4.0	0.29465333329284926	0.09117756893125428
0.8579967357976664	cosine	12.0	12.0	2.0	0.488567763989741	0.013512582066973257
-1.5093901079274492	cosine	12.0	8.0	2.0	0.35668561398608073	0.053232974601062806
-0.7637900091389893	cosine	12.0	6.0	8.0	0.38138503569823723	0.042167604419924586
0.35440780276218786	cosine	12.0	6.0	12.0	0.24618298195866567	0.13260270265321483
-1.4190295521692873	cosine	12.0	4.0	2.0	0.520088264892305	0.009291071757416634
-0.13898014195400682	cosine	12.0	10.0	12.0	0.325669473639465	0.07025277592236653
-0.9486572804993411	cosine	12.0	2.0	4.0	0.2364037567692295	0.1423291682149232
1.179906941473347	cosine	12.0	10.0	8.0	0.19069251784911861	0.19405940885016393
-1.73316404613617	cosine	12.0	4.0	12.0	0.29465333329284926	0.09117756893125428
-0.5005565541426147	cosine	12.0	10.0	8.0	0.2860387767736779	0.0977376033412587
1.3211685030845524	cosine	12.0	8.0	2.0	0.542782456065775	0.007014531725125648
2.406359355221879	cosine	12.0	4.0	2.0	0.36248576037948527	0.05044712112711767
0.700456930040849	cosine	12.0	6.0	4.0	0.2994447585743574	0.08767317792776053
0.9497379517087565	cosine	12.0	4.0	6.0	0.2994447585743574	0.08767317792776053
-0.7024129479033765	cosine	12.0	4.0	10.0	0.3692744729379985	0.04733536431232824
0.08830017416016142	cosine	12.0	8.0	10.0	0.2542566904654915	0.12492539106643724
1.4314942001694115	cosine	12.0	8.0	10.0	0.4449492083146101	0.022018113736134944
-0.2565175650898146	cosine	12.0	2.0	8.0	0.35668561398608073	0.053232974601062806
1.9391828433702107	cosine	12.0	4.0	8.0	0.38770175433269644	0.03965908586713749
0.36960716583462844	cosine	12.0	10.0	12.0	0.44973403502592785	0.02090527421057417
-0.12178006141318451	cosine	12.0	6.0	2.0	0.7503664793768673	0.00034189223478594356
1.1231078038165165	cosine	12.0	2.0	8.0	0.48075017537254355	0.014786104244078217
-0.1547908378835163	cosine	12.0	12.0	10.0	0.542782456065775	0.007014531725125648
-0.12962688042808265	cosine	12.0	4.0	10.0	0.27695585470349887	0.10502217458211738
-1.8953147712107012	cosine	12.0	8.0	6.0	0.4449492083146101	0.022018113736134944
0.8068487152033784	cosine	12.0	10.0	6.0	0.44973403502592785	0.02090527421057417
-0.7801264950992034	cosine	12.0	4.0	8.0	0.20160491225300214	0.18077354211323055
-0.7565203723510391	cosine	12.0	6.0	2.0	0.37518323968843365	0.044753897420978433
-2.363444751900426	cosine	12.0	8.0	10.0	0.41316712200642364	0.03074837886955296
0.7838785116738448	cosine	12.0	0.0	2.0	0.33096525947692135	0.06708239491800405
-0.30483579490538454	cosine	12.0	6.0	2.0	0.28138742976632525	0.10142035953841916
0.4741538332557585	cosine	12.0	6.0	8.0	0.38138503569823723	0.042167604419924586
1.118223650836302	cosine	12.0	10.0	8.0	0.6674238124719151	0.0012612939717876347
-0.6934410966518131	cosine	12.0	10.0	8.0	0.6356417261637287	0.0020087796364305814
3.058580968723257	cosine	12.0	4.0	12.0	0.26363719294623356	0.11640217218244758
-0.3020606615570464	cosine	12.0	6.0	0.0	0.48075017537254355	0.014786104244078217
0.29911133928097233	cosine	12.0	8.0	6.0	0.2860387767736779	0.0977376033412587
-0.38792591716093255	cosine	12.0	12.0	2.0	0.4570472630871771	0.01929656018546278
-0.9857694121483412	cosine	12.0	4.0	2.0	0.36248576037948527	0.05044712112711767
0.6665836556366768	cosine	12.0	2.0	4.0	0.36248576037948527	0.05044712112711767
1.2007658567880468	cosine	12.0	10.0	0.0	0.37518323968843365	0.044753897420978433
-0.8742276785931662	cosine	12.0	12.0	8.0	0.6048147367590064	0.0030976341623523166
0.19945745093408124	cosine	12.0	2.0	12.0	0.36248576037948527	0.05044712112711767
0.9943462967478317	cosine	12.0	6.0	8.0	0.4767312946227965	0.015480063791539503
-1.324112093206312	cosine	12.0	2.0	6.0	0.37518323968843365	0.044753897420978433
-1.0673881274809587	cosine	12.0	10.0	0.0	0.43771377963650593	0.02379564823412834
1.2632956935031994	cosine	12.0	4.0	2.0	0.42552676218461316	0.027061931661110435
-1.439826296779771	cosine	12.0	0.0	10.0	0.34391796971439753	0.05979464037584733
-0.22142905015401843	cosine	12.0	6.0	8.0	0.4767312946227965	0.015480063791539503
-0.21509922626563913	cosine	12.0	10.0	12.0	0.26363719294623356	0.11640217218244758
0.1749059098990013	cosine	12.0	10.0	8.0	0.34960294939005077	0.05679866795607516
0.4775942408240981	cosine	12.0	8.0	6.0	0.4449492083146101	0.022018113736134944
-0.7613220091621014	cosine	12.0	8.0	2.0	0.5117663157191593	0.010275152505006458
-1.0237623782591414	cosine	12.0	4.0	10.0	0.5231388366621645	0.008951565507853972
-1.2564402085370596	cosine	12.0	10.0	0.0	0.37518323968843365	0.044753897420978433
-1.033571538693767	cosine	12.0	2.0	4.0	0.26792425767179345	0.11264743725548343
-0.7413461930517011	cosine	12.0	8.0	10.0	0.5402954672391693	0.0072373318982772135
-0.2754711677774636	cosine	12.0	10.0	2.0	0.34391796971439753	0.05979464037584733
-0.36457942649820757	cosine	12.0	10.0	2.0	0.31265269974036136	0.07853426938217861
-0.7062500762924587	cosine	12.0	0.0	10.0	0.34391796971439753	0.05979464037584733
-0.4765863404275139	cosine	12.0	12.0	10.0	0.38770175433269644	0.03965908586713749
-0.9310048236536649	cosine	12.0	4.0	6.0	0.36248576037948527	0.05044712112711767
0.24939854572582446	cosine	12.0	8.0	12.0	0.29465333329284926	0.09117756893125428
-0.8526021265543839	cosine	12.0	2.0	8.0	0.5117663157191593	0.010275152505006458
-1.0986695153833286	cosine	12.0	4.0	2.0	0.2994447585743574	0.08767317792776053
0.9764154763880774	cosine	12.0	2.0	6.0	0.5315095895586144	0.008075181454718987
-1.263674149144822	cosine	12.0	6.0	12.0	0.3385016001931653	0.06276288318311772
-0.049824896123794746	cosine	12.0	6.0	4.0	0.2994447585743574	0.08767317792776053
1.3205295139790687	cosine	12.0	6.0	0.0	0.325669473639465	0.07025277592236653
-0.1289033976271017	cosine	12.0	4.0	2.0	0.26792425767179345	0.11264743725548343
0.2515688044227492	cosine	12.0	10.0	12.0	0.44973403502592785	0.02090527421057417
2.0758590444985825	cosine	12.0	8.0	10.0	0.41316712200642364	0.03074837886955296
0.21306474398084777	cosine	12.0	6.0	10.0	0.26363719294623356	0.11640217218244758
0.24855235354873978	cosine	12.0	4.0	6.0	0.520088264892305	0.009291071757416634
-0.42991127934265627	cosine	12.0	4.0	8.0	0.41871789467931214	0.02904431653896035
-0.22414371451112317	cosine	12.0	10.0	4.0	0.6770032003863306	0.0010920931144948432
-0.43275820994363523	cosine	12.0	6.0	4.0	0.36248576037948527	0.05044712112711767
0.8008500533207745	cosine	12.0	0.0	10.0	0.34391796971439753	0.05979464037584733
-1.606621950188716	cosine	12.0	4.0	6.0	0.4570472630871771	0.01929656018546278
-0.9734989073063453	cosine	12.0	2.0	4.0	0.6776907694051246	0.001080787662488592
-0.45020397701155906	cosine	12.0	8.0	6.0	0.4449492083146101	0.022018113736134944
-1.337130000890448	cosine	12.0	4.0	10.0	0.3385016001931653	0.06276288318311772
1.233472950536905	cosine	12.0	8.0	4.0	0.38770175433269644	0.03965908586713749
-0.08014847444725146	cosine	12.0	6.0	8.0	0.38138503569823723	0.042167604419924586
0.16116705160775766	cosine	12.0	4.0	8.0	0.542782456065775	0.007014531725125648
0.26478395980579217	cosine	12.0	2.0	8.0	0.5117663157191593	0.010275152505006458
-0.8897180103718065	cosine	12.0	6.0	8.0	0.2860387767736779	0.0977376033412587
0.9217120228707981	cosine	12.0	8.0	10.0	0.31782086308186436	0.07516173316558697
0.6013108708952636	cosine	12.0	4.0	10.0	0.3692744729379985	0.04733536431232824
0.05637038144021025	cosine	12.0	8.0	6.0	0.34960294939005077	0.05679866795607516
1.7373696990350143	cosine	12.0	6.0	8.0	0.2860387767736779	0.0977376033412587
-0.7415568971649237	cosine	12.0	8.0	10.0	0.22247460415730505	0.1569979267286259
-0.895038258619959	cosine	12.0	8.0	6.0	0.34960294939005077	0.05679866795607516
0.5113014837881146	cosine	12.0	8.0	10.0	0.6674238124719151	0.0012612939717876347
-0.32433444148666346	cosine	12.0	10.0	8.0	0.34960294939005077	0.05679866795607516
-0.31854278743846176	cosine	12.0	4.0	2.0	0.488567763989741	0.013512582066973257
-1.2864542096524034	cosine	12.0	10.0	0.0	0.5315095895586144	0.008075181454718987
-0.09555073235377404	cosine	12.0	8.0	10.0	0.4449492083146101	0.022018113736134944
0.20894885141987837	cosine	12.0	10.0	12.0	0.44973403502592785	0.02090527421057417
-1.3524440048988418	cosine	12.0	4.0	2.0	0.42552676218461316	0.027061931661110435
-0.8761315817658906	cosine	12.0	12.0	4.0	0.26363719294623356	0.11640217218244758
0.7829924345414186	cosine	12.0	6.0	4.0	0.488567763989741	0.013512582066973257
-0.9095411013927582	cosine	12.0	6.0	12.0	0.15386436372416604	0.24310248602607393
-2.274746746794127	cosine	12.0	8.0	10.0	0.6674238124719151	0.0012612939717876347
-0.71710221278214	cosine	12.0	0.0	2.0	0.5516087657948688	0.006271913590386279
1.4771097821661179	cosine	12.0	8.0	10.0	0.5402954672391693	0.0072373318982772135
0.15182430076445289	cosine	12.0	4.0	12.0	0.35668561398608073	0.053232974601062806
-1.094825297933858	cosine	12.0	6.0	10.0	0.38770175433269644	0.03965908586713749
-0.38984376872275767	cosine	12.0	6.0	10.0	0.5117663157191593	0.010275152505006458
-1.0185749023129311	cosine	12.0	6.0	10.0	0.325669473639465	0.07025277592236653
3.070519388009637	cosine	12.0	2.0	10.0	0.5315095895586144	0.008075181454718987
0.7145704620680365	cosine	12.0	6.0	8.0	0.2860387767736779	0.0977376033412587
0.9239916508652438	cosine	12.0	6.0	8.0	0.6674238124719151	0.0012612939717876347
-0.635624224651576	cosine	12.0	10.0	8.0	0.5402954672391693	0.0072373318982772135
0.9382188318375598	cosine	12.0	4.0	8.0	0.44973403502592785	0.02090527421057417
0.8080105986736299	cosine	12.0	8.0	6.0	0.2860387767736779	0.0977376033412587
-0.8857919819484252	cosine	12.0	6.0	2.0	0.40644850966246976	0.03292085287309089
-0.9075296145293666	cosine	12.0	2.0	12.0	0.3940062612820492	0.037277784955182205
0.2659614680203229	cosine	12.0	2.0	0.0	0.2364037567692295	0.1423291682149232
1.0760398305900276	cosine	12.0	8.0	4.0	0.5117663157191593	0.010275152505006458
-0.38632528615912176	cosine	12.0	4.0	6.0	0.2048832558666656	0.1768962477431396
0.8114588884894015	cosine	12.0	8.0	4.0	0.41871789467931214	0.02904431653896035
0.5230420333460826	cosine	12.0	6.0	8.0	0.2860387767736779	0.0977376033412587
-0.09267652858293934	cosine	12.0	10.0	8.0	0.4449492083146101	0.022018113736134944
2.1605335265319145	cosine	12.0	10.0	6.0	0.44973403502592785	0.02090527421057417
-0.3717543842516365	cosine	12.0	12.0	10.0	0.5117663157191593	0.010275152505006458
2.0635712356039924	cosine	12.0	8.0	0.0	0.6565706694547588	0.001481745846560898
-0.9559396754859018	cosine	12.0	0.0	2.0	0.3940062612820492	0.037277784955182205
1.0424869342196603	cosine	12.0	6.0	12.0	0.5231388366621645	0.008951565507853972
-0.3429717175810924	cosine	12.0	2.0	12.0	0.5831292666974328	0.004156084107205838
0.19537997509088165	cosine	12.0	12.0	10.0	0.5117663157191593	0.010275152505006458
0.8152121693405616	cosine	12.0	8.0	0.0	0.5627748595326505	0.005432675743650132
1.3895909303950282	cosine	12.0	6.0	8.0	0.2860387767736779	0.0977376033412587
0.018076018826125858	cosine	12.0	6.0	8.0	0.41316712200642364	0.03074837886955296
0.4935560023072808	cosine	12.0	6.0	10.0	0.44973403502592785	0.02090527421057417
2.3346610804111387	cosine	12.0	2.0	6.0	0.5315095895586144	0.008075181454718987
0.4960952638357165	cosine	12.0	4.0	12.0	0.38770175433269644	0.03965908586713749
-1.1127119532450067	cosine	12.0	2.0	10.0	0.46897904961054204	0.016897895516253123
