ID	Waveform	Period	Phase	Nadir	Tau	P
-0.6161784259535502	cosine	8.0	2.0	6.0	0.3289758474798845	0.0682601490394303
0.08415687313257005	cosine	8.0	2.0	4.0	0.36187343222787294	0.05073562797633993
-0.44025698071611225	cosine	8.0	8.0	6.0	0.26801008406912324	0.11257316160194203
1.690709814500142	cosine	8.0	8.0	6.0	0.33501260508640407	0.0647348936883515
-0.024901114867500795	cosine	8.0	8.0	6.0	0.23450882356048283	0.14426833538783368
1.197877502508069	cosine	8.0	6.0	8.0	0.46901764712096566	0.01689057007847118
-2.200379872591758	cosine	8.0	8.0	2.0	0.4355163866123253	0.024358800530983115
-0.003780460017647842	cosine	8.0	2.0	8.0	0.33501260508640407	0.0647348936883515
1.6236683703032377	cosine	8.0	2.0	8.0	0.5695214286468869	0.004975414949458076
-1.6228045958311206	cosine	8.0	8.0	6.0	0.20100756305184242	0.1814857225539041
-0.5165240443756604	cosine	8.0	6.0	4.0	0.36851386559504445	0.04767616394306396
0.49924148922946704	cosine	8.0	8.0	4.0	0.46901764712096566	0.01689057007847118
-1.921740335845168	cosine	8.0	8.0	4.0	0.10050378152592121	0.3246054073583539
-0.5528153398088038	cosine	8.0	4.0	6.0	0.30151134457776363	0.08619310660327584
-1.0602984437066525	cosine	8.0	6.0	2.0	0.2631806779839076	0.11680717101068677
-0.302095595792702	cosine	8.0	2.0	6.0	0.39477101697586137	0.03699704127429398
-1.3370997213152611	cosine	8.0	8.0	4.0	0.5695214286468869	0.004975414949458076
0.6534432340947547	cosine	8.0	4.0	6.0	0.5695214286468869	0.004975414949458076
0.8510109264785745	cosine	8.0	6.0	4.0	0.5695214286468869	0.004975414949458076
-0.9187138749846802	cosine	8.0	4.0	2.0	0.296078262731896	0.0901247100752523
-0.6259608981668133	cosine	8.0	6.0	8.0	0.36851386559504445	0.04767616394306396
-1.6255258823968666	cosine	8.0	8.0	4.0	0.4355163866123253	0.024358800530983115
2.094742570939757	cosine	8.0	6.0	4.0	0.26801008406912324	0.11257316160194203
-0.48487964114432447	cosine	8.0	8.0	6.0	0.20100756305184242	0.1814857225539041
-1.7679855819403667	cosine	8.0	6.0	8.0	0.20100756305184242	0.1814857225539041
1.0961618322776807	cosine	8.0	4.0	6.0	0.20100756305184242	0.1814857225539041
-1.0274819151925514	cosine	8.0	4.0	8.0	0.26801008406912324	0.11257316160194203
0.9009128278176533	cosine	8.0	6.0	4.0	0.33501260508640407	0.0647348936883515
-1.227920010484706	cosine	8.0	2.0	4.0	0.39477101697586137	0.03699704127429398
-0.3245351808985546	cosine	8.0	4.0	6.0	0.26801008406912324	0.11257316160194203
-0.379960110178507	cosine	8.0	8.0	2.0	0.20100756305184242	0.1814857225539041
1.2417996285460922	cosine	8.0	2.0	4.0	0.19738550848793068	0.18584158306669563
-1.4414908852953094	cosine	8.0	8.0	6.0	0.40201512610368484	0.03442252599351862
-0.9837936491211585	cosine	8.0	4.0	6.0	0.26801008406912324	0.11257316160194203
-0.12485770347941907	cosine	8.0	8.0	4.0	0.23450882356048283	0.14426833538783368
-1.021329173069043	cosine	8.0	0.0	6.0	0.16750630254320203	0.22419615145873356
-0.13349077918404095	cosine	8.0	4.0	2.0	0.19738550848793068	0.18584158306669563
0.603001683386744	cosine	8.0	6.0	8.0	0.16750630254320203	0.22419615145873356
1.4854663574534648	cosine	8.0	2.0	6.0	0.19738550848793068	0.18584158306669563
-0.9207005358953557	cosine	8.0	4.0	6.0	0.33501260508640407	0.0647348936883515
0.8938654073818758	cosine	8.0	6.0	0.0	0.26801008406912324	0.11257316160194203
-0.443714308517531	cosine	8.0	2.0	4.0	0.296078262731896	0.0901247100752523
-0.4908574365420144	cosine	8.0	6.0	4.0	0.16750630254320203	0.22419615145873356
-0.4296790188802135	cosine	8.0	0.0	2.0	0.39477101697586137	0.03699704127429398
-0.5439916204140576	cosine	8.0	0.0	2.0	0.4934637712198267	0.01276417380034623
-0.7673079831746605	cosine	8.0	2.0	8.0	0.46901764712096566	0.01689057007847118
-1.1873608236510347	cosine	8.0	2.0	8.0	0.23450882356048283	0.14426833538783368
-0.8261144557137399	cosine	8.0	0.0	4.0	0.5592589407158036	0.005685474982156306
-0.22247594639532295	cosine	8.0	8.0	4.0	0.13400504203456162	0.27209855448987996
-0.877961660676154	cosine	8.0	4.0	8.0	0.502518907629606	0.011474155729315736
0.4287374800980273	cosine	8.0	6.0	8.0	0.4355163866123253	0.024358800530983115
0.2858692613146196	cosine	8.0	2.0	8.0	0.40201512610368484	0.03442252599351862
-1.4005986496443237	cosine	8.0	4.0	0.0	0.3289758474798845	0.0682601490394303
0.28024417087166614	cosine	8.0	6.0	8.0	0.26801008406912324	0.11257316160194203
0.034775535515947184	cosine	8.0	6.0	4.0	0.26801008406912324	0.11257316160194203
0.5914787620888265	cosine	8.0	6.0	2.0	0.1315903389919538	0.27573794886251457
-1.6231185128145413	cosine	8.0	6.0	8.0	0.26801008406912324	0.11257316160194203
-0.46557790462180226	cosine	8.0	2.0	0.0	0.39477101697586137	0.03699704127429398
0.9621399106596148	cosine	8.0	6.0	4.0	0.40201512610368484	0.03442252599351862
1.2249021542177445	cosine	8.0	0.0	4.0	0.39477101697586137	0.03699704127429398
0.7715260096046873	cosine	8.0	2.0	6.0	0.4605661864718383	0.01856076533880384
0.03016734066342304	cosine	8.0	6.0	8.0	0.26801008406912324	0.11257316160194203
0.4403636414232722	cosine	8.0	6.0	2.0	0.39477101697586137	0.03699704127429398
0.818562542671045	cosine	8.0	8.0	6.0	0.16750630254320203	0.22419615145873356
0.4357974670413459	cosine	8.0	0.0	2.0	0.657951694959769	0.0014518639985398399
-0.3588416153643855	cosine	8.0	2.0	8.0	0.23450882356048283	0.14426833538783368
-2.2541392919274927	cosine	8.0	6.0	2.0	0.296078262731896	0.0901247100752523
0.5160771677506033	cosine	8.0	2.0	6.0	0.1315903389919538	0.27573794886251457
-1.1754477911815173	cosine	8.0	2.0	6.0	0.5263613559678152	0.008604775407453868
-0.7061977459932226	cosine	8.0	6.0	4.0	0.20100756305184242	0.1814857225539041
0.5638081678434408	cosine	8.0	0.0	2.0	0.3289758474798845	0.0682601490394303
-0.6224369091863163	cosine	8.0	2.0	6.0	0.42766860172384985	0.02646218884554873
0.9848381112446079	cosine	8.0	6.0	8.0	0.4355163866123253	0.024358800530983115
1.3277710987185525	cosine	8.0	4.0	2.0	0.296078262731896	0.0901247100752523
0.39058330167827887	cosine	8.0	4.0	6.0	0.23450882356048283	0.14426833538783368
-0.9325206217153635	cosine	8.0	8.0	2.0	0.33501260508640407	0.0647348936883515
-0.558799032881161	cosine	8.0	6.0	8.0	0.6365239496641677	0.0019835093942865535
1.3410484780178735	cosine	8.0	4.0	2.0	0.2631806779839076	0.11680717101068677
0.1110724519065312	cosine	8.0	6.0	4.0	0.33501260508640407	0.0647348936883515
-0.1609511359376641	cosine	8.0	2.0	4.0	0.36187343222787294	0.05073562797633993
0.8701278710607896	cosine	8.0	6.0	4.0	0.40201512610368484	0.03442252599351862
-0.9985931192937373	cosine	8.0	4.0	6.0	0.23450882356048283	0.14426833538783368
0.15126138768817024	cosine	8.0	4.0	8.0	0.13400504203456162	0.27209855448987996
-0.6049789199987102	cosine	8.0	8.0	4.0	0.4355163866123253	0.024358800530983115
-1.552318758960156	cosine	8.0	4.0	6.0	0.23450882356048283	0.14426833538783368
2.166914836256363	cosine	8.0	4.0	6.0	0.36851386559504445	0.04767616394306396
1.829059376557992	cosine	8.0	4.0	2.0	0.7566444492037343	0.0003080652099971452
-1.0557769693722818	cosine	8.0	8.0	2.0	0.26801008406912324	0.11257316160194203
-1.7237464745894784	cosine	8.0	0.0	2.0	0.39477101697586137	0.03699704127429398
-0.5850547353680147	cosine	8.0	2.0	0.0	0.19738550848793068	0.18584158306669563
0.2596420023161042	cosine	8.0	2.0	6.0	0.39477101697586137	0.03699704127429398
0.17607650672703162	cosine	8.0	0.0	2.0	0.3289758474798845	0.0682601490394303
-0.6328814155620396	cosine	8.0	6.0	4.0	0.36851386559504445	0.04767616394306396
0.26956239348896743	cosine	8.0	6.0	4.0	0.46901764712096566	0.01689057007847118
-0.2696346904339393	cosine	8.0	4.0	6.0	0.36851386559504445	0.04767616394306396
0.3798495461793748	cosine	8.0	6.0	4.0	0.46901764712096566	0.01689057007847118
-1.7182904865207596	cosine	8.0	4.0	2.0	0.5263613559678152	0.008604775407453868
-0.10058818354440292	cosine	8.0	6.0	2.0	0.1315903389919538	0.27573794886251457
-0.24012477226702708	cosine	8.0	2.0	8.0	0.33501260508640407	0.0647348936883515
-0.5655832915726065	cosine	8.0	6.0	4.0	0.26801008406912324	0.11257316160194203
0.388706690295071	cosine	8.0	6.0	8.0	0.30151134457776363	0.08619310660327584
-1.203289844382246	cosine	8.0	4.0	8.0	0.36851386559504445	0.04767616394306396
-0.23025111411992835	cosine	8.0	2.0	4.0	0.16448792373994225	0.22830592549268558
-0.6099819209144973	cosine	8.0	8.0	6.0	0.23450882356048283	0.14426833538783368
0.8039015453399023	cosine	8.0	6.0	8.0	0.46901764712096566	0.01689057007847118
1.3397764448411322	cosine	8.0	4.0	0.0	0.42766860172384985	0.02646218884554873
0.43370065907974015	cosine	8.0	4.0	0.0	0.3289758474798845	0.0682601490394303
0.7190614314254001	cosine	8.0	2.0	4.0	0.16448792373994225	0.22830592549268558
0.5270267732102658	cosine	8.0	8.0	6.0	0.36851386559504445	0.04767616394306396
0.5505330930759318	cosine	8.0	2.0	0.0	0.296078262731896	0.0901247100752523
-1.2656642104799036	cosine	8.0	4.0	2.0	0.5263613559678152	0.008604775407453868
1.7109330703634165	cosine	8.0	6.0	8.0	0.10050378152592121	0.3246054073583539
0.9774830534777175	cosine	8.0	6.0	8.0	0.30151134457776363	0.08619310660327584
0.853650892279156	cosine	8.0	6.0	2.0	0.36187343222787294	0.05073562797633993
0.16685375667784577	cosine	8.0	6.0	8.0	0.40201512610368484	0.03442252599351862
-1.1493634594262674	cosine	8.0	6.0	4.0	0.40201512610368484	0.03442252599351862
0.4097542738671043	cosine	8.0	0.0	4.0	0.36187343222787294	0.05073562797633993
1.7562239310888794	cosine	8.0	4.0	0.0	0.5592589407158036	0.005685474982156306
0.3318664610743101	cosine	8.0	2.0	0.0	0.42766860172384985	0.02646218884554873
-0.23074729869411714	cosine	8.0	8.0	6.0	0.36851386559504445	0.04767616394306396
0.6979135176174139	cosine	8.0	8.0	2.0	0.30151134457776363	0.08619310660327584
-1.654322858171781	cosine	8.0	6.0	8.0	0.30151134457776363	0.08619310660327584
2.8808344451376944	cosine	8.0	6.0	8.0	0.23450882356048283	0.14426833538783368
0.12613313429055287	cosine	8.0	2.0	6.0	0.39477101697586137	0.03699704127429398
2.2723128038910296	cosine	8.0	4.0	6.0	0.36851386559504445	0.04767616394306396
0.19205185270194725	cosine	8.0	4.0	8.0	0.23450882356048283	0.14426833538783368
0.3296984784784871	cosine	8.0	4.0	6.0	0.36851386559504445	0.04767616394306396
0.7433894678702782	cosine	8.0	8.0	6.0	0.33501260508640407	0.0647348936883515
-0.6524282503763886	cosine	8.0	6.0	8.0	0.502518907629606	0.011474155729315736
-0.9671516141351509	cosine	8.0	8.0	4.0	0.26801008406912324	0.11257316160194203
-0.5063458826972521	cosine	8.0	8.0	2.0	0.4355163866123253	0.024358800530983115
0.10709786729216221	cosine	8.0	6.0	4.0	0.13400504203456162	0.27209855448987996
0.6004291772134615	cosine	8.0	6.0	4.0	0.36851386559504445	0.04767616394306396
-1.4459437228198333	cosine	8.0	4.0	8.0	0.4355163866123253	0.024358800530983115
0.9173823770300934	cosine	8.0	8.0	6.0	0.502518907629606	0.011474155729315736
0.7075964179597416	cosine	8.0	2.0	4.0	0.5592589407158036	0.005685474982156306
-0.312977076445369	cosine	8.0	8.0	4.0	0.30151134457776363	0.08619310660327584
0.13871745926997936	cosine	8.0	6.0	8.0	0.4355163866123253	0.024358800530983115
1.1501414944515647	cosine	8.0	2.0	8.0	0.10050378152592121	0.3246054073583539
1.0425105978688933	cosine	8.0	6.0	4.0	0.13400504203456162	0.27209855448987996
-1.0698513646627026	cosine	8.0	4.0	6.0	0.36851386559504445	0.04767616394306396
-0.006619650654614321	cosine	8.0	8.0	6.0	0.36851386559504445	0.04767616394306396
0.6799099075957591	cosine	8.0	4.0	6.0	0.36851386559504445	0.04767616394306396
0.48792228862237885	cosine	8.0	4.0	8.0	0.502518907629606	0.011474155729315736
2.0040979113318764	cosine	8.0	4.0	2.0	0.19738550848793068	0.18584158306669563
-1.1070364666618164	cosine	8.0	4.0	8.0	0.10050378152592121	0.3246054073583539
0.7466398146812804	cosine	8.0	2.0	4.0	0.2631806779839076	0.11680717101068677
0.03839723933144529	cosine	8.0	8.0	2.0	0.4355163866123253	0.024358800530983115
-0.14658808024117545	cosine	8.0	6.0	0.0	0.23450882356048283	0.14426833538783368
0.7471041322193015	cosine	8.0	8.0	2.0	0.23450882356048283	0.14426833538783368
0.02616658292468924	cosine	8.0	6.0	8.0	0.23450882356048283	0.14426833538783368
1.5852433466455857	cosine	8.0	8.0	4.0	0.23450882356048283	0.14426833538783368
0.0670129221136083	cosine	8.0	8.0	6.0	0.33501260508640407	0.0647348936883515
-0.9580782284886614	cosine	8.0	6.0	0.0	0.30151134457776363	0.08619310660327584
-1.639600803770031	cosine	8.0	4.0	6.0	0.46901764712096566	0.01689057007847118
-0.09207710553372588	cosine	8.0	6.0	2.0	0.23028309323591914	0.14865659075244408
-0.7944734127775965	cosine	8.0	6.0	4.0	0.23450882356048283	0.14426833538783368
-0.003834807536348135	cosine	8.0	0.0	2.0	0.4605661864718383	0.01856076533880384
-1.7591820411094614	cosine	8.0	2.0	8.0	0.40201512610368484	0.03442252599351862
0.37739316725943806	cosine	8.0	4.0	2.0	0.657951694959769	0.0014518639985398399
1.176872294043523	cosine	8.0	8.0	4.0	0.33501260508640407	0.0647348936883515
0.18055846824432129	cosine	8.0	8.0	6.0	0.06700252101728081	0.38085378504795675
0.02854355086300788	cosine	8.0	2.0	6.0	0.592156525463792	0.0036813837070469946
1.7504304593278297	cosine	8.0	6.0	4.0	0.46901764712096566	0.01689057007847118
1.1010149067971526	cosine	8.0	2.0	6.0	0.4934637712198267	0.01276417380034623
0.3949487637622322	cosine	8.0	4.0	2.0	0.19738550848793068	0.18584158306669563
-0.3108310167655324	cosine	8.0	2.0	6.0	0.5592589407158036	0.005685474982156306
-0.22342807714101728	cosine	8.0	6.0	4.0	0.30151134457776363	0.08619310660327584
-1.0443888739310287	cosine	8.0	8.0	2.0	0.46901764712096566	0.01689057007847118
-0.8140773217132096	cosine	8.0	6.0	4.0	0.13400504203456162	0.27209855448987996
-0.5775915157304646	cosine	8.0	4.0	2.0	0.3289758474798845	0.0682601490394303
-1.1347810831394067	cosine	8.0	8.0	6.0	0.36851386559504445	0.04767616394306396
-0.5956248323950706	cosine	8.0	6.0	8.0	0.46901764712096566	0.01689057007847118
-0.5952618004965753	cosine	8.0	4.0	6.0	0.6700252101728081	0.0012131191275820915
-0.32900422662692785	cosine	8.0	8.0	2.0	0.20100756305184242	0.1814857225539041
-0.6625331936105767	cosine	8.0	6.0	0.0	0.26801008406912324	0.11257316160194203
1.8642461677830775	cosine	8.0	4.0	8.0	0.6365239496641677	0.0019835093942865535
0.09413868163339562	cosine	8.0	2.0	8.0	0.33501260508640407	0.0647348936883515
1.5441238672230762	cosine	8.0	8.0	4.0	0.20100756305184242	0.1814857225539041
0.5988208284895897	cosine	8.0	8.0	2.0	0.33501260508640407	0.0647348936883515
-0.1289841801225004	cosine	8.0	6.0	2.0	0.3289758474798845	0.0682601490394303
1.7664620986550172	cosine	8.0	6.0	4.0	0.26801008406912324	0.11257316160194203
-1.4825722692137226	cosine	8.0	4.0	0.0	0.23028309323591914	0.14865659075244408
2.0530783820956637	cosine	8.0	2.0	4.0	0.23028309323591914	0.14865659075244408
-0.4871609215582503	cosine	8.0	4.0	2.0	0.4934637712198267	0.01276417380034623
0.12853180276286383	cosine	8.0	2.0	8.0	0.16750630254320203	0.22419615145873356
1.3516625408036367	cosine	8.0	6.0	8.0	0.40201512610368484	0.03442252599351862
1.7070068015672453	cosine	8.0	2.0	0.0	0.39477101697586137	0.03699704127429398
0.2298370386269859	cosine	8.0	2.0	4.0	0.4605661864718383	0.01856076533880384
0.09319417547777929	cosine	8.0	4.0	6.0	0.5360201681382465	0.0076349509802290235
0.4706472868394498	cosine	8.0	6.0	8.0	0.16750630254320203	0.22419615145873356
-1.1062504221959566	cosine	8.0	6.0	8.0	0.26801008406912324	0.11257316160194203
-1.5778690341143282	cosine	8.0	0.0	2.0	0.296078262731896	0.0901247100752523
-2.0921161503116403	cosine	8.0	4.0	0.0	0.5592589407158036	0.005685474982156306
1.0918782843694808	cosine	8.0	8.0	6.0	0.36851386559504445	0.04767616394306396
-1.4255200337594236	cosine	8.0	2.0	4.0	0.23028309323591914	0.14865659075244408
0.31572398457729556	cosine	8.0	6.0	2.0	0.5592589407158036	0.005685474982156306
0.5991885186081286	cosine	8.0	2.0	8.0	0.30151134457776363	0.08619310660327584
0.9052642078393925	cosine	8.0	6.0	8.0	0.5695214286468869	0.004975414949458076
-0.0634807435377709	cosine	8.0	4.0	0.0	0.4934637712198267	0.01276417380034623
-0.09722809570163074	cosine	8.0	8.0	2.0	0.4355163866123253	0.024358800530983115
0.7587701797211645	cosine	8.0	2.0	4.0	0.5263613559678152	0.008604775407453868
1.0967129063045227	cosine	8.0	6.0	8.0	0.26801008406912324	0.11257316160194203
-0.07809335911007069	cosine	8.0	0.0	4.0	0.296078262731896	0.0901247100752523
-0.8228387397110469	cosine	8.0	8.0	6.0	0.33501260508640407	0.0647348936883515
-1.0980142321450077	cosine	8.0	8.0	4.0	0.13400504203456162	0.27209855448987996
-0.15785766522011233	cosine	8.0	6.0	4.0	0.23450882356048283	0.14426833538783368
-0.9551842507575447	cosine	8.0	8.0	2.0	0.5695214286468869	0.004975414949458076
-0.3279893000607393	cosine	8.0	2.0	8.0	0.40201512610368484	0.03442252599351862
0.38850851683469495	cosine	8.0	4.0	0.0	0.296078262731896	0.0901247100752523
0.6906780840918575	cosine	8.0	2.0	4.0	0.3289758474798845	0.0682601490394303
-0.9587099071752833	cosine	8.0	2.0	4.0	0.42766860172384985	0.02646218884554873
0.9941704567882559	cosine	8.0	4.0	8.0	0.30151134457776363	0.08619310660327584
-1.1293135793952007	cosine	8.0	8.0	6.0	0.502518907629606	0.011474155729315736
0.5425229877353461	cosine	8.0	2.0	0.0	0.36187343222787294	0.05073562797633993
-1.9646604518514548	cosine	8.0	8.0	4.0	0.16750630254320203	0.22419615145873356
1.0024792487994123	cosine	8.0	4.0	2.0	0.5592589407158036	0.005685474982156306
0.7152242118147528	cosine	8.0	8.0	6.0	0.36851386559504445	0.04767616394306396
-0.2193770832424457	cosine	8.0	2.0	6.0	0.296078262731896	0.0901247100752523
-1.216377209577442	cosine	8.0	2.0	0.0	0.4934637712198267	0.01276417380034623
-1.3105169835254395	cosine	8.0	2.0	8.0	0.33501260508640407	0.0647348936883515
1.6708217512490546	cosine	8.0	6.0	4.0	0.36851386559504445	0.04767616394306396
1.4399064069032905	cosine	8.0	4.0	2.0	0.42766860172384985	0.02646218884554873
-0.8026092189872943	cosine	8.0	6.0	2.0	0.6250541102117805	0.002335688748637901
0.4033389023754379	cosine	8.0	2.0	6.0	0.3289758474798845	0.0682601490394303
-0.6790253098763329	cosine	8.0	4.0	2.0	0.4934637712198267	0.01276417380034623
0.19381256028175772	cosine	8.0	2.0	4.0	0.23028309323591914	0.14865659075244408
-0.3870124366574779	cosine	8.0	6.0	8.0	0.33501260508640407	0.0647348936883515
2.091253317866468	cosine	8.0	8.0	6.0	0.4355163866123253	0.024358800530983115
0.15281472205946353	cosine	8.0	6.0	4.0	0.20100756305184242	0.1814857225539041
-0.6345001988917841	cosine	8.0	4.0	2.0	0.39477101697586137	0.03699704127429398
0.5117367354896767	cosine	8.0	0.0	4.0	0.23028309323591914	0.14865659075244408
1.0033196178520982	cosine	8.0	6.0	4.0	0.502518907629606	0.011474155729315736
0.6390746297658155	cosine	8.0	4.0	0.0	0.42766860172384985	0.02646218884554873
0.18918751333381864	cosine	8.0	2.0	4.0	0.4605661864718383	0.01856076533880384
1.2208773219031548	cosine	8.0	4.0	2.0	0.19738550848793068	0.18584158306669563
-1.5622089166528015	cosine	8.0	6.0	2.0	0.36187343222787294	0.05073562797633993
0.9425734688498848	cosine	8.0	0.0	2.0	0.2631806779839076	0.11680717101068677
-1.079505169584554	cosine	8.0	2.0	8.0	0.36851386559504445	0.04767616394306396
-0.637393470005468	cosine	8.0	0.0	2.0	0.42766860172384985	0.02646218884554873
-0.6061494120289709	cosine	8.0	8.0	4.0	0.502518907629606	0.011474155729315736
0.7992017830475989	cosine	8.0	8.0	2.0	0.20100756305184242	0.1814857225539041
-0.46605452533613007	cosine	8.0	2.0	8.0	0.23450882356048283	0.14426833538783368
-0.9506432659180698	cosine	8.0	4.0	0.0	0.3289758474798845	0.0682601490394303
-0.3203870596081221	cosine	8.0	8.0	6.0	0.36851386559504445	0.04767616394306396
-0.43158407056528564	cosine	8.0	2.0	8.0	0.33501260508640407	0.0647348936883515
-2.05457923163826	cosine	8.0	4.0	8.0	0.16750630254320203	0.22419615145873356
0.31615180306704466	cosine	8.0	8.0	4.0	0.5360201681382465	0.0076349509802290235
-1.8623934585934474	cosine	8.0	2.0	0.0	0.19738550848793068	0.18584158306669563
-0.26893979329858325	cosine	8.0	2.0	6.0	0.4605661864718383	0.01856076533880384
-1.1715149976983765	cosine	8.0	4.0	2.0	0.2631806779839076	0.11680717101068677
-0.3560002819327402	cosine	8.0	8.0	6.0	0.23450882356048283	0.14426833538783368
0.5959141676839707	cosine	8.0	2.0	4.0	0.6908492797077574	0.0008840892386475387
-1.4876853276283037	cosine	8.0	8.0	4.0	0.5695214286468869	0.004975414949458076
-0.3641022421833149	cosine	8.0	6.0	8.0	0.13400504203456162	0.27209855448987996
-1.3490530658097215	cosine	8.0	6.0	4.0	0.46901764712096566	0.01689057007847118
-0.3213104184548591	cosine	8.0	6.0	4.0	0.13400504203456162	0.27209855448987996
0.8577673843085765	cosine	8.0	6.0	4.0	0.33501260508640407	0.0647348936883515
-0.21161033218108274	cosine	8.0	6.0	4.0	0.33501260508640407	0.0647348936883515
0.34336991694748586	cosine	8.0	2.0	4.0	0.36187343222787294	0.05073562797633993
0.9469011584035855	cosine	8.0	2.0	4.0	0.42766860172384985	0.02646218884554873
0.2540537327902423	cosine	8.0	2.0	8.0	0.33501260508640407	0.0647348936883515
0.28774642347737733	cosine	8.0	4.0	8.0	0.10050378152592121	0.3246054073583539
-0.8975248885393474	cosine	8.0	6.0	2.0	0.296078262731896	0.0901247100752523
1.8379594898500473	cosine	8.0	4.0	6.0	0.33501260508640407	0.0647348936883515
-0.5286482346587528	cosine	8.0	4.0	6.0	0.36851386559504445	0.04767616394306396
-0.29585395874534876	cosine	8.0	2.0	4.0	0.1315903389919538	0.27573794886251457
0.8510689058886515	cosine	8.0	4.0	2.0	0.1315903389919538	0.27573794886251457
1.2089644888376196	cosine	8.0	4.0	6.0	0.36851386559504445	0.04767616394306396
1.5107795246632112	cosine	8.0	2.0	4.0	0.4934637712198267	0.01276417380034623
-0.5411867739920887	cosine	8.0	4.0	6.0	0.20100756305184242	0.1814857225539041
0.7619994135343943	cosine	8.0	4.0	2.0	0.2631806779839076	0.11680717101068677
0.06082616084417517	cosine	8.0	2.0	4.0	0.296078262731896	0.0901247100752523
0.41493690398097116	cosine	8.0	2.0	6.0	0.6250541102117805	0.002335688748637901
-0.8106238101424277	cosine	8.0	6.0	8.0	0.502518907629606	0.011474155729315736
-0.9137957083672402	cosine	8.0	2.0	6.0	0.3289758474798845	0.0682601490394303
0.2610248428903661	cosine	8.0	0.0	6.0	0.26801008406912324	0.11257316160194203
0.7862005488450646	cosine	8.0	2.0	4.0	0.19738550848793068	0.18584158306669563
-0.21826857481167605	cosine	8.0	4.0	6.0	0.4355163866123253	0.024358800530983115
-1.4994012023988366	cosine	8.0	8.0	6.0	0.26801008406912324	0.11257316160194203
-1.2931947760664975	cosine	8.0	2.0	4.0	0.657951694959769	0.0014518639985398399
0.07806563112928165	cosine	8.0	4.0	8.0	0.23450882356048283	0.14426833538783368
-2.0912040132820913	cosine	8.0	8.0	6.0	0.36851386559504445	0.04767616394306396
-0.024441511391581676	cosine	8.0	2.0	8.0	0.13400504203456162	0.27209855448987996
0.4492050830438702	cosine	8.0	6.0	2.0	0.3289758474798845	0.0682601490394303
1.2681720656328364	cosine	8.0	6.0	4.0	0.23450882356048283	0.14426833538783368
1.7407663120174879	cosine	8.0	4.0	6.0	0.4355163866123253	0.024358800530983115
0.36429242241656207	cosine	8.0	4.0	2.0	0.23028309323591914	0.14865659075244408
-1.7312061283235631	cosine	8.0	4.0	6.0	0.4355163866123253	0.024358800530983115
0.9115523314300212	cosine	8.0	6.0	4.0	0.26801008406912324	0.11257316160194203
-0.39820575649894013	cosine	8.0	4.0	8.0	0.4355163866123253	0.024358800530983115
-1.9402405715165967	cosine	8.0	8.0	6.0	0.36851386559504445	0.04767616394306396
-0.36511211028244805	cosine	8.0	2.0	4.0	0.23028309323591914	0.14865659075244408
-0.9149093312081886	cosine	8.0	2.0	6.0	0.2631806779839076	0.11680717101068677
1.2884466418610334	cosine	8.0	6.0	8.0	0.13400504203456162	0.27209855448987996
0.6410774628007921	cosine	8.0	4.0	6.0	0.36851386559504445	0.04767616394306396
-0.6873925507262315	cosine	8.0	8.0	4.0	0.33501260508640407	0.0647348936883515
0.8282692864286254	cosine	8.0	8.0	4.0	0.5695214286468869	0.004975414949458076
-0.4733354057551279	cosine	8.0	4.0	8.0	0.06700252101728081	0.38085378504795675
-0.8980745545071517	cosine	8.0	2.0	8.0	0.13400504203456162	0.27209855448987996
-0.05259832397056714	cosine	8.0	6.0	2.0	0.5592589407158036	0.005685474982156306
-0.3075488696157878	cosine	8.0	4.0	6.0	0.23450882356048283	0.14426833538783368
1.5114899376645883	cosine	8.0	2.0	4.0	0.296078262731896	0.0901247100752523
-0.22268919101638646	cosine	8.0	4.0	2.0	0.2631806779839076	0.11680717101068677
-1.6829098755453473	cosine	8.0	6.0	4.0	0.40201512610368484	0.03442252599351862
-1.0038075159127036	cosine	8.0	8.0	4.0	0.40201512610368484	0.03442252599351862
-1.7443337398452	cosine	8.0	4.0	2.0	0.4934637712198267	0.01276417380034623
-0.22959592465117412	cosine	8.0	8.0	6.0	0.10050378152592121	0.3246054073583539
1.783006550928445	cosine	8.0	4.0	8.0	0.502518907629606	0.011474155729315736
-0.8170308655533082	cosine	8.0	2.0	4.0	0.296078262731896	0.0901247100752523
1.0661325914699529	cosine	8.0	2.0	8.0	0.6365239496641677	0.0019835093942865535
-1.5313811857849344	cosine	8.0	0.0	6.0	0.4355163866123253	0.024358800530983115
1.1037713895916437	cosine	8.0	2.0	8.0	0.36851386559504445	0.04767616394306396
2.5596540482131593	cosine	8.0	4.0	6.0	0.5695214286468869	0.004975414949458076
-0.0586779501790749	cosine	8.0	0.0	2.0	0.2631806779839076	0.11680717101068677
-0.012082969558631964	cosine	8.0	4.0	6.0	0.30151134457776363	0.08619310660327584
0.20075909849122245	cosine	8.0	4.0	6.0	0.36851386559504445	0.04767616394306396
1.4906634563983943	cosine	8.0	4.0	8.0	0.4355163866123253	0.024358800530983115
-0.07934357704279761	cosine	8.0	4.0	2.0	0.42766860172384985	0.02646218884554873
0.966703407047284	cosine	8.0	6.0	2.0	0.5263613559678152	0.008604775407453868
1.3217450714796959	cosine	8.0	2.0	8.0	0.40201512610368484	0.03442252599351862
0.02720794040613333	cosine	8.0	6.0	4.0	0.23450882356048283	0.14426833538783368
0.16076906212148237	cosine	8.0	2.0	8.0	0.30151134457776363	0.08619310660327584
-0.03343726251101267	cosine	8.0	4.0	8.0	0.16750630254320203	0.22419615145873356
0.8032841647941322	cosine	8.0	8.0	4.0	0.06700252101728081	0.38085378504795675
-0.3377313031865856	cosine	8.0	8.0	6.0	0.5360201681382465	0.0076349509802290235
0.7757128428839564	cosine	8.0	4.0	6.0	0.36851386559504445	0.04767616394306396
1.2336175737042512	cosine	8.0	8.0	6.0	0.23450882356048283	0.14426833538783368
1.3688879467479533	cosine	8.0	0.0	2.0	0.16448792373994225	0.22830592549268558
1.182169908409568	cosine	8.0	4.0	0.0	0.39477101697586137	0.03699704127429398
-0.9878278037516811	cosine	8.0	8.0	4.0	0.6030226891555273	0.003174862914337789
-1.0810727700781095	cosine	8.0	6.0	2.0	0.16448792373994225	0.22830592549268558
-0.628671539730593	cosine	8.0	2.0	4.0	0.296078262731896	0.0901247100752523
0.21564843380782325	cosine	8.0	2.0	4.0	0.2631806779839076	0.11680717101068677
-0.014036145026608323	cosine	8.0	0.0	2.0	0.296078262731896	0.0901247100752523
0.5585731670243457	cosine	8.0	2.0	0.0	0.2631806779839076	0.11680717101068677
-1.2585309067263193	cosine	8.0	4.0	2.0	0.2631806779839076	0.11680717101068677
-2.2847047181732028	cosine	8.0	0.0	2.0	0.23028309323591914	0.14865659075244408
-0.33312942439224735	cosine	8.0	8.0	2.0	0.30151134457776363	0.08619310660327584
-0.364180993648298	cosine	8.0	2.0	0.0	0.4605661864718383	0.01856076533880384
-1.40586253639837	cosine	8.0	2.0	8.0	0.33501260508640407	0.0647348936883515
-0.1052884955557204	cosine	8.0	4.0	2.0	0.36187343222787294	0.05073562797633993
-0.3373848740025556	cosine	8.0	4.0	0.0	0.39477101697586137	0.03699704127429398
-0.9767065183690419	cosine	8.0	8.0	4.0	0.20100756305184242	0.1814857225539041
1.8402865943629283	cosine	8.0	0.0	2.0	0.42766860172384985	0.02646218884554873
0.6692898745612553	cosine	8.0	2.0	4.0	0.4934637712198267	0.01276417380034623
-0.931233942196759	cosine	8.0	8.0	2.0	0.10050378152592121	0.3246054073583539
0.25815007112210464	cosine	8.0	6.0	8.0	0.10050378152592121	0.3246054073583539
0.3091783401510716	cosine	8.0	6.0	8.0	0.30151134457776363	0.08619310660327584
1.5790875940585032	cosine	8.0	8.0	2.0	0.4355163866123253	0.024358800530983115
1.3832631967067084	cosine	8.0	2.0	6.0	0.19738550848793068	0.18584158306669563
0.6324566527843872	cosine	8.0	8.0	2.0	0.23450882356048283	0.14426833538783368
-1.0378336138491198	cosine	8.0	6.0	8.0	0.4355163866123253	0.024358800530983115
-0.8492123821902634	cosine	8.0	4.0	2.0	0.39477101697586137	0.03699704127429398
1.869042400152285	cosine	8.0	4.0	0.0	0.39477101697586137	0.03699704127429398
-0.01969285531681454	cosine	8.0	2.0	8.0	0.46901764712096566	0.01689057007847118
-0.08206005477973198	cosine	8.0	2.0	6.0	0.36187343222787294	0.05073562797633993
1.1423129108698333	cosine	8.0	2.0	4.0	0.19738550848793068	0.18584158306669563
1.686187981671357	cosine	8.0	2.0	4.0	0.2631806779839076	0.11680717101068677
-1.5710356283185845	cosine	8.0	4.0	6.0	0.23450882356048283	0.14426833538783368
0.1100664484654674	cosine	8.0	4.0	6.0	0.23450882356048283	0.14426833538783368
-0.7120521422957624	cosine	8.0	4.0	8.0	0.40201512610368484	0.03442252599351862
0.07034911150077237	cosine	8.0	8.0	2.0	0.7705289916987293	0.00024400664256842868
-0.7292291899479452	cosine	8.0	2.0	4.0	0.3289758474798845	0.0682601490394303
0.23258362008602446	cosine	8.0	0.0	4.0	0.16448792373994225	0.22830592549268558
-0.5316327851159347	cosine	8.0	4.0	8.0	0.26801008406912324	0.11257316160194203
-0.8532643443130686	cosine	8.0	8.0	6.0	0.33501260508640407	0.0647348936883515
-1.3183301725733814	cosine	8.0	6.0	4.0	0.40201512610368484	0.03442252599351862
-0.1017812660281268	cosine	8.0	4.0	6.0	0.30151134457776363	0.08619310660327584
-1.667601858883057	cosine	8.0	4.0	6.0	0.26801008406912324	0.11257316160194203
-0.9936733923887026	cosine	8.0	8.0	6.0	0.30151134457776363	0.08619310660327584
-1.0156721611421766	cosine	8.0	2.0	6.0	0.39477101697586137	0.03699704127429398
1.0008400065195073	cosine	8.0	6.0	8.0	0.4355163866123253	0.024358800530983115
0.4457441590839651	cosine	8.0	2.0	4.0	0.296078262731896	0.0901247100752523
0.8051819380888003	cosine	8.0	6.0	8.0	0.16750630254320203	0.22419615145873356
0.012805377636279274	cosine	8.0	2.0	8.0	0.4355163866123253	0.024358800530983115
0.6603310680322764	cosine	8.0	4.0	6.0	0.16750630254320203	0.22419615145873356
-0.5445328711348604	cosine	8.0	4.0	2.0	0.4605661864718383	0.01856076533880384
-0.4791000723747135	cosine	8.0	4.0	0.0	0.296078262731896	0.0901247100752523
1.2014352827148675	cosine	8.0	2.0	4.0	0.1315903389919538	0.27573794886251457
1.7869048312609896	cosine	8.0	2.0	4.0	0.39477101697586137	0.03699704127429398
-2.2864898861384884	cosine	8.0	6.0	8.0	0.13400504203456162	0.27209855448987996
-0.19640125833926758	cosine	8.0	2.0	6.0	0.296078262731896	0.0901247100752523
0.6698937024644573	cosine	8.0	2.0	4.0	0.4934637712198267	0.01276417380034623
-1.588509143021784	cosine	8.0	6.0	2.0	0.3289758474798845	0.0682601490394303
-0.4022426877433622	cosine	8.0	0.0	2.0	0.19738550848793068	0.18584158306669563
-1.262506754615908	cosine	8.0	4.0	6.0	0.40201512610368484	0.03442252599351862
-0.1579923031889128	cosine	8.0	4.0	6.0	0.20100756305184242	0.1814857225539041
-1.0498803992435863	cosine	8.0	2.0	0.0	0.2631806779839076	0.11680717101068677
1.2074263680370876	cosine	8.0	6.0	2.0	0.42766860172384985	0.02646218884554873
-2.4826556439318073	cosine	8.0	0.0	6.0	0.33501260508640407	0.0647348936883515
-0.18696537834416277	cosine	8.0	2.0	8.0	0.5360201681382465	0.0076349509802290235
-1.7393051890252793	cosine	8.0	4.0	6.0	0.23450882356048283	0.14426833538783368
1.6753122654379955	cosine	8.0	4.0	8.0	0.30151134457776363	0.08619310660327584
0.7240652905011777	cosine	8.0	2.0	4.0	0.592156525463792	0.0036813837070469946
-0.18833744997011828	cosine	8.0	2.0	8.0	0.30151134457776363	0.08619310660327584
-1.1343959072968681	cosine	8.0	8.0	6.0	0.10050378152592121	0.3246054073583539
1.2840521364035413	cosine	8.0	2.0	0.0	0.4605661864718383	0.01856076533880384
0.01974948474135175	cosine	8.0	4.0	2.0	0.19738550848793068	0.18584158306669563
-1.8139073979332858	cosine	8.0	2.0	0.0	0.19738550848793068	0.18584158306669563
1.2155320681840798	cosine	8.0	8.0	6.0	0.30151134457776363	0.08619310660327584
-0.12069871609304181	cosine	8.0	8.0	6.0	0.23450882356048283	0.14426833538783368
-0.3346438347234495	cosine	8.0	4.0	6.0	0.4355163866123253	0.024358800530983115
0.15057692673212478	cosine	8.0	8.0	4.0	0.33501260508640407	0.0647348936883515
1.1071200987991505	cosine	8.0	8.0	6.0	0.30151134457776363	0.08619310660327584
-0.48739895149313134	cosine	8.0	6.0	4.0	0.40201512610368484	0.03442252599351862
0.22141123046119143	cosine	8.0	2.0	4.0	0.39477101697586137	0.03699704127429398
-0.011682823837678147	cosine	8.0	2.0	4.0	0.6908492797077574	0.0008840892386475387
2.3503623150897464	cosine	8.0	2.0	8.0	0.4355163866123253	0.024358800530983115
0.5918685020266572	cosine	8.0	8.0	6.0	0.36851386559504445	0.04767616394306396
-0.8295836029234195	cosine	8.0	8.0	2.0	0.46901764712096566	0.01689057007847118
0.48500329278471455	cosine	8.0	6.0	8.0	0.4355163866123253	0.024358800530983115
-0.4431599998589903	cosine	8.0	6.0	8.0	0.30151134457776363	0.08619310660327584
0.42720716750150756	cosine	8.0	6.0	4.0	0.20100756305184242	0.1814857225539041
0.6594390807583799	cosine	8.0	2.0	8.0	0.26801008406912324	0.11257316160194203
-0.02642918240306637	cosine	8.0	6.0	8.0	0.46901764712096566	0.01689057007847118
-0.43058695019661825	cosine	8.0	2.0	8.0	0.33501260508640407	0.0647348936883515
-0.40431503263004154	cosine	8.0	0.0	2.0	0.1315903389919538	0.27573794886251457
-0.3814201814757515	cosine	8.0	8.0	6.0	0.23450882356048283	0.14426833538783368
-0.6625349458181846	cosine	8.0	2.0	6.0	0.36187343222787294	0.05073562797633993
0.9481209004029534	cosine	8.0	0.0	2.0	0.6250541102117805	0.002335688748637901
0.3123413979691981	cosine	8.0	4.0	8.0	0.13400504203456162	0.27209855448987996
0.15322307411342218	cosine	8.0	4.0	2.0	0.5263613559678152	0.008604775407453868
-0.9749451702409586	cosine	8.0	8.0	2.0	0.502518907629606	0.011474155729315736
0.7446111308159451	cosine	8.0	2.0	0.0	0.3289758474798845	0.0682601490394303
0.2417426797319226	cosine	8.0	4.0	2.0	0.36187343222787294	0.05073562797633993
-0.08914222943651236	cosine	8.0	2.0	6.0	0.42766860172384985	0.02646218884554873
1.2025765668238977	cosine	8.0	2.0	4.0	0.36187343222787294	0.05073562797633993
0.3376395151911855	cosine	8.0	6.0	8.0	0.33501260508640407	0.0647348936883515
1.0053356744883382	cosine	8.0	8.0	6.0	0.30151134457776363	0.08619310660327584
1.1080741104939484	cosine	8.0	6.0	8.0	0.5360201681382465	0.0076349509802290235
-1.825424271786412	cosine	8.0	4.0	2.0	0.296078262731896	0.0901247100752523
2.0063139465377104	cosine	8.0	6.0	8.0	0.23450882356048283	0.14426833538783368
0.580996039073387	cosine	8.0	8.0	2.0	0.20100756305184242	0.1814857225539041
-0.45137632710702	cosine	8.0	2.0	6.0	0.39477101697586137	0.03699704127429398
1.5017017240909323	cosine	8.0	2.0	6.0	0.4605661864718383	0.01856076533880384
-0.4351347132815137	cosine	8.0	8.0	2.0	0.4355163866123253	0.024358800530983115
0.5573505408286975	cosine	8.0	4.0	0.0	0.4934637712198267	0.01276417380034623
-0.336732569183495	cosine	8.0	6.0	2.0	0.296078262731896	0.0901247100752523
0.5284497800742891	cosine	8.0	4.0	6.0	0.30151134457776363	0.08619310660327584
-0.43326096446310297	cosine	8.0	2.0	4.0	0.16448792373994225	0.22830592549268558
0.5161232001161834	cosine	8.0	2.0	4.0	0.4605661864718383	0.01856076533880384
1.1062540776576275	cosine	8.0	6.0	4.0	0.40201512610368484	0.03442252599351862
-0.244500837089785	cosine	8.0	0.0	6.0	0.33501260508640407	0.0647348936883515
0.16634770804034602	cosine	8.0	2.0	8.0	0.16750630254320203	0.22419615145873356
2.1608372956822097	cosine	8.0	4.0	6.0	0.46901764712096566	0.01689057007847118
1.0003675498960716	cosine	8.0	4.0	6.0	0.40201512610368484	0.03442252599351862
-2.8029581209415464	cosine	8.0	2.0	8.0	0.06700252101728081	0.38085378504795675
0.15674616968387245	cosine	8.0	4.0	8.0	0.26801008406912324	0.11257316160194203
-1.6083100945954691	cosine	8.0	4.0	8.0	0.7035264706814485	0.0007262457112490624
-0.5223655643166674	cosine	8.0	8.0	2.0	0.20100756305184242	0.1814857225539041
0.7650253874164692	cosine	8.0	2.0	4.0	0.23028309323591914	0.14865659075244408
0.04917069516262032	cosine	8.0	6.0	8.0	0.23450882356048283	0.14426833538783368
0.5853346785854819	cosine	8.0	8.0	2.0	0.33501260508640407	0.0647348936883515
0.545710490754083	cosine	8.0	2.0	4.0	0.6250541102117805	0.002335688748637901
0.45579311662269045	cosine	8.0	4.0	6.0	0.502518907629606	0.011474155729315736
-0.0013930865084390623	cosine	8.0	8.0	4.0	0.40201512610368484	0.03442252599351862
-0.10259067709614846	cosine	8.0	2.0	4.0	0.23028309323591914	0.14865659075244408
0.6805880123716558	cosine	8.0	6.0	2.0	0.4934637712198267	0.01276417380034623
-1.7851392970515716	cosine	8.0	4.0	8.0	0.33501260508640407	0.0647348936883515
1.3280415658524896	cosine	8.0	6.0	4.0	0.502518907629606	0.011474155729315736
0.4789161467612714	cosine	8.0	8.0	6.0	0.36851386559504445	0.04767616394306396
-1.353140432476791	cosine	8.0	4.0	6.0	0.30151134457776363	0.08619310660327584
-0.356153890028425	cosine	8.0	2.0	4.0	0.2631806779839076	0.11680717101068677
0.42987540795455015	cosine	8.0	0.0	2.0	0.36187343222787294	0.05073562797633993
0.2969578590148651	cosine	8.0	2.0	8.0	0.30151134457776363	0.08619310660327584
-1.1399451638382787	cosine	8.0	8.0	6.0	0.36851386559504445	0.04767616394306396
0.06729084015292595	cosine	8.0	8.0	6.0	0.5360201681382465	0.0076349509802290235
0.5953699679938043	cosine	8.0	8.0	6.0	0.33501260508640407	0.0647348936883515
-0.004303715136341461	cosine	8.0	6.0	8.0	0.26801008406912324	0.11257316160194203
0.7987327666609313	cosine	8.0	6.0	4.0	0.20100756305184242	0.1814857225539041
0.7579705494211636	cosine	8.0	0.0	2.0	0.23028309323591914	0.14865659075244408
0.4187961333469138	cosine	8.0	8.0	2.0	0.30151134457776363	0.08619310660327584
-1.13324313404133	cosine	8.0	2.0	0.0	0.296078262731896	0.0901247100752523
-1.4046298438629863	cosine	8.0	4.0	2.0	0.5263613559678152	0.008604775407453868
0.7643691483315531	cosine	8.0	0.0	2.0	0.296078262731896	0.0901247100752523
0.478780898036781	cosine	8.0	6.0	4.0	0.13400504203456162	0.27209855448987996
0.8244319506394838	cosine	8.0	0.0	2.0	0.296078262731896	0.0901247100752523
-0.023227711421818426	cosine	8.0	2.0	8.0	0.5695214286468869	0.004975414949458076
0.6862204261770052	cosine	8.0	4.0	6.0	0.20100756305184242	0.1814857225539041
0.9183398730330375	cosine	8.0	4.0	8.0	0.502518907629606	0.011474155729315736
-1.6438525069214622	cosine	8.0	2.0	4.0	0.36187343222787294	0.05073562797633993
1.4852047293450463	cosine	8.0	8.0	2.0	0.16750630254320203	0.22419615145873356
-1.4651050792523652	cosine	8.0	6.0	4.0	0.6030226891555273	0.003174862914337789
0.4678719197874986	cosine	8.0	6.0	0.0	0.40201512610368484	0.03442252599351862
-0.8775737209263819	cosine	8.0	6.0	4.0	0.26801008406912324	0.11257316160194203
-0.8447277753954876	cosine	8.0	6.0	4.0	0.36851386559504445	0.04767616394306396
-0.49271063673704435	cosine	8.0	0.0	2.0	0.2631806779839076	0.11680717101068677
-1.6390878601748706	cosine	8.0	2.0	4.0	0.39477101697586137	0.03699704127429398
1.2160768978237013	cosine	8.0	0.0	4.0	0.2631806779839076	0.11680717101068677
0.49517090530159824	cosine	8.0	2.0	4.0	0.6908492797077574	0.0008840892386475387
1.0074189271680738	cosine	8.0	2.0	6.0	0.42766860172384985	0.02646218884554873
0.07227818890677754	cosine	8.0	6.0	4.0	0.5695214286468869	0.004975414949458076
-1.686344796381597	cosine	8.0	4.0	6.0	0.7035264706814485	0.0007262457112490624
-0.5583946157116064	cosine	8.0	2.0	8.0	0.46901764712096566	0.01689057007847118
0.021335295555291765	cosine	8.0	2.0	0.0	0.5263613559678152	0.008604775407453868
0.36605418579745097	cosine	8.0	2.0	8.0	0.23450882356048283	0.14426833538783368
-0.35612883424708275	cosine	8.0	4.0	2.0	0.296078262731896	0.0901247100752523
-1.1051138817985051	cosine	8.0	8.0	2.0	0.20100756305184242	0.1814857225539041
0.7787379851059029	cosine	8.0	8.0	4.0	0.4355163866123253	0.024358800530983115
-0.5346453278636395	cosine	8.0	6.0	4.0	0.23450882356048283	0.14426833538783368
1.0366918507225602	cosine	8.0	8.0	4.0	0.36851386559504445	0.04767616394306396
-0.7503172247781636	cosine	8.0	2.0	4.0	0.3289758474798845	0.0682601490394303
0.5334077191155878	cosine	8.0	6.0	2.0	0.1315903389919538	0.27573794886251457
1.383446419650352	cosine	8.0	8.0	4.0	0.23450882356048283	0.14426833538783368
1.7145504114410803	cosine	8.0	0.0	2.0	0.4934637712198267	0.01276417380034623
-0.28901892042886285	cosine	8.0	2.0	0.0	0.19738550848793068	0.18584158306669563
0.5343138629313243	cosine	8.0	4.0	6.0	0.20100756305184242	0.1814857225539041
0.39771814397288374	cosine	8.0	8.0	4.0	0.46901764712096566	0.01689057007847118
1.5111287094995136	cosine	8.0	6.0	8.0	0.40201512610368484	0.03442252599351862
-0.5053208181644925	cosine	8.0	4.0	2.0	0.657951694959769	0.0014518639985398399
-1.1733914352937613	cosine	8.0	8.0	2.0	0.16750630254320203	0.22419615145873356
1.530935352947872	cosine	8.0	6.0	2.0	0.2631806779839076	0.11680717101068677
0.1740583549101831	cosine	8.0	6.0	8.0	0.33501260508640407	0.0647348936883515
-0.2878666593564525	cosine	8.0	4.0	6.0	0.13400504203456162	0.27209855448987996
-2.69599175893619	cosine	8.0	6.0	8.0	0.23450882356048283	0.14426833538783368
-1.1951153803166576	cosine	8.0	4.0	2.0	0.23028309323591914	0.14865659075244408
-0.022627386127300024	cosine	8.0	8.0	6.0	0.06700252101728081	0.38085378504795675
0.8545640271037328	cosine	8.0	4.0	2.0	0.23028309323591914	0.14865659075244408
0.547186128461705	cosine	8.0	8.0	2.0	0.5360201681382465	0.0076349509802290235
0.45803163866802227	cosine	8.0	4.0	8.0	0.40201512610368484	0.03442252599351862
0.20180610780193756	cosine	8.0	8.0	4.0	0.5695214286468869	0.004975414949458076
1.4509545522706493	cosine	8.0	8.0	2.0	0.26801008406912324	0.11257316160194203
1.1929737684474877	cosine	8.0	6.0	2.0	0.39477101697586137	0.03699704127429398
0.8355496431313697	cosine	8.0	6.0	8.0	0.36851386559504445	0.04767616394306396
1.0124597176726526	cosine	8.0	8.0	2.0	0.4355163866123253	0.024358800530983115
-2.104417314341788	cosine	8.0	6.0	8.0	0.20100756305184242	0.1814857225539041
0.5097154092307913	cosine	8.0	2.0	4.0	0.296078262731896	0.0901247100752523
-0.33526303600793395	cosine	8.0	4.0	2.0	0.19738550848793068	0.18584158306669563
1.0211601363677507	cosine	8.0	8.0	4.0	0.7370277311900889	0.00042552976512120783
0.3308976381990125	cosine	8.0	6.0	8.0	0.30151134457776363	0.08619310660327584
1.5031279406325688	cosine	8.0	4.0	6.0	0.23450882356048283	0.14426833538783368
-0.2465626670065037	cosine	8.0	0.0	2.0	0.39477101697586137	0.03699704127429398
0.5143003298992204	cosine	8.0	2.0	6.0	0.36187343222787294	0.05073562797633993
-0.3033934179102254	cosine	8.0	8.0	2.0	0.23450882356048283	0.14426833538783368
0.8757276293084834	cosine	8.0	8.0	2.0	0.36851386559504445	0.04767616394306396
-0.8907691503224381	cosine	8.0	6.0	2.0	0.592156525463792	0.0036813837070469946
0.48397436227651125	cosine	8.0	4.0	2.0	0.36187343222787294	0.05073562797633993
0.08866443139986693	cosine	8.0	8.0	6.0	0.36851386559504445	0.04767616394306396
0.41285008614245017	cosine	8.0	4.0	6.0	0.16750630254320203	0.22419615145873356
0.8192741444998177	cosine	8.0	2.0	6.0	0.592156525463792	0.0036813837070469946
0.6911684226531719	cosine	8.0	4.0	2.0	0.39477101697586137	0.03699704127429398
0.0935421687848388	cosine	8.0	0.0	4.0	0.4934637712198267	0.01276417380034623
1.557369711849739	cosine	8.0	8.0	6.0	0.33501260508640407	0.0647348936883515
-0.6697255583677222	cosine	8.0	0.0	2.0	0.296078262731896	0.0901247100752523
-0.7799604802856048	cosine	8.0	6.0	4.0	0.4355163866123253	0.024358800530983115
-0.5585374368735067	cosine	8.0	2.0	8.0	0.4355163866123253	0.024358800530983115
-1.023146183364327	cosine	8.0	6.0	4.0	0.502518907629606	0.011474155729315736
-1.6898466263230334	cosine	8.0	8.0	2.0	0.40201512610368484	0.03442252599351862
-1.2954910204949195	cosine	8.0	6.0	4.0	0.20100756305184242	0.1814857225539041
0.3311682466526657	cosine	8.0	4.0	2.0	0.3289758474798845	0.0682601490394303
0.5940820005978547	cosine	8.0	8.0	2.0	0.30151134457776363	0.08619310660327584
-1.4088405805922204	cosine	8.0	4.0	6.0	0.13400504203456162	0.27209855448987996
0.3259476672563864	cosine	8.0	6.0	8.0	0.36851386559504445	0.04767616394306396
1.1589446451473633	cosine	8.0	2.0	4.0	0.4605661864718383	0.01856076533880384
2.1535074780168406	cosine	8.0	0.0	4.0	0.09869275424396534	0.3275593850007441
-1.4643455959578198	cosine	8.0	2.0	6.0	0.4934637712198267	0.01276417380034623
0.9726541426596117	cosine	8.0	8.0	2.0	0.20100756305184242	0.1814857225539041
-1.8286949703953346	cosine	8.0	2.0	4.0	0.2631806779839076	0.11680717101068677
-0.9059803716158454	cosine	8.0	4.0	6.0	0.4355163866123253	0.024358800530983115
1.622709635659905	cosine	8.0	2.0	8.0	0.36851386559504445	0.04767616394306396
-1.0382583682851345	cosine	8.0	8.0	2.0	0.502518907629606	0.011474155729315736
-1.3763820546530763	cosine	8.0	6.0	8.0	0.33501260508640407	0.0647348936883515
-0.319455179356815	cosine	8.0	2.0	8.0	0.33501260508640407	0.0647348936883515
-1.7395564547724878	cosine	8.0	4.0	6.0	0.36851386559504445	0.04767616394306396
-0.34336654425912444	cosine	8.0	4.0	6.0	0.26801008406912324	0.11257316160194203
0.6759970648520783	cosine	8.0	2.0	4.0	0.296078262731896	0.0901247100752523
-0.5118245604047991	cosine	8.0	6.0	4.0	0.7370277311900889	0.00042552976512120783
-0.9351299647892011	cosine	8.0	2.0	4.0	0.592156525463792	0.0036813837070469946
-0.0029520828535764747	cosine	8.0	8.0	6.0	0.46901764712096566	0.01689057007847118
-0.7516565052902618	cosine	8.0	8.0	2.0	0.13400504203456162	0.27209855448987996
-1.3890426054721794	cosine	8.0	2.0	4.0	0.3289758474798845	0.0682601490394303
1.4816408827868375	cosine	8.0	2.0	4.0	0.5263613559678152	0.008604775407453868
1.5667475495101462	cosine	8.0	8.0	2.0	0.5360201681382465	0.0076349509802290235
1.2557234901349155	cosine	8.0	2.0	8.0	0.36851386559504445	0.04767616394306396
0.6598682296627534	cosine	8.0	6.0	8.0	0.5695214286468869	0.004975414949458076
-0.2885655246202142	cosine	8.0	4.0	6.0	0.5695214286468869	0.004975414949458076
-1.6698350765110788	cosine	8.0	6.0	4.0	0.46901764712096566	0.01689057007847118
1.7820558579535868	cosine	8.0	6.0	4.0	0.16750630254320203	0.22419615145873356
-1.2376800515266	cosine	8.0	2.0	0.0	0.42766860172384985	0.02646218884554873
-1.0054476185952517	cosine	8.0	4.0	6.0	0.26801008406912324	0.11257316160194203
-0.0032155594532808814	cosine	8.0	8.0	2.0	0.33501260508640407	0.0647348936883515
1.1457092258632944	cosine	8.0	0.0	4.0	0.6250541102117805	0.002335688748637901
-1.1905993968767419	cosine	8.0	8.0	4.0	0.502518907629606	0.011474155729315736
0.08654995040877782	cosine	8.0	6.0	8.0	0.40201512610368484	0.03442252599351862
-0.8675778022564608	cosine	8.0	2.0	0.0	0.39477101697586137	0.03699704127429398
-0.3154958308521192	cosine	8.0	8.0	6.0	0.46901764712096566	0.01689057007847118
-0.09089339060533254	cosine	8.0	6.0	4.0	0.23450882356048283	0.14426833538783368
0.8283250435472337	cosine	8.0	4.0	2.0	0.4934637712198267	0.01276417380034623
1.386107525504967	cosine	8.0	0.0	4.0	0.5592589407158036	0.005685474982156306
0.9223783783419868	cosine	8.0	0.0	2.0	0.296078262731896	0.0901247100752523
-0.6071778653023214	cosine	8.0	2.0	4.0	0.19738550848793068	0.18584158306669563
0.6007597340504692	cosine	8.0	6.0	8.0	0.4355163866123253	0.024358800530983115
0.35333999986760267	cosine	8.0	2.0	6.0	0.42766860172384985	0.02646218884554873
0.48114032577422305	cosine	8.0	2.0	4.0	0.36187343222787294	0.05073562797633993
1.4188555261297642	cosine	8.0	8.0	4.0	0.40201512610368484	0.03442252599351862
0.0203650783258188	cosine	8.0	8.0	6.0	0.16750630254320203	0.22419615145873356
0.7959270325076468	cosine	8.0	2.0	8.0	0.40201512610368484	0.03442252599351862
1.236938342107537	cosine	8.0	2.0	0.0	0.5263613559678152	0.008604775407453868
-0.3341442914878354	cosine	8.0	4.0	8.0	0.4355163866123253	0.024358800530983115
-1.135971391818752	cosine	8.0	0.0	4.0	0.296078262731896	0.0901247100752523
0.7176478071369281	cosine	8.0	2.0	4.0	0.16448792373994225	0.22830592549268558
-2.3482737458856007	cosine	8.0	6.0	2.0	0.2631806779839076	0.11680717101068677
-1.4727209355822557	cosine	8.0	2.0	4.0	0.36187343222787294	0.05073562797633993
-0.6290825577108411	cosine	8.0	4.0	6.0	0.30151134457776363	0.08619310660327584
1.0048378493006982	cosine	8.0	4.0	0.0	0.4934637712198267	0.01276417380034623
-0.2250198842416976	cosine	8.0	8.0	6.0	0.6365239496641677	0.0019835093942865535
-3.341297606259116	cosine	8.0	0.0	4.0	0.2631806779839076	0.11680717101068677
-0.4010007175239061	cosine	8.0	6.0	8.0	0.4355163866123253	0.024358800530983115
-0.5833227807157199	cosine	8.0	4.0	6.0	0.40201512610368484	0.03442252599351862
-1.3352048950343702	cosine	8.0	6.0	4.0	0.4355163866123253	0.024358800530983115
0.9781600457184857	cosine	8.0	6.0	8.0	0.16750630254320203	0.22419615145873356
-0.45845700957237756	cosine	8.0	8.0	4.0	0.16750630254320203	0.22419615145873356
-0.3630925339520938	cosine	8.0	4.0	6.0	0.26801008406912324	0.11257316160194203
-0.979450850173713	cosine	8.0	6.0	8.0	0.5695214286468869	0.004975414949458076
0.048490146515226436	cosine	8.0	8.0	2.0	0.16750630254320203	0.22419615145873356
-0.511315266171175	cosine	8.0	8.0	2.0	0.26801008406912324	0.11257316160194203
1.0439772240881904	cosine	8.0	6.0	0.0	0.502518907629606	0.011474155729315736
-0.8682373409080759	cosine	8.0	6.0	8.0	0.36851386559504445	0.04767616394306396
0.12390497944305626	cosine	8.0	6.0	8.0	0.26801008406912324	0.11257316160194203
-1.6180907671051603	cosine	8.0	4.0	6.0	0.30151134457776363	0.08619310660327584
-2.0858346930887848	cosine	8.0	4.0	2.0	0.23028309323591914	0.14865659075244408
-2.0609968176519584	cosine	8.0	4.0	2.0	0.4605661864718383	0.01856076533880384
0.5202557046747307	cosine	8.0	4.0	8.0	0.46901764712096566	0.01689057007847118
0.2870963598233862	cosine	8.0	6.0	4.0	0.40201512610368484	0.03442252599351862
-1.033142767570311	cosine	8.0	6.0	4.0	0.33501260508640407	0.0647348936883515
0.6966912142316924	cosine	8.0	6.0	2.0	0.3289758474798845	0.0682601490394303
-1.2099892707195476	cosine	8.0	6.0	4.0	0.40201512610368484	0.03442252599351862
-0.5518473999024557	cosine	8.0	6.0	8.0	0.40201512610368484	0.03442252599351862
-0.0004870126225529944	cosine	8.0	8.0	6.0	0.36851386559504445	0.04767616394306396
-0.38253614609253395	cosine	8.0	4.0	2.0	0.592156525463792	0.0036813837070469946
-2.342992113554109	cosine	8.0	8.0	6.0	0.33501260508640407	0.0647348936883515
0.6193946172827514	cosine	8.0	8.0	6.0	0.13400504203456162	0.27209855448987996
0.6502088620568591	cosine	8.0	6.0	4.0	0.30151134457776363	0.08619310660327584
-0.7170103503377525	cosine	8.0	2.0	8.0	0.7035264706814485	0.0007262457112490624
-1.0314534969465659	cosine	8.0	8.0	6.0	0.30151134457776363	0.08619310660327584
0.7742252432916439	cosine	8.0	6.0	8.0	0.5695214286468869	0.004975414949458076
0.12435705183529026	cosine	8.0	4.0	2.0	0.3289758474798845	0.0682601490394303
-0.011747016008441162	cosine	8.0	2.0	4.0	0.5592589407158036	0.005685474982156306
1.1870385547898692	cosine	8.0	8.0	2.0	0.13400504203456162	0.27209855448987996
-0.3283599795626082	cosine	8.0	4.0	6.0	0.30151134457776363	0.08619310660327584
-1.0769324828372087	cosine	8.0	2.0	6.0	0.296078262731896	0.0901247100752523
0.0006535150835171103	cosine	8.0	2.0	0.0	0.6250541102117805	0.002335688748637901
0.4617573179767125	cosine	8.0	6.0	8.0	0.4355163866123253	0.024358800530983115
-0.00045173132947555646	cosine	8.0	8.0	2.0	0.20100756305184242	0.1814857225539041
-0.27814103532971496	cosine	8.0	2.0	8.0	0.36851386559504445	0.04767616394306396
-0.3496443000486872	cosine	8.0	2.0	0.0	0.19738550848793068	0.18584158306669563
0.43275280854766734	cosine	8.0	8.0	6.0	0.30151134457776363	0.08619310660327584
1.5747767045758858	cosine	8.0	4.0	6.0	0.33501260508640407	0.0647348936883515
0.0014207958211944738	cosine	8.0	4.0	2.0	0.5263613559678152	0.008604775407453868
1.3370761144089252	cosine	8.0	6.0	8.0	0.36851386559504445	0.04767616394306396
0.13054317889718772	cosine	8.0	8.0	2.0	0.40201512610368484	0.03442252599351862
-1.8562700897850057	cosine	8.0	6.0	8.0	0.7370277311900889	0.00042552976512120783
-0.6956879529018168	cosine	8.0	6.0	0.0	0.10050378152592121	0.3246054073583539
-0.28812378880424916	cosine	8.0	6.0	4.0	0.46901764712096566	0.01689057007847118
1.152779905129969	cosine	8.0	4.0	8.0	0.30151134457776363	0.08619310660327584
-0.29893634999459856	cosine	8.0	8.0	6.0	0.40201512610368484	0.03442252599351862
-1.7645828695559007	cosine	8.0	2.0	6.0	0.592156525463792	0.0036813837070469946
0.8255061186410018	cosine	8.0	2.0	0.0	0.36187343222787294	0.05073562797633993
-1.1970072082500631	cosine	8.0	6.0	8.0	0.20100756305184242	0.1814857225539041
0.9463639797544882	cosine	8.0	4.0	2.0	0.23028309323591914	0.14865659075244408
-0.17594782531041733	cosine	8.0	6.0	4.0	0.4355163866123253	0.024358800530983115
-1.668853679532958	cosine	8.0	6.0	8.0	0.36851386559504445	0.04767616394306396
-0.41931041600413543	cosine	8.0	2.0	8.0	0.10050378152592121	0.3246054073583539
-0.017825591563334704	cosine	8.0	8.0	2.0	0.502518907629606	0.011474155729315736
1.514069758850983	cosine	8.0	4.0	6.0	0.46901764712096566	0.01689057007847118
0.9230486400328235	cosine	8.0	4.0	2.0	0.42766860172384985	0.02646218884554873
-0.6256389911268052	cosine	8.0	4.0	0.0	0.5592589407158036	0.005685474982156306
2.0302041010837915	cosine	8.0	8.0	2.0	0.33501260508640407	0.0647348936883515
-0.0795538609267013	cosine	8.0	6.0	4.0	0.502518907629606	0.011474155729315736
-0.9835942217838807	cosine	8.0	4.0	6.0	0.26801008406912324	0.11257316160194203
-3.151232121559273	cosine	8.0	4.0	2.0	0.39477101697586137	0.03699704127429398
-0.1103470410358627	cosine	8.0	6.0	8.0	0.6365239496641677	0.0019835093942865535
0.7725334242706786	cosine	8.0	2.0	4.0	0.2631806779839076	0.11680717101068677
-0.43722443870909317	cosine	8.0	6.0	2.0	0.5592589407158036	0.005685474982156306
-2.2313293945126356	cosine	8.0	6.0	4.0	0.40201512610368484	0.03442252599351862
-0.1084538904306387	cosine	8.0	8.0	6.0	0.33501260508640407	0.0647348936883515
0.05554476359941443	cosine	8.0	8.0	2.0	0.36851386559504445	0.04767616394306396
-0.1689527814136415	cosine	8.0	2.0	4.0	0.4605661864718383	0.01856076533880384
1.5323451725670703	cosine	8.0	4.0	6.0	0.20100756305184242	0.1814857225539041
1.8341408934106431	cosine	8.0	8.0	6.0	0.5695214286468869	0.004975414949458076
-1.1402249322719613	cosine	8.0	4.0	6.0	0.36851386559504445	0.04767616394306396
0.23645567755066854	cosine	8.0	8.0	2.0	0.23450882356048283	0.14426833538783368
0.28754044581163346	cosine	8.0	8.0	2.0	0.40201512610368484	0.03442252599351862
-0.5136391855229941	cosine	8.0	8.0	2.0	0.5360201681382465	0.0076349509802290235
0.2277441767901631	cosine	8.0	4.0	6.0	0.4355163866123253	0.024358800530983115
-1.3197672408454744	cosine	8.0	6.0	4.0	0.26801008406912324	0.11257316160194203
1.777513344209856	cosine	8.0	8.0	2.0	0.40201512610368484	0.03442252599351862
0.5970913249118276	cosine	8.0	8.0	2.0	0.4355163866123253	0.024358800530983115
-1.3840316266769217	cosine	8.0	8.0	4.0	0.26801008406912324	0.11257316160194203
0.16122062503994816	cosine	8.0	4.0	2.0	0.36187343222787294	0.05073562797633993
1.414219401639637	cosine	8.0	8.0	6.0	0.502518907629606	0.011474155729315736
0.6032251852339425	cosine	8.0	0.0	2.0	0.3289758474798845	0.0682601490394303
0.6999276111431653	cosine	8.0	2.0	6.0	0.2631806779839076	0.11680717101068677
-0.5128404276486179	cosine	8.0	6.0	4.0	0.36851386559504445	0.04767616394306396
1.1095051210216917	cosine	8.0	2.0	4.0	0.36187343222787294	0.05073562797633993
2.480768877507897	cosine	8.0	2.0	8.0	0.36851386559504445	0.04767616394306396
-0.45841874306778285	cosine	8.0	6.0	8.0	0.36851386559504445	0.04767616394306396
-0.18890220031362412	cosine	8.0	6.0	2.0	0.23028309323591914	0.14865659075244408
-0.031360496375470524	cosine	8.0	8.0	2.0	0.30151134457776363	0.08619310660327584
0.7289540268984691	cosine	8.0	0.0	6.0	0.4355163866123253	0.024358800530983115
-0.5312572744016811	cosine	8.0	6.0	8.0	0.30151134457776363	0.08619310660327584
2.0005511931927176	cosine	8.0	0.0	2.0	0.39477101697586137	0.03699704127429398
1.706397433844186	cosine	8.0	6.0	2.0	0.42766860172384985	0.02646218884554873
1.3370598380027952	cosine	8.0	4.0	2.0	0.39477101697586137	0.03699704127429398
0.5865162332238296	cosine	8.0	6.0	4.0	0.16750630254320203	0.22419615145873356
-1.1414776432271139	cosine	8.0	8.0	6.0	0.26801008406912324	0.11257316160194203
1.3375817907645842	cosine	8.0	2.0	0.0	0.5263613559678152	0.008604775407453868
-0.8517850699937816	cosine	8.0	6.0	4.0	0.23450882356048283	0.14426833538783368
-0.6272948061742512	cosine	8.0	2.0	6.0	0.296078262731896	0.0901247100752523
0.8218428698046676	cosine	8.0	4.0	6.0	0.13400504203456162	0.27209855448987996
-0.38788832979571514	cosine	8.0	2.0	0.0	0.39477101697586137	0.03699704127429398
-0.43645117889346396	cosine	8.0	0.0	2.0	0.1315903389919538	0.27573794886251457
0.23283429762208677	cosine	8.0	4.0	8.0	0.33501260508640407	0.0647348936883515
-2.1416676926110996	cosine	8.0	2.0	8.0	0.20100756305184242	0.1814857225539041
0.2759136829745606	cosine	8.0	6.0	4.0	0.33501260508640407	0.0647348936883515
-1.013877683327886	cosine	8.0	2.0	8.0	0.33501260508640407	0.0647348936883515
1.45206868345611	cosine	8.0	0.0	2.0	0.16448792373994225	0.22830592549268558
-0.1773242523573129	cosine	8.0	6.0	8.0	0.10050378152592121	0.3246054073583539
-0.9003062037969475	cosine	8.0	8.0	2.0	0.13400504203456162	0.27209855448987996
-0.42610379419097133	cosine	8.0	6.0	8.0	0.16750630254320203	0.22419615145873356
-1.2261163074983168	cosine	8.0	6.0	4.0	0.33501260508640407	0.0647348936883515
-1.1719933867109715	cosine	8.0	6.0	4.0	0.502518907629606	0.011474155729315736
-0.5771004274991383	cosine	8.0	4.0	2.0	0.6250541102117805	0.002335688748637901
-1.2335416777495276	cosine	8.0	2.0	8.0	0.26801008406912324	0.11257316160194203
0.8677181493516	cosine	8.0	4.0	6.0	0.40201512610368484	0.03442252599351862
1.4313869293458585	cosine	8.0	0.0	4.0	0.1315903389919538	0.27573794886251457
-0.45244576628894373	cosine	8.0	8.0	6.0	0.46901764712096566	0.01689057007847118
-0.27710123187759217	cosine	8.0	2.0	6.0	0.5592589407158036	0.005685474982156306
-1.204146144723487	cosine	8.0	2.0	8.0	0.20100756305184242	0.1814857225539041
-1.257145807483623	cosine	8.0	2.0	8.0	0.20100756305184242	0.1814857225539041
-1.0273929762927838	cosine	8.0	2.0	8.0	0.46901764712096566	0.01689057007847118
-0.11179996008330119	cosine	8.0	4.0	6.0	0.40201512610368484	0.03442252599351862
-0.5429912543758527	cosine	8.0	8.0	2.0	0.6700252101728081	0.0012131191275820915
1.7885232599171295	cosine	8.0	8.0	6.0	0.30151134457776363	0.08619310660327584
1.0157102632378174	cosine	8.0	4.0	6.0	0.26801008406912324	0.11257316160194203
-0.7286043309703408	cosine	8.0	2.0	0.0	0.23028309323591914	0.14865659075244408
-0.12653992050640175	cosine	8.0	4.0	6.0	0.23450882356048283	0.14426833538783368
-0.08168659867961499	cosine	8.0	6.0	2.0	0.296078262731896	0.0901247100752523
0.6553123431538559	cosine	8.0	0.0	4.0	0.23028309323591914	0.14865659075244408
-0.20166694510391864	cosine	8.0	2.0	4.0	0.296078262731896	0.0901247100752523
1.0885146188369796	cosine	8.0	4.0	2.0	0.4934637712198267	0.01276417380034623
-1.1904014180062847	cosine	8.0	4.0	6.0	0.20100756305184242	0.1814857225539041
0.12938367688594282	cosine	8.0	4.0	0.0	0.5263613559678152	0.008604775407453868
-0.1436569711798511	cosine	8.0	2.0	6.0	0.5263613559678152	0.008604775407453868
-0.493878656730799	cosine	8.0	4.0	6.0	0.40201512610368484	0.03442252599351862
-0.5173514861110343	cosine	8.0	0.0	4.0	0.296078262731896	0.0901247100752523
1.5557567529286505	cosine	8.0	6.0	8.0	0.13400504203456162	0.27209855448987996
0.9599999813395461	cosine	8.0	6.0	4.0	0.16750630254320203	0.22419615145873356
0.34669193370353335	cosine	8.0	0.0	2.0	0.592156525463792	0.0036813837070469946
0.03655464396590392	cosine	8.0	8.0	6.0	0.26801008406912324	0.11257316160194203
-1.1492314456800963	cosine	8.0	4.0	6.0	0.40201512610368484	0.03442252599351862
1.0868459783741835	cosine	8.0	4.0	2.0	0.5592589407158036	0.005685474982156306
1.3028500983126488	cosine	8.0	2.0	4.0	0.36187343222787294	0.05073562797633993
0.37918350202581397	cosine	8.0	2.0	0.0	0.42766860172384985	0.02646218884554873
-0.05793345622629912	cosine	8.0	8.0	6.0	0.26801008406912324	0.11257316160194203
-0.5074013216727778	cosine	8.0	0.0	4.0	0.2631806779839076	0.11680717101068677
0.40170577169835187	cosine	8.0	4.0	2.0	0.3289758474798845	0.0682601490394303
-0.7334811706666768	cosine	8.0	2.0	6.0	0.5263613559678152	0.008604775407453868
-1.3218750383227964	cosine	8.0	2.0	4.0	0.2631806779839076	0.11680717101068677
0.5298735799647261	cosine	8.0	8.0	4.0	0.26801008406912324	0.11257316160194203
-1.5935085732630432	cosine	8.0	8.0	4.0	0.23450882356048283	0.14426833538783368
1.5252927873557582	cosine	8.0	8.0	6.0	0.40201512610368484	0.03442252599351862
1.4887755847570787	cosine	8.0	6.0	4.0	0.30151134457776363	0.08619310660327584
-1.193503553622858	cosine	8.0	6.0	2.0	0.23028309323591914	0.14865659075244408
0.8468444585384122	cosine	8.0	8.0	6.0	0.10050378152592121	0.3246054073583539
0.9206701392775672	cosine	8.0	6.0	8.0	0.4355163866123253	0.024358800530983115
0.8337836311959748	cosine	8.0	8.0	2.0	0.36851386559504445	0.04767616394306396
-0.8499381211984518	cosine	8.0	4.0	2.0	0.2631806779839076	0.11680717101068677
-0.626025874115303	cosine	8.0	2.0	8.0	0.23450882356048283	0.14426833538783368
-1.2581355068047964	cosine	8.0	6.0	8.0	0.6030226891555273	0.003174862914337789
1.2609770077440385	cosine	8.0	4.0	2.0	0.42766860172384985	0.02646218884554873
-1.6875595532217167	cosine	8.0	6.0	4.0	0.16750630254320203	0.22419615145873356
1.9061380041661315	cosine	8.0	8.0	2.0	0.36851386559504445	0.04767616394306396
0.16244118302133395	cosine	8.0	4.0	2.0	0.4934637712198267	0.01276417380034623
-0.23530400939517274	cosine	8.0	0.0	4.0	0.296078262731896	0.0901247100752523
-0.6035659830942689	cosine	8.0	4.0	0.0	0.19738550848793068	0.18584158306669563
-0.18902506022551727	cosine	8.0	8.0	2.0	0.23450882356048283	0.14426833538783368
0.1844702680163782	cosine	8.0	2.0	6.0	0.2631806779839076	0.11680717101068677
-1.2680565718268926	cosine	8.0	4.0	2.0	0.39477101697586137	0.03699704127429398
0.7573291555523638	cosine	8.0	4.0	6.0	0.502518907629606	0.011474155729315736
0.6656566946692022	cosine	8.0	4.0	8.0	0.4355163866123253	0.024358800530983115
-0.5403108506726131	cosine	8.0	4.0	8.0	0.26801008406912324	0.11257316160194203
0.16337158974650756	cosine	8.0	2.0	6.0	0.1315903389919538	0.27573794886251457
-0.698419581396758	cosine	8.0	6.0	4.0	0.33501260508640407	0.0647348936883515
-0.2211474492856371	cosine	8.0	4.0	2.0	0.1315903389919538	0.27573794886251457
-0.7591528456840928	cosine	8.0	4.0	6.0	0.33501260508640407	0.0647348936883515
0.2827976037581014	cosine	8.0	4.0	2.0	0.23028309323591914	0.14865659075244408
0.6645320673025606	cosine	8.0	8.0	6.0	0.26801008406912324	0.11257316160194203
-1.3423942448695747	cosine	8.0	8.0	2.0	0.33501260508640407	0.0647348936883515
-0.015597166827124725	cosine	8.0	4.0	6.0	0.23450882356048283	0.14426833538783368
1.0132681674793327	cosine	8.0	0.0	6.0	0.30151134457776363	0.08619310660327584
-0.8590804221668599	cosine	8.0	4.0	2.0	0.657951694959769	0.0014518639985398399
0.48562217368711785	cosine	8.0	2.0	0.0	0.16448792373994225	0.22830592549268558
-0.6410408521286939	cosine	8.0	2.0	4.0	0.23028309323591914	0.14865659075244408
-1.385112070679579	cosine	8.0	6.0	8.0	0.40201512610368484	0.03442252599351862
0.785448723560579	cosine	8.0	0.0	2.0	0.6250541102117805	0.002335688748637901
0.14351976962190055	cosine	8.0	6.0	4.0	0.20100756305184242	0.1814857225539041
-0.42301689114369	cosine	8.0	6.0	4.0	0.26801008406912324	0.11257316160194203
-0.39236440079955487	cosine	8.0	4.0	6.0	0.13400504203456162	0.27209855448987996
-0.25256084963088193	cosine	8.0	6.0	2.0	0.23028309323591914	0.14865659075244408
-0.5436300716521627	cosine	8.0	8.0	6.0	0.4355163866123253	0.024358800530983115
-0.2828177903953196	cosine	8.0	0.0	2.0	0.1315903389919538	0.27573794886251457
0.3321321312750869	cosine	8.0	2.0	4.0	0.2631806779839076	0.11680717101068677
-1.7815526425719899	cosine	8.0	6.0	8.0	0.26801008406912324	0.11257316160194203
-0.5772701553709836	cosine	8.0	4.0	2.0	0.4605661864718383	0.01856076533880384
-1.1443955625733235	cosine	8.0	2.0	6.0	0.42766860172384985	0.02646218884554873
-0.7589826735029571	cosine	8.0	2.0	8.0	0.26801008406912324	0.11257316160194203
0.5734395945259925	cosine	8.0	4.0	6.0	0.30151134457776363	0.08619310660327584
0.8820314973826852	cosine	8.0	4.0	0.0	0.3289758474798845	0.0682601490394303
1.2399089943020472	cosine	8.0	2.0	8.0	0.23450882356048283	0.14426833538783368
1.21618471418949	cosine	8.0	4.0	2.0	0.4934637712198267	0.01276417380034623
2.0009953785336845	cosine	8.0	2.0	0.0	0.2631806779839076	0.11680717101068677
0.5212708434076126	cosine	8.0	8.0	4.0	0.6030226891555273	0.003174862914337789
1.9318694012565618	cosine	8.0	6.0	2.0	0.3289758474798845	0.0682601490394303
-0.1292781550390473	cosine	8.0	6.0	8.0	0.4355163866123253	0.024358800530983115
1.8453560634806918	cosine	8.0	2.0	4.0	0.19738550848793068	0.18584158306669563
-0.24455662964045877	cosine	8.0	2.0	6.0	0.36187343222787294	0.05073562797633993
-0.44100117404641825	cosine	8.0	6.0	2.0	0.42766860172384985	0.02646218884554873
0.21554076510809808	cosine	8.0	6.0	8.0	0.33501260508640407	0.0647348936883515
1.0875290015253327	cosine	8.0	2.0	4.0	0.4605661864718383	0.01856076533880384
2.319558157036772	cosine	8.0	4.0	6.0	0.33501260508640407	0.0647348936883515
-0.6474477122658074	cosine	8.0	8.0	6.0	0.23450882356048283	0.14426833538783368
0.8799356051610652	cosine	8.0	6.0	4.0	0.20100756305184242	0.1814857225539041
0.8635497393055623	cosine	8.0	2.0	8.0	0.36851386559504445	0.04767616394306396
0.88358636043877	cosine	8.0	2.0	0.0	0.19738550848793068	0.18584158306669563
-0.5742776791638377	cosine	8.0	8.0	2.0	0.26801008406912324	0.11257316160194203
-0.6900730787820347	cosine	8.0	2.0	8.0	0.20100756305184242	0.1814857225539041
-0.8198218229706811	cosine	8.0	2.0	4.0	0.39477101697586137	0.03699704127429398
-0.8655204480114266	cosine	8.0	4.0	2.0	0.36187343222787294	0.05073562797633993
0.4376510653477873	cosine	8.0	4.0	8.0	0.502518907629606	0.011474155729315736
0.5214419275820212	cosine	8.0	2.0	6.0	0.3289758474798845	0.0682601490394303
-0.17433509511991074	cosine	8.0	0.0	2.0	0.5592589407158036	0.005685474982156306
0.5018248152992605	cosine	8.0	8.0	6.0	0.16750630254320203	0.22419615145873356
0.7533926567103622	cosine	8.0	6.0	2.0	0.36187343222787294	0.05073562797633993
0.05637822807442756	cosine	8.0	2.0	8.0	0.6030226891555273	0.003174862914337789
0.953276669549201	cosine	8.0	2.0	0.0	0.3289758474798845	0.0682601490394303
0.02591099025302532	cosine	8.0	2.0	0.0	0.19738550848793068	0.18584158306669563
0.9239962041481509	cosine	8.0	2.0	4.0	0.5263613559678152	0.008604775407453868
-1.5281995590602335	cosine	8.0	6.0	4.0	0.5695214286468869	0.004975414949458076
-0.7344688714139057	cosine	8.0	8.0	4.0	0.30151134457776363	0.08619310660327584
-1.146724123023811	cosine	8.0	6.0	4.0	0.4355163866123253	0.024358800530983115
-1.0479214789063722	cosine	8.0	4.0	6.0	0.30151134457776363	0.08619310660327584
-0.7080678615034935	cosine	8.0	6.0	2.0	0.3289758474798845	0.0682601490394303
-0.46594700318535287	cosine	8.0	2.0	4.0	0.23028309323591914	0.14865659075244408
-2.8923448298851757	cosine	8.0	4.0	2.0	0.3289758474798845	0.0682601490394303
1.1418383237555034	cosine	8.0	2.0	4.0	0.42766860172384985	0.02646218884554873
-1.4503172148553976	cosine	8.0	2.0	8.0	0.30151134457776363	0.08619310660327584
1.3407287193574071	cosine	8.0	6.0	4.0	0.6365239496641677	0.0019835093942865535
-0.10574507009481554	cosine	8.0	4.0	2.0	0.36187343222787294	0.05073562797633993
0.08045892490855676	cosine	8.0	4.0	8.0	0.30151134457776363	0.08619310660327584
-1.4695208698592273	cosine	8.0	2.0	4.0	0.23028309323591914	0.14865659075244408
1.6448592538519857	cosine	8.0	4.0	2.0	0.23028309323591914	0.14865659075244408
1.2770773791198284	cosine	8.0	4.0	6.0	0.5695214286468869	0.004975414949458076
-1.4148685231411713	cosine	8.0	2.0	6.0	0.3289758474798845	0.0682601490394303
0.055611615124668896	cosine	8.0	8.0	4.0	0.4355163866123253	0.024358800530983115
-0.336530488255607	cosine	8.0	6.0	4.0	0.36851386559504445	0.04767616394306396
0.5679905465750618	cosine	8.0	6.0	2.0	0.1315903389919538	0.27573794886251457
-1.4190917786933903	cosine	8.0	2.0	8.0	0.36851386559504445	0.04767616394306396
-1.2390343514654538	cosine	8.0	2.0	6.0	0.39477101697586137	0.03699704127429398
-1.4276797407494342	cosine	8.0	6.0	2.0	0.3289758474798845	0.0682601490394303
0.036890290987136296	cosine	8.0	2.0	4.0	0.6250541102117805	0.002335688748637901
-0.22480470796750263	cosine	8.0	8.0	4.0	0.16750630254320203	0.22419615145873356
-1.0295328982231806	cosine	8.0	6.0	2.0	0.5263613559678152	0.008604775407453868
0.4909922596746337	cosine	8.0	6.0	4.0	0.13400504203456162	0.27209855448987996
1.136475438639936	cosine	8.0	6.0	8.0	0.23450882356048283	0.14426833538783368
-0.5383205739563623	cosine	8.0	2.0	8.0	0.30151134457776363	0.08619310660327584
-1.4853215217560378	cosine	8.0	8.0	4.0	0.5695214286468869	0.004975414949458076
-0.2212716739793837	cosine	8.0	6.0	4.0	0.46901764712096566	0.01689057007847118
-1.5483822766627668	cosine	8.0	2.0	4.0	0.36187343222787294	0.05073562797633993
-0.4050178533406324	cosine	8.0	4.0	6.0	0.4355163866123253	0.024358800530983115
2.263095233002649	cosine	8.0	2.0	4.0	0.2631806779839076	0.11680717101068677
-3.1783637302381083	cosine	8.0	0.0	2.0	0.36187343222787294	0.05073562797633993
-1.1808844982492885	cosine	8.0	2.0	8.0	0.4355163866123253	0.024358800530983115
1.7202469006992278	cosine	8.0	2.0	8.0	0.46901764712096566	0.01689057007847118
0.10622715250265462	cosine	8.0	0.0	4.0	0.3289758474798845	0.0682601490394303
-0.26356780277535713	cosine	8.0	0.0	4.0	0.5592589407158036	0.005685474982156306
-3.2100572888231724	cosine	8.0	4.0	2.0	0.296078262731896	0.0901247100752523
-1.0404822437944807	cosine	8.0	4.0	8.0	0.13400504203456162	0.27209855448987996
-1.3847625596202975	cosine	8.0	6.0	4.0	0.30151134457776363	0.08619310660327584
-0.7176504689531462	cosine	8.0	8.0	4.0	0.30151134457776363	0.08619310660327584
-0.2371927338390219	cosine	8.0	0.0	4.0	0.39477101697586137	0.03699704127429398
-1.0238502702062096	cosine	8.0	4.0	6.0	0.33501260508640407	0.0647348936883515
-0.06301014367279371	cosine	8.0	8.0	6.0	0.40201512610368484	0.03442252599351862
-0.28396868728208524	cosine	8.0	8.0	6.0	0.5360201681382465	0.0076349509802290235
-0.11290511664403939	cosine	8.0	8.0	6.0	0.4355163866123253	0.024358800530983115
-0.27421135300065363	cosine	8.0	2.0	4.0	0.4605661864718383	0.01856076533880384
1.5015603614270063	cosine	8.0	2.0	0.0	0.5263613559678152	0.008604775407453868
-0.48263082586354134	cosine	8.0	2.0	8.0	0.26801008406912324	0.11257316160194203
-0.5647535916972222	cosine	8.0	4.0	2.0	0.5263613559678152	0.008604775407453868
0.1600254453531578	cosine	8.0	4.0	2.0	0.2631806779839076	0.11680717101068677
2.1860816358904325	cosine	8.0	6.0	8.0	0.36851386559504445	0.04767616394306396
1.1202060467254364	cosine	8.0	6.0	8.0	0.33501260508640407	0.0647348936883515
-0.556476612954875	cosine	8.0	4.0	8.0	0.502518907629606	0.011474155729315736
-1.0557335753332133	cosine	8.0	8.0	6.0	0.30151134457776363	0.08619310660327584
-0.6304122377017676	cosine	8.0	2.0	4.0	0.1315903389919538	0.27573794886251457
2.556783853308186	cosine	8.0	6.0	2.0	0.42766860172384985	0.02646218884554873
0.6423479136628253	cosine	8.0	6.0	4.0	0.26801008406912324	0.11257316160194203
-1.781429733599476	cosine	8.0	0.0	2.0	0.296078262731896	0.0901247100752523
1.2493317524731136	cosine	8.0	8.0	2.0	0.23450882356048283	0.14426833538783368
-1.4150194441068693	cosine	8.0	4.0	0.0	0.5263613559678152	0.008604775407453868
-0.03278894246581541	cosine	8.0	8.0	2.0	0.6365239496641677	0.0019835093942865535
0.3319893849796053	cosine	8.0	2.0	0.0	0.39477101697586137	0.03699704127429398
-1.5559160333557345	cosine	8.0	2.0	4.0	0.42766860172384985	0.02646218884554873
0.9197484570600504	cosine	8.0	6.0	8.0	0.10050378152592121	0.3246054073583539
-0.6977604590843072	cosine	8.0	6.0	4.0	0.4355163866123253	0.024358800530983115
-1.1856989298331697	cosine	8.0	2.0	4.0	0.36187343222787294	0.05073562797633993
-0.6097495105727103	cosine	8.0	8.0	2.0	0.4355163866123253	0.024358800530983115
-0.37168066695865726	cosine	8.0	6.0	0.0	0.36851386559504445	0.04767616394306396
-0.9995899879667655	cosine	8.0	8.0	6.0	0.6030226891555273	0.003174862914337789
1.907094265688887	cosine	8.0	0.0	6.0	0.30151134457776363	0.08619310660327584
-0.41073103755268214	cosine	8.0	4.0	8.0	0.46901764712096566	0.01689057007847118
1.3540301655796096	cosine	8.0	2.0	4.0	0.3289758474798845	0.0682601490394303
-0.8253558011573031	cosine	8.0	4.0	8.0	0.6365239496641677	0.0019835093942865535
-0.4253917399636824	cosine	8.0	8.0	6.0	0.16750630254320203	0.22419615145873356
0.3501486940873904	cosine	8.0	2.0	8.0	0.23450882356048283	0.14426833538783368
-0.350820877673994	cosine	8.0	6.0	2.0	0.1315903389919538	0.27573794886251457
-1.3354070995657583	cosine	8.0	6.0	8.0	0.40201512610368484	0.03442252599351862
-0.6924484743858572	cosine	8.0	6.0	8.0	0.46901764712096566	0.01689057007847118
-0.7507036491927063	cosine	8.0	4.0	8.0	0.36851386559504445	0.04767616394306396
0.2570837984814443	cosine	8.0	6.0	8.0	0.16750630254320203	0.22419615145873356
-0.027743548696284898	cosine	8.0	4.0	6.0	0.502518907629606	0.011474155729315736
0.45549658287723077	cosine	8.0	8.0	2.0	0.502518907629606	0.011474155729315736
0.25457455957336245	cosine	8.0	2.0	4.0	0.296078262731896	0.0901247100752523
0.7944452770029442	cosine	8.0	6.0	0.0	0.36851386559504445	0.04767616394306396
-0.9677091874649079	cosine	8.0	8.0	4.0	0.30151134457776363	0.08619310660327584
-0.3805651196210033	cosine	8.0	0.0	2.0	0.36187343222787294	0.05073562797633993
-0.5586322413581829	cosine	8.0	4.0	2.0	0.3289758474798845	0.0682601490394303
-1.6533554153759484	cosine	8.0	8.0	6.0	0.23450882356048283	0.14426833538783368
-0.6428206527163954	cosine	8.0	2.0	8.0	0.30151134457776363	0.08619310660327584
0.48578121896283094	cosine	8.0	8.0	2.0	0.33501260508640407	0.0647348936883515
-0.1599935641971489	cosine	8.0	8.0	4.0	0.6365239496641677	0.0019835093942865535
0.47150710531067846	cosine	8.0	2.0	4.0	0.5592589407158036	0.005685474982156306
-1.4544446795585748	cosine	8.0	8.0	6.0	0.36851386559504445	0.04767616394306396
-0.526097869295043	cosine	8.0	4.0	6.0	0.30151134457776363	0.08619310660327584
-1.0097940564087533	cosine	8.0	2.0	8.0	0.6030226891555273	0.003174862914337789
-0.7285817879784785	cosine	8.0	4.0	8.0	0.33501260508640407	0.0647348936883515
-0.8620109054532731	cosine	8.0	2.0	6.0	0.296078262731896	0.0901247100752523
-1.3981489341221374	cosine	8.0	6.0	8.0	0.33501260508640407	0.0647348936883515
-0.10616566038254027	cosine	8.0	6.0	2.0	0.5592589407158036	0.005685474982156306
0.9909290519850088	cosine	8.0	4.0	6.0	0.40201512610368484	0.03442252599351862
-0.018744332999877288	cosine	8.0	6.0	2.0	0.4934637712198267	0.01276417380034623
0.46132097143645884	cosine	8.0	6.0	4.0	0.13400504203456162	0.27209855448987996
0.4540742553680453	cosine	8.0	2.0	8.0	0.30151134457776363	0.08619310660327584
0.5596316099989382	cosine	8.0	4.0	6.0	0.33501260508640407	0.0647348936883515
1.1686781153227297	cosine	8.0	8.0	2.0	0.33501260508640407	0.0647348936883515
-0.5701116820853275	cosine	8.0	2.0	6.0	0.592156525463792	0.0036813837070469946
-1.0580175139068329	cosine	8.0	4.0	2.0	0.1315903389919538	0.27573794886251457
-1.9285099348914294	cosine	8.0	4.0	6.0	0.40201512610368484	0.03442252599351862
0.8536359441767444	cosine	8.0	6.0	2.0	0.36187343222787294	0.05073562797633993
-0.6778683493557788	cosine	8.0	8.0	2.0	0.33501260508640407	0.0647348936883515
-0.28379728943066057	cosine	8.0	8.0	6.0	0.26801008406912324	0.11257316160194203
0.1526697253504866	cosine	8.0	4.0	2.0	0.3289758474798845	0.0682601490394303
0.12126602447238817	cosine	8.0	4.0	0.0	0.5263613559678152	0.008604775407453868
-0.04190188734148118	cosine	8.0	4.0	6.0	0.26801008406912324	0.11257316160194203
0.7513533994100516	cosine	8.0	8.0	4.0	0.23450882356048283	0.14426833538783368
-0.6164708742820739	cosine	8.0	2.0	4.0	0.5592589407158036	0.005685474982156306
0.7046086084682176	cosine	8.0	8.0	6.0	0.33501260508640407	0.0647348936883515
-1.5564801596519129	cosine	8.0	6.0	4.0	0.16750630254320203	0.22419615145873356
1.1440059600615538	cosine	8.0	6.0	8.0	0.4355163866123253	0.024358800530983115
1.593269426380899	cosine	8.0	4.0	2.0	0.36187343222787294	0.05073562797633993
0.2064814767660652	cosine	8.0	2.0	8.0	0.20100756305184242	0.1814857225539041
1.7121029501241583	cosine	8.0	8.0	2.0	0.20100756305184242	0.1814857225539041
0.49324100050953906	cosine	8.0	2.0	4.0	0.3289758474798845	0.0682601490394303
-0.07441490332533095	cosine	8.0	4.0	2.0	0.296078262731896	0.0901247100752523
0.2280301255606748	cosine	8.0	4.0	6.0	0.30151134457776363	0.08619310660327584
-0.7857588351163929	cosine	8.0	0.0	6.0	0.16750630254320203	0.22419615145873356
-0.12752160648459085	cosine	8.0	2.0	8.0	0.30151134457776363	0.08619310660327584
0.8242228500114012	cosine	8.0	8.0	6.0	0.16750630254320203	0.22419615145873356
-2.298807217156024	cosine	8.0	4.0	6.0	0.23450882356048283	0.14426833538783368
-0.21480821917689913	cosine	8.0	4.0	2.0	0.36187343222787294	0.05073562797633993
1.096755127453093	cosine	8.0	0.0	2.0	0.23028309323591914	0.14865659075244408
-0.22028289266581927	cosine	8.0	6.0	2.0	0.296078262731896	0.0901247100752523
-0.0466905840606106	cosine	8.0	4.0	0.0	0.2631806779839076	0.11680717101068677
-1.9754760460332805	cosine	8.0	0.0	2.0	0.5263613559678152	0.008604775407453868
-0.244176795884921	cosine	8.0	4.0	2.0	0.296078262731896	0.0901247100752523
0.3556234526056865	cosine	8.0	8.0	4.0	0.23450882356048283	0.14426833538783368
0.029955752370162438	cosine	8.0	8.0	2.0	0.23450882356048283	0.14426833538783368
0.33962365365413455	cosine	8.0	6.0	4.0	0.10050378152592121	0.3246054073583539
1.457080190674189	cosine	8.0	2.0	6.0	0.39477101697586137	0.03699704127429398
-0.6194903620043619	cosine	8.0	2.0	8.0	0.26801008406912324	0.11257316160194203
-1.0566909872828745	cosine	8.0	8.0	6.0	0.36851386559504445	0.04767616394306396
-0.42376799991997455	cosine	8.0	6.0	4.0	0.33501260508640407	0.0647348936883515
1.608738895657884	cosine	8.0	6.0	4.0	0.16750630254320203	0.22419615145873356
-1.1622669962813024	cosine	8.0	8.0	6.0	0.10050378152592121	0.3246054073583539
-1.3436985990715713	cosine	8.0	8.0	4.0	0.36851386559504445	0.04767616394306396
-0.23463731349846959	cosine	8.0	8.0	6.0	0.502518907629606	0.011474155729315736
-0.15907315960246712	cosine	8.0	6.0	4.0	0.36851386559504445	0.04767616394306396
-0.9752558362334866	cosine	8.0	4.0	6.0	0.13400504203456162	0.27209855448987996
0.7008308700798555	cosine	8.0	2.0	8.0	0.40201512610368484	0.03442252599351862
-2.0910212054616175	cosine	8.0	0.0	4.0	0.296078262731896	0.0901247100752523
-0.22741204646515678	cosine	8.0	2.0	8.0	0.5360201681382465	0.0076349509802290235
-0.8109819936549194	cosine	8.0	6.0	2.0	0.4605661864718383	0.01856076533880384
0.564224277625121	cosine	8.0	0.0	2.0	0.592156525463792	0.0036813837070469946
0.9488705891091046	cosine	8.0	2.0	6.0	0.1315903389919538	0.27573794886251457
-0.05303047825269402	cosine	8.0	8.0	2.0	0.10050378152592121	0.3246054073583539
-0.7422298923017157	cosine	8.0	6.0	0.0	0.23450882356048283	0.14426833538783368
0.18605042066916236	cosine	8.0	4.0	2.0	0.36187343222787294	0.05073562797633993
-0.3346010933746182	cosine	8.0	8.0	6.0	0.23450882356048283	0.14426833538783368
1.5437357194236172	cosine	8.0	8.0	4.0	0.20100756305184242	0.1814857225539041
