ID	Waveform	Period	Phase	Nadir	Tau	P
-0.7357620764909459	cosine	24.0	4.0	20.0	0.6363636363636367	0.001988079806063042
0.28424343464042423	cosine	24.0	4.0	22.0	0.3333333333333335	0.06570102610411901
0.534954196369646	cosine	24.0	4.0	0.0	0.5454545454545456	0.0067819162397311575
0.679289027660607	cosine	24.0	8.0	4.0	0.45454545454545475	0.019834630913749846
-0.5583929908638862	cosine	24.0	20.0	18.0	0.2727272727272728	0.10854448149943507
-0.4578506205396405	cosine	24.0	8.0	10.0	0.666666666666667	0.0012756406460599887
-0.1459560438158165	cosine	24.0	22.0	20.0	0.4848484848484851	0.014106153084401886
-2.7262459817000693	cosine	24.0	4.0	2.0	0.5151515151515154	0.00986438530634296
-1.284563409962939	cosine	24.0	10.0	8.0	0.4242424242424244	0.02742697317621316
-0.43669104591399693	cosine	24.0	10.0	16.0	0.7878787878787882	0.0001813930547667903
-0.9091593276368133	cosine	24.0	20.0	8.0	0.2727272727272728	0.10854448149943507
0.14725429632827677	cosine	24.0	22.0	18.0	0.4242424242424244	0.02742697317621316
-0.6653369175783618	cosine	24.0	8.0	6.0	0.3636363636363638	0.04990853551146973
-0.8705518206950742	cosine	24.0	10.0	20.0	0.5151515151515154	0.00986438530634296
0.6783174403646302	cosine	24.0	16.0	20.0	0.5454545454545456	0.0067819162397311575
-0.007782058389510089	cosine	24.0	18.0	16.0	0.4242424242424244	0.02742697317621316
-0.9301213625330946	cosine	24.0	4.0	18.0	0.5151515151515154	0.00986438530634296
-1.7580195513588304	cosine	24.0	2.0	0.0	0.3333333333333335	0.06570102610411901
-0.9207622783037762	cosine	24.0	12.0	14.0	0.3333333333333335	0.06570102610411901
1.0948017743560918	cosine	24.0	14.0	16.0	0.3636363636363638	0.04990853551146973
-1.3546551454064923	cosine	24.0	16.0	20.0	0.2727272727272728	0.10854448149943507
0.17289734410321395	cosine	24.0	6.0	8.0	0.2727272727272728	0.10854448149943507
-0.26748403710118657	cosine	24.0	12.0	14.0	0.30303030303030315	0.08511721571435177
-0.5762039489289699	cosine	24.0	18.0	16.0	0.4242424242424244	0.02742697317621316
0.053007166326042195	cosine	24.0	2.0	6.0	0.3939393939393941	0.037302414641954044
-0.9724121259638742	cosine	24.0	12.0	14.0	0.3636363636363638	0.04990853551146973
-0.81322213989809	cosine	24.0	10.0	0.0	0.45454545454545475	0.019834630913749846
0.3027194984786504	cosine	24.0	16.0	20.0	0.4242424242424244	0.02742697317621316
-0.18503750506761024	cosine	24.0	16.0	0.0	0.4242424242424244	0.02742697317621316
0.3612770624190869	cosine	24.0	10.0	18.0	0.45454545454545475	0.019834630913749846
1.0500233148636497	cosine	24.0	10.0	8.0	0.24242424242424254	0.1362855657955242
-0.9306116948698716	cosine	24.0	8.0	2.0	0.4242424242424244	0.02742697317621316
0.4415637103044122	cosine	24.0	0.0	22.0	0.3939393939393941	0.037302414641954044
-0.35828862673510214	cosine	24.0	6.0	8.0	0.6060606060606063	0.003044944233852819
-0.8727102001366818	cosine	24.0	10.0	18.0	0.575757575757576	0.004583576838638997
-0.7843928987543107	cosine	24.0	6.0	8.0	0.4242424242424244	0.02742697317621316
-0.9747989786193573	cosine	24.0	14.0	12.0	0.3636363636363638	0.04990853551146973
0.6037624462260022	cosine	24.0	18.0	0.0	0.4848484848484851	0.014106153084401886
0.23237434932250112	cosine	24.0	22.0	10.0	0.3939393939393941	0.037302414641954044
0.0825195835757752	cosine	24.0	20.0	0.0	0.4848484848484851	0.014106153084401886
0.35895907557911266	cosine	24.0	12.0	14.0	0.666666666666667	0.0012756406460599887
1.1018963378113924	cosine	24.0	14.0	8.0	0.45454545454545475	0.019834630913749846
1.3191273653931062	cosine	24.0	20.0	18.0	0.2727272727272728	0.10854448149943507
0.9816323714566163	cosine	24.0	22.0	4.0	0.6060606060606063	0.003044944233852819
0.03896443490571668	cosine	24.0	18.0	16.0	0.6060606060606063	0.003044944233852819
-0.7079632990106467	cosine	24.0	10.0	12.0	0.5454545454545456	0.0067819162397311575
-0.08696522123210505	cosine	24.0	4.0	8.0	0.666666666666667	0.0012756406460599887
-0.006550802162666443	cosine	24.0	16.0	12.0	0.6060606060606063	0.003044944233852819
0.9973061440557751	cosine	24.0	4.0	2.0	0.5151515151515154	0.00986438530634296
1.8854849914978615	cosine	24.0	10.0	8.0	0.5151515151515154	0.00986438530634296
0.513950669512136	cosine	24.0	16.0	0.0	0.5454545454545456	0.0067819162397311575
0.7693558912804556	cosine	24.0	16.0	2.0	0.4242424242424244	0.02742697317621316
-1.1173879427790416	cosine	24.0	14.0	16.0	0.3939393939393941	0.037302414641954044
-0.01348834401982385	cosine	24.0	22.0	20.0	0.6060606060606063	0.003044944233852819
0.5698604145924264	cosine	24.0	4.0	0.0	0.5454545454545456	0.0067819162397311575
0.9491688466414928	cosine	24.0	20.0	16.0	0.7272727272727276	0.0004983045770249599
1.2685824673674244	cosine	24.0	4.0	2.0	0.6060606060606063	0.003044944233852819
1.6036841511071158	cosine	24.0	20.0	18.0	0.4242424242424244	0.02742697317621316
0.61320662795406	cosine	24.0	4.0	8.0	0.3939393939393941	0.037302414641954044
1.2004844748031078	cosine	24.0	6.0	18.0	0.3636363636363638	0.04990853551146973
-0.5776297891838982	cosine	24.0	20.0	22.0	0.4242424242424244	0.02742697317621316
-2.8336294878161166	cosine	24.0	4.0	22.0	0.4242424242424244	0.02742697317621316
0.9242309433293536	cosine	24.0	14.0	16.0	0.5454545454545456	0.0067819162397311575
0.16515065204767918	cosine	24.0	14.0	12.0	0.4848484848484851	0.014106153084401886
-2.518316847089662	cosine	24.0	18.0	20.0	0.30303030303030315	0.08511721571435177
-0.4539578704904749	cosine	24.0	8.0	6.0	0.30303030303030315	0.08511721571435177
0.3709940994825105	cosine	24.0	14.0	0.0	0.4848484848484851	0.014106153084401886
1.1342970514765087	cosine	24.0	6.0	8.0	0.45454545454545475	0.019834630913749846
-0.2716379918193594	cosine	24.0	22.0	2.0	0.3939393939393941	0.037302414641954044
0.3012088041359422	cosine	24.0	6.0	14.0	0.2727272727272728	0.10854448149943507
1.719097762626711	cosine	24.0	8.0	4.0	0.45454545454545475	0.019834630913749846
-0.32764590917618697	cosine	24.0	0.0	20.0	0.6363636363636367	0.001988079806063042
2.283912276916541	cosine	24.0	8.0	22.0	0.3333333333333335	0.06570102610411901
-0.0933002128996082	cosine	24.0	18.0	20.0	0.4242424242424244	0.02742697317621316
2.0241116581405736	cosine	24.0	18.0	4.0	0.4242424242424244	0.02742697317621316
1.3016237841105172	cosine	24.0	2.0	4.0	0.5454545454545456	0.0067819162397311575
0.5549477327222784	cosine	24.0	6.0	8.0	0.3333333333333335	0.06570102610411901
0.2848086308356298	cosine	24.0	16.0	18.0	0.3939393939393941	0.037302414641954044
-2.858904439293626	cosine	24.0	16.0	18.0	0.4848484848484851	0.014106153084401886
-1.467395205187828	cosine	24.0	8.0	14.0	0.666666666666667	0.0012756406460599887
0.06137556842083446	cosine	24.0	12.0	10.0	0.4242424242424244	0.02742697317621316
0.5081683963371664	cosine	24.0	2.0	4.0	0.45454545454545475	0.019834630913749846
-0.11599895902061182	cosine	24.0	2.0	4.0	0.4848484848484851	0.014106153084401886
1.6535195934725337	cosine	24.0	18.0	12.0	0.6060606060606063	0.003044944233852819
0.013533915352631612	cosine	24.0	2.0	16.0	0.7575757575757579	0.000303320964553055
-0.7879822184685605	cosine	24.0	22.0	20.0	0.3939393939393941	0.037302414641954044
0.7650539672562875	cosine	24.0	6.0	2.0	0.3333333333333335	0.06570102610411901
-0.3195714125290705	cosine	24.0	2.0	16.0	0.3636363636363638	0.04990853551146973
-0.5235432508761588	cosine	24.0	18.0	22.0	0.4242424242424244	0.02742697317621316
1.5141927044019892	cosine	24.0	6.0	8.0	0.4242424242424244	0.02742697317621316
-0.9356326706884797	cosine	24.0	12.0	4.0	0.3939393939393941	0.037302414641954044
1.1996015012405676	cosine	24.0	20.0	18.0	0.3939393939393941	0.037302414641954044
-0.5350529036779875	cosine	24.0	12.0	2.0	0.575757575757576	0.004583576838638997
-0.20852143011534083	cosine	24.0	4.0	2.0	0.3939393939393941	0.037302414641954044
-0.2620089495336099	cosine	24.0	16.0	14.0	0.3939393939393941	0.037302414641954044
0.07290594496681736	cosine	24.0	4.0	6.0	0.4848484848484851	0.014106153084401886
0.12772601798394792	cosine	24.0	14.0	16.0	0.3939393939393941	0.037302414641954044
-0.05509601017228186	cosine	24.0	12.0	20.0	0.45454545454545475	0.019834630913749846
0.16763016748763654	cosine	24.0	22.0	20.0	0.5151515151515154	0.00986438530634296
-1.006613003830506	cosine	24.0	22.0	0.0	0.3636363636363638	0.04990853551146973
0.798916585596792	cosine	24.0	18.0	20.0	0.4848484848484851	0.014106153084401886
0.5335809124053978	cosine	24.0	12.0	10.0	0.2121212121212122	0.16852366968754684
-0.30748441713283314	cosine	24.0	14.0	12.0	0.5454545454545456	0.0067819162397311575
-0.5741231061201227	cosine	24.0	0.0	2.0	0.3939393939393941	0.037302414641954044
-0.9331500702839377	cosine	24.0	4.0	2.0	0.5454545454545456	0.0067819162397311575
1.720988835555443	cosine	24.0	14.0	12.0	0.5151515151515154	0.00986438530634296
2.329107904917488	cosine	24.0	18.0	16.0	0.2121212121212122	0.16852366968754684
0.12911155323793758	cosine	24.0	14.0	18.0	0.575757575757576	0.004583576838638997
-1.3543463746846038	cosine	24.0	22.0	4.0	0.3333333333333335	0.06570102610411901
-0.6833351838952806	cosine	24.0	2.0	0.0	0.6060606060606063	0.003044944233852819
-0.052901227795053275	cosine	24.0	8.0	6.0	0.575757575757576	0.004583576838638997
-1.0404120645541695	cosine	24.0	2.0	20.0	0.4242424242424244	0.02742697317621316
1.040316714665346	cosine	24.0	8.0	6.0	0.3636363636363638	0.04990853551146973
1.1139538797835202	cosine	24.0	6.0	8.0	0.30303030303030315	0.08511721571435177
0.05358555666059472	cosine	24.0	18.0	20.0	0.3636363636363638	0.04990853551146973
-1.2931750386179546	cosine	24.0	10.0	12.0	0.4848484848484851	0.014106153084401886
-0.5843225488248929	cosine	24.0	20.0	4.0	0.3636363636363638	0.04990853551146973
0.689742174622115	cosine	24.0	6.0	16.0	0.3939393939393941	0.037302414641954044
-0.15650214719971794	cosine	24.0	20.0	18.0	0.2727272727272728	0.10854448149943507
1.1670343803710657	cosine	24.0	22.0	18.0	0.45454545454545475	0.019834630913749846
1.2814715485629573	cosine	24.0	12.0	10.0	0.3333333333333335	0.06570102610411901
-0.7310486030402544	cosine	24.0	18.0	0.0	0.6060606060606063	0.003044944233852819
0.42512726928946043	cosine	24.0	18.0	16.0	0.3939393939393941	0.037302414641954044
-1.4734023239483875	cosine	24.0	20.0	22.0	0.4848484848484851	0.014106153084401886
-0.27396753976835814	cosine	24.0	8.0	6.0	0.4242424242424244	0.02742697317621316
0.5865119841820428	cosine	24.0	10.0	12.0	0.45454545454545475	0.019834630913749846
0.6575729789546039	cosine	24.0	4.0	6.0	0.3636363636363638	0.04990853551146973
0.5251140737532045	cosine	24.0	6.0	8.0	0.45454545454545475	0.019834630913749846
-0.7142627797780352	cosine	24.0	20.0	8.0	0.4848484848484851	0.014106153084401886
-0.02651281541693788	cosine	24.0	6.0	4.0	0.4242424242424244	0.02742697317621316
-1.1391301594949272	cosine	24.0	2.0	22.0	0.6060606060606063	0.003044944233852819
-0.3078942468655265	cosine	24.0	20.0	22.0	0.666666666666667	0.0012756406460599887
0.595889405176524	cosine	24.0	2.0	4.0	0.6363636363636367	0.001988079806063042
0.2805215315038381	cosine	24.0	12.0	14.0	0.3333333333333335	0.06570102610411901
0.17636392257351818	cosine	24.0	20.0	10.0	0.4848484848484851	0.014106153084401886
-1.130750323281921	cosine	24.0	10.0	14.0	0.575757575757576	0.004583576838638997
0.6425380983759513	cosine	24.0	6.0	2.0	0.6969696969696972	0.0008043156973336818
0.8929557480487602	cosine	24.0	18.0	20.0	0.3333333333333335	0.06570102610411901
0.3655922087677339	cosine	24.0	4.0	2.0	0.3333333333333335	0.06570102610411901
1.4487442522928884	cosine	24.0	4.0	2.0	0.4848484848484851	0.014106153084401886
-0.4303011228512876	cosine	24.0	0.0	2.0	0.4848484848484851	0.014106153084401886
-0.00902997176482486	cosine	24.0	20.0	14.0	0.30303030303030315	0.08511721571435177
0.13793408534317797	cosine	24.0	14.0	12.0	0.30303030303030315	0.08511721571435177
1.1868217156997303	cosine	24.0	12.0	10.0	0.5151515151515154	0.00986438530634296
-0.6246628923421708	cosine	24.0	22.0	2.0	0.5151515151515154	0.00986438530634296
0.9637519084002434	cosine	24.0	2.0	4.0	0.3636363636363638	0.04990853551146973
0.615136990219615	cosine	24.0	10.0	22.0	0.4242424242424244	0.02742697317621316
-1.728906690709413	cosine	24.0	2.0	8.0	0.45454545454545475	0.019834630913749846
1.2046459838044252	cosine	24.0	22.0	0.0	0.2727272727272728	0.10854448149943507
2.0086905781621995	cosine	24.0	16.0	12.0	0.666666666666667	0.0012756406460599887
0.10518051443992026	cosine	24.0	12.0	8.0	0.4242424242424244	0.02742697317621316
1.5542320241860175	cosine	24.0	8.0	4.0	0.2121212121212122	0.16852366968754684
0.16553357294371912	cosine	24.0	18.0	20.0	0.3333333333333335	0.06570102610411901
1.3134167439554396	cosine	24.0	22.0	4.0	0.3636363636363638	0.04990853551146973
-0.8443827265038664	cosine	24.0	0.0	22.0	0.5454545454545456	0.0067819162397311575
1.1323036065319776	cosine	24.0	0.0	18.0	0.45454545454545475	0.019834630913749846
1.4134464096965935	cosine	24.0	4.0	12.0	0.24242424242424254	0.1362855657955242
1.5913619814440263	cosine	24.0	12.0	8.0	0.3333333333333335	0.06570102610411901
-0.6726499956632266	cosine	24.0	6.0	4.0	0.4848484848484851	0.014106153084401886
0.4907821761591107	cosine	24.0	20.0	6.0	0.575757575757576	0.004583576838638997
-0.3044279484398232	cosine	24.0	6.0	4.0	0.5151515151515154	0.00986438530634296
0.9017520952479304	cosine	24.0	22.0	2.0	0.45454545454545475	0.019834630913749846
-0.44673080400519183	cosine	24.0	4.0	6.0	0.4242424242424244	0.02742697317621316
-0.0636028150564211	cosine	24.0	12.0	14.0	0.24242424242424254	0.1362855657955242
0.9423801562291094	cosine	24.0	6.0	4.0	0.30303030303030315	0.08511721571435177
-0.8643043442735182	cosine	24.0	14.0	10.0	0.3939393939393941	0.037302414641954044
0.24836085211818865	cosine	24.0	6.0	8.0	0.4242424242424244	0.02742697317621316
1.1330559593754206	cosine	24.0	14.0	12.0	0.3333333333333335	0.06570102610411901
-1.6456521985333192	cosine	24.0	18.0	4.0	0.5454545454545456	0.0067819162397311575
-0.36592810377108975	cosine	24.0	8.0	18.0	0.3939393939393941	0.037302414641954044
1.156534180150044	cosine	24.0	12.0	14.0	0.3333333333333335	0.06570102610411901
-0.18468094501677826	cosine	24.0	16.0	14.0	0.3636363636363638	0.04990853551146973
0.3611714450250542	cosine	24.0	14.0	18.0	0.5151515151515154	0.00986438530634296
0.5808977507927402	cosine	24.0	10.0	8.0	0.575757575757576	0.004583576838638997
1.6081323169625816	cosine	24.0	14.0	22.0	0.4242424242424244	0.02742697317621316
-0.20673834312210265	cosine	24.0	16.0	14.0	0.30303030303030315	0.08511721571435177
1.6562232089419424	cosine	24.0	4.0	6.0	0.3939393939393941	0.037302414641954044
-0.09187683835795386	cosine	24.0	10.0	8.0	0.666666666666667	0.0012756406460599887
-2.1758395340297576	cosine	24.0	4.0	18.0	0.6363636363636367	0.001988079806063042
0.05025300130297653	cosine	24.0	22.0	14.0	0.4242424242424244	0.02742697317621316
-0.6453762227289389	cosine	24.0	12.0	18.0	0.7272727272727276	0.0004983045770249599
0.21167368897537128	cosine	24.0	8.0	10.0	0.3636363636363638	0.04990853551146973
1.220974267744296	cosine	24.0	6.0	14.0	0.4848484848484851	0.014106153084401886
1.6385441043751592	cosine	24.0	18.0	20.0	0.5454545454545456	0.0067819162397311575
-0.10288190721091324	cosine	24.0	6.0	10.0	0.4848484848484851	0.014106153084401886
-0.7878334732422378	cosine	24.0	2.0	6.0	0.24242424242424254	0.1362855657955242
-1.315313994085901	cosine	24.0	4.0	14.0	0.5454545454545456	0.0067819162397311575
-0.8948681177704718	cosine	24.0	18.0	16.0	0.4848484848484851	0.014106153084401886
-0.9062493103909736	cosine	24.0	2.0	0.0	0.24242424242424254	0.1362855657955242
-0.9330521003540195	cosine	24.0	20.0	16.0	0.3939393939393941	0.037302414641954044
0.7584356124469142	cosine	24.0	8.0	4.0	0.3333333333333335	0.06570102610411901
-0.07786237520867687	cosine	24.0	22.0	0.0	0.5151515151515154	0.00986438530634296
0.43203072030094464	cosine	24.0	20.0	18.0	0.5151515151515154	0.00986438530634296
0.34858741192951764	cosine	24.0	22.0	2.0	0.3939393939393941	0.037302414641954044
-0.839824592543486	cosine	24.0	22.0	8.0	0.3333333333333335	0.06570102610411901
1.4568312891201785	cosine	24.0	14.0	12.0	0.24242424242424254	0.1362855657955242
-0.5160560476167575	cosine	24.0	20.0	6.0	0.5454545454545456	0.0067819162397311575
0.22700596190076347	cosine	24.0	22.0	10.0	0.45454545454545475	0.019834630913749846
-1.1750425914734957	cosine	24.0	6.0	10.0	0.4848484848484851	0.014106153084401886
-1.1569063847658072	cosine	24.0	0.0	2.0	0.4242424242424244	0.02742697317621316
0.42964539778585115	cosine	24.0	8.0	4.0	0.3333333333333335	0.06570102610411901
-2.3467416957991847	cosine	24.0	18.0	0.0	0.6363636363636367	0.001988079806063042
0.12647846813174182	cosine	24.0	6.0	4.0	0.3333333333333335	0.06570102610411901
0.27550296149383663	cosine	24.0	2.0	4.0	0.3333333333333335	0.06570102610411901
-1.6022285249531287	cosine	24.0	14.0	0.0	0.4242424242424244	0.02742697317621316
-0.07914495804305308	cosine	24.0	6.0	12.0	0.575757575757576	0.004583576838638997
-1.8333335533689101	cosine	24.0	0.0	10.0	0.24242424242424254	0.1362855657955242
-1.1554096797363633	cosine	24.0	2.0	0.0	0.4848484848484851	0.014106153084401886
0.7428373113499384	cosine	24.0	18.0	20.0	0.4848484848484851	0.014106153084401886
0.551923776410653	cosine	24.0	22.0	20.0	0.30303030303030315	0.08511721571435177
-0.12507406022266832	cosine	24.0	12.0	16.0	0.4848484848484851	0.014106153084401886
-1.3725515736556135	cosine	24.0	16.0	18.0	0.4242424242424244	0.02742697317621316
-0.7444241055774883	cosine	24.0	20.0	4.0	0.3333333333333335	0.06570102610411901
1.0004928465649878	cosine	24.0	2.0	12.0	0.7272727272727276	0.0004983045770249599
-0.5069917699762865	cosine	24.0	10.0	18.0	0.4848484848484851	0.014106153084401886
1.1222175355995139	cosine	24.0	22.0	2.0	0.2121212121212122	0.16852366968754684
0.7467820835167738	cosine	24.0	12.0	4.0	0.45454545454545475	0.019834630913749846
-0.15884987438180256	cosine	24.0	10.0	12.0	0.3636363636363638	0.04990853551146973
0.2899186382782434	cosine	24.0	12.0	6.0	0.4242424242424244	0.02742697317621316
-0.11622291335741407	cosine	24.0	14.0	12.0	0.3939393939393941	0.037302414641954044
-0.16866974694012674	cosine	24.0	18.0	20.0	0.30303030303030315	0.08511721571435177
-1.3519311027964658	cosine	24.0	18.0	16.0	0.3636363636363638	0.04990853551146973
-0.6173374519328721	cosine	24.0	6.0	8.0	0.3939393939393941	0.037302414641954044
0.6636346572772651	cosine	24.0	0.0	22.0	0.3636363636363638	0.04990853551146973
-0.10619174045835136	cosine	24.0	18.0	16.0	0.24242424242424254	0.1362855657955242
1.7961654113334444	cosine	24.0	16.0	18.0	0.575757575757576	0.004583576838638997
0.28895952944952247	cosine	24.0	14.0	16.0	0.4242424242424244	0.02742697317621316
1.6157719397978536	cosine	24.0	0.0	20.0	0.3636363636363638	0.04990853551146973
-1.5135468314511107	cosine	24.0	22.0	20.0	0.45454545454545475	0.019834630913749846
2.0166331921932925	cosine	24.0	20.0	14.0	0.8484848484848488	6.150147255049047e-05
0.6379056429691777	cosine	24.0	4.0	2.0	0.575757575757576	0.004583576838638997
0.20407112770626817	cosine	24.0	4.0	8.0	0.666666666666667	0.0012756406460599887
0.5353350077658687	cosine	24.0	14.0	18.0	0.4848484848484851	0.014106153084401886
0.26297682583230403	cosine	24.0	4.0	22.0	0.3333333333333335	0.06570102610411901
-0.8801525071319473	cosine	24.0	12.0	4.0	0.5454545454545456	0.0067819162397311575
0.39961505603554515	cosine	24.0	16.0	0.0	0.3939393939393941	0.037302414641954044
0.7127506150795044	cosine	24.0	4.0	6.0	0.2727272727272728	0.10854448149943507
-0.16956277175023515	cosine	24.0	12.0	4.0	0.6363636363636367	0.001988079806063042
-0.32398107079809724	cosine	24.0	4.0	22.0	0.4848484848484851	0.014106153084401886
-0.9899699918690344	cosine	24.0	14.0	8.0	0.5454545454545456	0.0067819162397311575
-0.2361988194816898	cosine	24.0	14.0	12.0	0.3636363636363638	0.04990853551146973
0.34476134342699316	cosine	24.0	14.0	16.0	0.3636363636363638	0.04990853551146973
-1.4115102392098655	cosine	24.0	18.0	22.0	0.4242424242424244	0.02742697317621316
0.07588486565135213	cosine	24.0	14.0	12.0	0.3333333333333335	0.06570102610411901
-1.4826413336903443	cosine	24.0	6.0	8.0	0.3333333333333335	0.06570102610411901
-0.7345626671519758	cosine	24.0	2.0	0.0	0.2727272727272728	0.10854448149943507
-2.5431441715122527	cosine	24.0	14.0	16.0	0.3636363636363638	0.04990853551146973
-0.842201269742846	cosine	24.0	18.0	20.0	0.3333333333333335	0.06570102610411901
-0.9537846079494687	cosine	24.0	4.0	8.0	0.3333333333333335	0.06570102610411901
0.7610136442825901	cosine	24.0	2.0	14.0	0.3939393939393941	0.037302414641954044
-0.21938485690875112	cosine	24.0	12.0	16.0	0.3939393939393941	0.037302414641954044
1.5908630187220805	cosine	24.0	22.0	20.0	0.24242424242424254	0.1362855657955242
0.7167237018081161	cosine	24.0	22.0	0.0	0.3939393939393941	0.037302414641954044
0.3622992353434414	cosine	24.0	2.0	0.0	0.30303030303030315	0.08511721571435177
0.11081665996477254	cosine	24.0	6.0	8.0	0.4242424242424244	0.02742697317621316
-0.8245062205721755	cosine	24.0	10.0	8.0	0.4848484848484851	0.014106153084401886
0.7584925695337817	cosine	24.0	16.0	12.0	0.4242424242424244	0.02742697317621316
0.531135971423237	cosine	24.0	10.0	12.0	0.3333333333333335	0.06570102610411901
1.5015305161036094	cosine	24.0	18.0	20.0	0.30303030303030315	0.08511721571435177
-1.5405197688365926	cosine	24.0	0.0	18.0	0.575757575757576	0.004583576838638997
-1.0009568726556997	cosine	24.0	4.0	18.0	0.45454545454545475	0.019834630913749846
-0.6361081962826587	cosine	24.0	4.0	6.0	0.3939393939393941	0.037302414641954044
-1.361069192290049	cosine	24.0	12.0	10.0	0.30303030303030315	0.08511721571435177
1.3169890828144286	cosine	24.0	8.0	6.0	0.3636363636363638	0.04990853551146973
-2.448059332657722	cosine	24.0	18.0	22.0	0.3939393939393941	0.037302414641954044
0.49578302932519197	cosine	24.0	20.0	18.0	0.3636363636363638	0.04990853551146973
1.1635001064835981	cosine	24.0	4.0	2.0	0.575757575757576	0.004583576838638997
0.3863470363499295	cosine	24.0	6.0	0.0	0.45454545454545475	0.019834630913749846
0.7025644788366948	cosine	24.0	8.0	20.0	0.3939393939393941	0.037302414641954044
-0.5045275227997331	cosine	24.0	10.0	8.0	0.30303030303030315	0.08511721571435177
-0.12935924778694868	cosine	24.0	10.0	12.0	0.4242424242424244	0.02742697317621316
-0.8319052638064454	cosine	24.0	18.0	20.0	0.5151515151515154	0.00986438530634296
0.04222081285053726	cosine	24.0	12.0	10.0	0.30303030303030315	0.08511721571435177
-0.7035212309101521	cosine	24.0	16.0	14.0	0.4242424242424244	0.02742697317621316
0.08805372860507181	cosine	24.0	20.0	2.0	0.3939393939393941	0.037302414641954044
0.09953125769644491	cosine	24.0	8.0	6.0	0.4242424242424244	0.02742697317621316
1.267953310631811	cosine	24.0	8.0	10.0	0.2121212121212122	0.16852366968754684
0.7711266453365784	cosine	24.0	0.0	2.0	0.2727272727272728	0.10854448149943507
1.5375134237984829	cosine	24.0	14.0	8.0	0.3636363636363638	0.04990853551146973
0.554395824937961	cosine	24.0	10.0	14.0	0.575757575757576	0.004583576838638997
-0.5928616285174384	cosine	24.0	4.0	12.0	0.5454545454545456	0.0067819162397311575
-0.5959152602421224	cosine	24.0	22.0	2.0	0.575757575757576	0.004583576838638997
-0.09929576042632428	cosine	24.0	6.0	12.0	0.3333333333333335	0.06570102610411901
0.3774390769851474	cosine	24.0	14.0	16.0	0.3939393939393941	0.037302414641954044
1.3790197125464774	cosine	24.0	14.0	12.0	0.45454545454545475	0.019834630913749846
-1.1546837167053463	cosine	24.0	12.0	18.0	0.3636363636363638	0.04990853551146973
0.09897477765527876	cosine	24.0	14.0	16.0	0.4848484848484851	0.014106153084401886
0.011811960505962001	cosine	24.0	12.0	4.0	0.575757575757576	0.004583576838638997
0.24664348690839785	cosine	24.0	4.0	6.0	0.3333333333333335	0.06570102610411901
-1.075211897466426	cosine	24.0	20.0	6.0	0.4848484848484851	0.014106153084401886
-1.3662033047049	cosine	24.0	12.0	14.0	0.2727272727272728	0.10854448149943507
-0.5661076340404392	cosine	24.0	8.0	10.0	0.5151515151515154	0.00986438530634296
1.1285002141338207	cosine	24.0	18.0	0.0	0.3939393939393941	0.037302414641954044
-0.529658318138895	cosine	24.0	22.0	20.0	0.6060606060606063	0.003044944233852819
-0.15325882956964687	cosine	24.0	12.0	4.0	0.3636363636363638	0.04990853551146973
-1.6194730218496436	cosine	24.0	16.0	12.0	0.575757575757576	0.004583576838638997
0.635085706455029	cosine	24.0	12.0	16.0	0.3636363636363638	0.04990853551146973
-2.123603146649541	cosine	24.0	12.0	14.0	0.4848484848484851	0.014106153084401886
0.5321428244020501	cosine	24.0	10.0	14.0	0.5454545454545456	0.0067819162397311575
0.6594612857596205	cosine	24.0	14.0	16.0	0.4242424242424244	0.02742697317621316
0.6655478263192071	cosine	24.0	12.0	8.0	0.5151515151515154	0.00986438530634296
-0.7048019819463561	cosine	24.0	2.0	8.0	0.4848484848484851	0.014106153084401886
-0.7747069015384531	cosine	24.0	14.0	12.0	0.5151515151515154	0.00986438530634296
0.047378258256548914	cosine	24.0	18.0	2.0	0.4242424242424244	0.02742697317621316
0.24218548546367485	cosine	24.0	20.0	16.0	0.5454545454545456	0.0067819162397311575
0.48470199025109667	cosine	24.0	22.0	20.0	0.6060606060606063	0.003044944233852819
0.7234778834052822	cosine	24.0	14.0	16.0	0.3939393939393941	0.037302414641954044
0.15965676937225623	cosine	24.0	22.0	6.0	0.4242424242424244	0.02742697317621316
-1.2885328262098035	cosine	24.0	6.0	8.0	0.3333333333333335	0.06570102610411901
-0.008503894882052549	cosine	24.0	20.0	0.0	0.4848484848484851	0.014106153084401886
1.1188789756151643	cosine	24.0	8.0	4.0	0.4242424242424244	0.02742697317621316
0.3700458078042608	cosine	24.0	8.0	6.0	0.3939393939393941	0.037302414641954044
-1.2878692464152055	cosine	24.0	2.0	0.0	0.3636363636363638	0.04990853551146973
0.8178776619621775	cosine	24.0	16.0	10.0	0.3636363636363638	0.04990853551146973
0.9224937203549363	cosine	24.0	22.0	20.0	0.3636363636363638	0.04990853551146973
0.08670568944241193	cosine	24.0	16.0	14.0	0.4848484848484851	0.014106153084401886
0.1761162360643582	cosine	24.0	16.0	20.0	0.3939393939393941	0.037302414641954044
0.04218001401064656	cosine	24.0	0.0	2.0	0.575757575757576	0.004583576838638997
0.4980325198950522	cosine	24.0	0.0	4.0	0.3939393939393941	0.037302414641954044
0.7088682048369683	cosine	24.0	6.0	2.0	0.4848484848484851	0.014106153084401886
-0.2651459122196617	cosine	24.0	22.0	0.0	0.5454545454545456	0.0067819162397311575
1.2190417351671923	cosine	24.0	2.0	8.0	0.45454545454545475	0.019834630913749846
0.4570554131890824	cosine	24.0	14.0	12.0	0.3939393939393941	0.037302414641954044
-0.7337323814939142	cosine	24.0	22.0	0.0	0.666666666666667	0.0012756406460599887
-0.9476141975987779	cosine	24.0	6.0	4.0	0.6060606060606063	0.003044944233852819
0.9356090316395179	cosine	24.0	4.0	8.0	0.24242424242424254	0.1362855657955242
-0.683279175523013	cosine	24.0	2.0	6.0	0.4242424242424244	0.02742697317621316
-0.4225201017997213	cosine	24.0	12.0	4.0	0.4848484848484851	0.014106153084401886
-1.8438511246811782	cosine	24.0	14.0	18.0	0.4242424242424244	0.02742697317621316
-2.732734230483003	cosine	24.0	8.0	10.0	0.3939393939393941	0.037302414641954044
-2.709468902112251	cosine	24.0	12.0	10.0	0.30303030303030315	0.08511721571435177
0.48869264493295655	cosine	24.0	2.0	4.0	0.3636363636363638	0.04990853551146973
1.2261144267297972	cosine	24.0	2.0	8.0	0.5454545454545456	0.0067819162397311575
1.0189552461125688	cosine	24.0	8.0	20.0	0.4848484848484851	0.014106153084401886
-0.6060667041139935	cosine	24.0	12.0	14.0	0.4848484848484851	0.014106153084401886
-0.21692719374145022	cosine	24.0	22.0	16.0	0.6060606060606063	0.003044944233852819
0.6851074312866452	cosine	24.0	10.0	8.0	0.3939393939393941	0.037302414641954044
0.18309826293040635	cosine	24.0	20.0	22.0	0.6363636363636367	0.001988079806063042
-0.30939741460743164	cosine	24.0	22.0	4.0	0.2727272727272728	0.10854448149943507
0.7388510907267541	cosine	24.0	2.0	0.0	0.3333333333333335	0.06570102610411901
0.24014847942187845	cosine	24.0	12.0	14.0	0.4242424242424244	0.02742697317621316
0.43452446765459807	cosine	24.0	22.0	20.0	0.45454545454545475	0.019834630913749846
0.10909924235577306	cosine	24.0	10.0	0.0	0.4848484848484851	0.014106153084401886
-0.3798954155643898	cosine	24.0	2.0	0.0	0.4242424242424244	0.02742697317621316
1.4208804581039272	cosine	24.0	8.0	6.0	0.3939393939393941	0.037302414641954044
-0.009584412407492636	cosine	24.0	14.0	4.0	0.4848484848484851	0.014106153084401886
0.3741761003332142	cosine	24.0	4.0	6.0	0.3333333333333335	0.06570102610411901
1.3742745366788005	cosine	24.0	16.0	20.0	0.4242424242424244	0.02742697317621316
1.5184841382890673	cosine	24.0	18.0	20.0	0.4242424242424244	0.02742697317621316
-1.1260852239024506	cosine	24.0	22.0	20.0	0.5454545454545456	0.0067819162397311575
-1.4683082217029424	cosine	24.0	10.0	12.0	0.4242424242424244	0.02742697317621316
1.4958379540624342	cosine	24.0	20.0	12.0	0.6060606060606063	0.003044944233852819
-1.375607497127577	cosine	24.0	22.0	0.0	0.3333333333333335	0.06570102610411901
-2.1346804560612536	cosine	24.0	8.0	12.0	0.3333333333333335	0.06570102610411901
-1.3018750469544857	cosine	24.0	8.0	6.0	0.4242424242424244	0.02742697317621316
-0.7192652781895268	cosine	24.0	14.0	16.0	0.3636363636363638	0.04990853551146973
0.3506572971117129	cosine	24.0	0.0	22.0	0.575757575757576	0.004583576838638997
0.2918283823651801	cosine	24.0	18.0	16.0	0.5454545454545456	0.0067819162397311575
1.1079893204278866	cosine	24.0	16.0	18.0	0.5454545454545456	0.0067819162397311575
0.8432915141511681	cosine	24.0	2.0	4.0	0.2727272727272728	0.10854448149943507
0.28102834579869446	cosine	24.0	18.0	16.0	0.3333333333333335	0.06570102610411901
-1.713274892809567	cosine	24.0	16.0	14.0	0.3636363636363638	0.04990853551146973
0.30060692818309526	cosine	24.0	6.0	8.0	0.3939393939393941	0.037302414641954044
0.41066155681899136	cosine	24.0	2.0	16.0	0.45454545454545475	0.019834630913749846
0.6793386434142569	cosine	24.0	6.0	10.0	0.5151515151515154	0.00986438530634296
-0.503591139606534	cosine	24.0	0.0	2.0	0.4848484848484851	0.014106153084401886
-0.6646563421954428	cosine	24.0	4.0	6.0	0.575757575757576	0.004583576838638997
-1.4378648249122041	cosine	24.0	10.0	6.0	0.45454545454545475	0.019834630913749846
-0.5718961116249969	cosine	24.0	16.0	18.0	0.3636363636363638	0.04990853551146973
0.951743535533443	cosine	24.0	14.0	6.0	0.45454545454545475	0.019834630913749846
0.23345628104660998	cosine	24.0	4.0	6.0	0.30303030303030315	0.08511721571435177
0.11520677884031033	cosine	24.0	14.0	12.0	0.7272727272727276	0.0004983045770249599
-0.1394989538016753	cosine	24.0	6.0	14.0	0.7878787878787882	0.0001813930547667903
1.0031980699619671	cosine	24.0	22.0	8.0	0.6363636363636367	0.001988079806063042
-0.42534572849657937	cosine	24.0	8.0	14.0	0.4242424242424244	0.02742697317621316
-0.7717629495974394	cosine	24.0	4.0	2.0	0.6363636363636367	0.001988079806063042
0.6085658402444805	cosine	24.0	22.0	0.0	0.4848484848484851	0.014106153084401886
0.5302640930534013	cosine	24.0	14.0	10.0	0.666666666666667	0.0012756406460599887
1.265800344868779	cosine	24.0	18.0	16.0	0.24242424242424254	0.1362855657955242
0.02502049042864272	cosine	24.0	14.0	18.0	0.2727272727272728	0.10854448149943507
0.22358989397027548	cosine	24.0	2.0	4.0	0.575757575757576	0.004583576838638997
0.2853275842080402	cosine	24.0	18.0	16.0	0.3939393939393941	0.037302414641954044
2.3941160364251832	cosine	24.0	22.0	18.0	0.3939393939393941	0.037302414641954044
0.4465143424374647	cosine	24.0	20.0	16.0	0.4242424242424244	0.02742697317621316
-0.9235493024189506	cosine	24.0	18.0	14.0	0.45454545454545475	0.019834630913749846
0.8714352397516931	cosine	24.0	8.0	12.0	0.6060606060606063	0.003044944233852819
0.08693152557031017	cosine	24.0	18.0	22.0	0.575757575757576	0.004583576838638997
-2.39179372509925	cosine	24.0	12.0	10.0	0.4242424242424244	0.02742697317621316
-0.23481632729610358	cosine	24.0	16.0	0.0	0.3939393939393941	0.037302414641954044
-2.5342066905620064	cosine	24.0	0.0	2.0	0.666666666666667	0.0012756406460599887
-0.30355544047057426	cosine	24.0	22.0	20.0	0.24242424242424254	0.1362855657955242
0.4844095738317464	cosine	24.0	0.0	20.0	0.3333333333333335	0.06570102610411901
-0.5575535371996125	cosine	24.0	12.0	8.0	0.4242424242424244	0.02742697317621316
-1.7614172738555454	cosine	24.0	2.0	0.0	0.4242424242424244	0.02742697317621316
0.5027774974301815	cosine	24.0	20.0	18.0	0.3636363636363638	0.04990853551146973
2.1887680955381814	cosine	24.0	8.0	6.0	0.45454545454545475	0.019834630913749846
1.7826160007360516	cosine	24.0	18.0	20.0	0.3333333333333335	0.06570102610411901
0.26415150135177756	cosine	24.0	22.0	20.0	0.3333333333333335	0.06570102610411901
-0.8817337753020659	cosine	24.0	12.0	8.0	0.45454545454545475	0.019834630913749846
0.3012936830401084	cosine	24.0	6.0	8.0	0.3939393939393941	0.037302414641954044
0.9635642379436707	cosine	24.0	12.0	10.0	0.3636363636363638	0.04990853551146973
-0.26103506989717323	cosine	24.0	12.0	16.0	0.5151515151515154	0.00986438530634296
0.1804231531881527	cosine	24.0	8.0	4.0	0.3939393939393941	0.037302414641954044
0.24256674264301661	cosine	24.0	8.0	10.0	0.3636363636363638	0.04990853551146973
-0.2122005036242985	cosine	24.0	14.0	8.0	0.666666666666667	0.0012756406460599887
-1.452881707482441	cosine	24.0	16.0	12.0	0.3939393939393941	0.037302414641954044
-3.3451825321326347	cosine	24.0	2.0	10.0	0.2727272727272728	0.10854448149943507
-1.72887022146843	cosine	24.0	0.0	22.0	0.3333333333333335	0.06570102610411901
-0.2801025623354203	cosine	24.0	12.0	10.0	0.5454545454545456	0.0067819162397311575
-0.07660721171116401	cosine	24.0	4.0	2.0	0.4242424242424244	0.02742697317621316
0.5852493399419393	cosine	24.0	16.0	14.0	0.5454545454545456	0.0067819162397311575
1.3493654651016072	cosine	24.0	10.0	12.0	0.24242424242424254	0.1362855657955242
0.3516132883828652	cosine	24.0	0.0	20.0	0.575757575757576	0.004583576838638997
-0.5332265677718653	cosine	24.0	10.0	6.0	0.45454545454545475	0.019834630913749846
-1.0121325710018552	cosine	24.0	10.0	0.0	0.5454545454545456	0.0067819162397311575
1.7682966371264794	cosine	24.0	0.0	2.0	0.5151515151515154	0.00986438530634296
-0.8522032592692916	cosine	24.0	14.0	16.0	0.6363636363636367	0.001988079806063042
2.4105509158252945	cosine	24.0	18.0	20.0	0.4848484848484851	0.014106153084401886
1.4424733980585356	cosine	24.0	0.0	8.0	0.3939393939393941	0.037302414641954044
-0.3842756651206992	cosine	24.0	2.0	16.0	0.5151515151515154	0.00986438530634296
-0.9445840075580115	cosine	24.0	8.0	20.0	0.5151515151515154	0.00986438530634296
-1.6096886709576552	cosine	24.0	22.0	20.0	0.5151515151515154	0.00986438530634296
-0.6848494899388292	cosine	24.0	20.0	4.0	0.3939393939393941	0.037302414641954044
-0.11635741555351586	cosine	24.0	22.0	20.0	0.45454545454545475	0.019834630913749846
1.6934841319245963	cosine	24.0	20.0	16.0	0.45454545454545475	0.019834630913749846
1.4746247898280815	cosine	24.0	4.0	0.0	0.45454545454545475	0.019834630913749846
0.8690135811375399	cosine	24.0	4.0	6.0	0.4242424242424244	0.02742697317621316
0.7022970121870721	cosine	24.0	18.0	22.0	0.5151515151515154	0.00986438530634296
-1.314242958504051	cosine	24.0	8.0	6.0	0.3636363636363638	0.04990853551146973
0.9982722673828692	cosine	24.0	16.0	22.0	0.2121212121212122	0.16852366968754684
1.1655481720099787	cosine	24.0	22.0	0.0	0.5151515151515154	0.00986438530634296
0.6634302283802895	cosine	24.0	6.0	4.0	0.4242424242424244	0.02742697317621316
-0.46649826893138435	cosine	24.0	4.0	6.0	0.666666666666667	0.0012756406460599887
-0.08124509498036864	cosine	24.0	8.0	4.0	0.5151515151515154	0.00986438530634296
-0.08419492857425148	cosine	24.0	10.0	22.0	0.6060606060606063	0.003044944233852819
0.5280637792236889	cosine	24.0	20.0	22.0	0.45454545454545475	0.019834630913749846
-0.8074021985644346	cosine	24.0	22.0	2.0	0.3939393939393941	0.037302414641954044
-1.3712132151128062	cosine	24.0	12.0	10.0	0.45454545454545475	0.019834630913749846
1.4198651614337368	cosine	24.0	18.0	16.0	0.5151515151515154	0.00986438530634296
-1.0064846144794184	cosine	24.0	8.0	6.0	0.4848484848484851	0.014106153084401886
-0.010356448706207316	cosine	24.0	14.0	18.0	0.45454545454545475	0.019834630913749846
1.0273683302535463	cosine	24.0	14.0	16.0	0.3333333333333335	0.06570102610411901
0.32776814754074524	cosine	24.0	4.0	2.0	0.3939393939393941	0.037302414641954044
0.40023698888272236	cosine	24.0	16.0	14.0	0.6060606060606063	0.003044944233852819
-0.09792548645794896	cosine	24.0	2.0	6.0	0.6060606060606063	0.003044944233852819
1.9047360709600187	cosine	24.0	18.0	16.0	0.2727272727272728	0.10854448149943507
2.5498585862670184	cosine	24.0	22.0	20.0	0.3939393939393941	0.037302414641954044
0.6024946385961023	cosine	24.0	0.0	20.0	0.5454545454545456	0.0067819162397311575
-1.682656795347477	cosine	24.0	22.0	20.0	0.30303030303030315	0.08511721571435177
-0.5868858462161449	cosine	24.0	22.0	0.0	0.45454545454545475	0.019834630913749846
-0.42173297315223585	cosine	24.0	6.0	4.0	0.3636363636363638	0.04990853551146973
0.9218337049689469	cosine	24.0	20.0	6.0	0.45454545454545475	0.019834630913749846
1.0287591146324626	cosine	24.0	4.0	6.0	0.45454545454545475	0.019834630913749846
2.0035243311172706	cosine	24.0	22.0	20.0	0.4242424242424244	0.02742697317621316
-0.21022728216345407	cosine	24.0	6.0	12.0	0.5454545454545456	0.0067819162397311575
-2.064970734388691	cosine	24.0	4.0	2.0	0.30303030303030315	0.08511721571435177
0.7630548115213532	cosine	24.0	6.0	22.0	0.575757575757576	0.004583576838638997
2.063903442173415	cosine	24.0	18.0	14.0	0.3333333333333335	0.06570102610411901
0.5393929398475669	cosine	24.0	16.0	20.0	0.5151515151515154	0.00986438530634296
1.4299499833927782	cosine	24.0	12.0	4.0	0.575757575757576	0.004583576838638997
-1.281985624870489	cosine	24.0	10.0	8.0	0.30303030303030315	0.08511721571435177
-1.3449133910890068	cosine	24.0	4.0	0.0	0.2727272727272728	0.10854448149943507
-1.9702888698772398	cosine	24.0	10.0	6.0	0.4242424242424244	0.02742697317621316
0.4089323150776793	cosine	24.0	6.0	0.0	0.3939393939393941	0.037302414641954044
0.14814157407139186	cosine	24.0	8.0	10.0	0.3636363636363638	0.04990853551146973
0.3386238041941013	cosine	24.0	10.0	8.0	0.6060606060606063	0.003044944233852819
-0.09397681013912924	cosine	24.0	14.0	12.0	0.3333333333333335	0.06570102610411901
0.07955682733525603	cosine	24.0	18.0	12.0	0.5454545454545456	0.0067819162397311575
-1.6957608781779547	cosine	24.0	22.0	0.0	0.3636363636363638	0.04990853551146973
-2.198580231013215	cosine	24.0	12.0	16.0	0.2727272727272728	0.10854448149943507
-0.9910131952255341	cosine	24.0	8.0	10.0	0.5151515151515154	0.00986438530634296
0.4859052479140168	cosine	24.0	6.0	8.0	0.4848484848484851	0.014106153084401886
1.442795295120369	cosine	24.0	20.0	22.0	0.1818181818181819	0.20529080418760415
-0.31587094615362415	cosine	24.0	20.0	4.0	0.6060606060606063	0.003044944233852819
-1.8284605786368404	cosine	24.0	12.0	10.0	0.5454545454545456	0.0067819162397311575
-1.5488889278551325	cosine	24.0	12.0	18.0	0.7878787878787882	0.0001813930547667903
-1.3480172814617941	cosine	24.0	22.0	20.0	0.5454545454545456	0.0067819162397311575
-0.14146296040911896	cosine	24.0	16.0	20.0	0.4848484848484851	0.014106153084401886
0.1740925496620123	cosine	24.0	4.0	6.0	0.45454545454545475	0.019834630913749846
-0.35968355389100204	cosine	24.0	12.0	14.0	0.4242424242424244	0.02742697317621316
1.1598498028559998	cosine	24.0	0.0	2.0	0.4848484848484851	0.014106153084401886
0.2948793751751295	cosine	24.0	18.0	14.0	0.3333333333333335	0.06570102610411901
0.6901687444159617	cosine	24.0	16.0	18.0	0.4242424242424244	0.02742697317621316
-0.06629115445410591	cosine	24.0	14.0	12.0	0.3636363636363638	0.04990853551146973
-0.494386941525666	cosine	24.0	16.0	14.0	0.45454545454545475	0.019834630913749846
-0.0558946832000533	cosine	24.0	20.0	16.0	0.4242424242424244	0.02742697317621316
1.1428789093831127	cosine	24.0	22.0	16.0	0.575757575757576	0.004583576838638997
1.8505546569585547	cosine	24.0	6.0	4.0	0.6363636363636367	0.001988079806063042
0.30457087806787264	cosine	24.0	18.0	16.0	0.575757575757576	0.004583576838638997
0.8328105776455557	cosine	24.0	6.0	10.0	0.30303030303030315	0.08511721571435177
-0.6083364274047441	cosine	24.0	4.0	0.0	0.4848484848484851	0.014106153084401886
-1.722106418751221	cosine	24.0	8.0	4.0	0.30303030303030315	0.08511721571435177
-0.78289606003866	cosine	24.0	16.0	14.0	0.2727272727272728	0.10854448149943507
0.5979532500997465	cosine	24.0	20.0	18.0	0.45454545454545475	0.019834630913749846
0.7197643978106262	cosine	24.0	8.0	10.0	0.30303030303030315	0.08511721571435177
0.05161473446646407	cosine	24.0	18.0	16.0	0.3939393939393941	0.037302414641954044
0.7442209886994677	cosine	24.0	18.0	20.0	0.3333333333333335	0.06570102610411901
-1.0368147071632574	cosine	24.0	16.0	18.0	0.30303030303030315	0.08511721571435177
-0.532903211501868	cosine	24.0	6.0	8.0	0.3939393939393941	0.037302414641954044
-0.5067390698043065	cosine	24.0	16.0	14.0	0.3636363636363638	0.04990853551146973
1.5331946556251537	cosine	24.0	2.0	14.0	0.45454545454545475	0.019834630913749846
-0.8485575223198732	cosine	24.0	18.0	20.0	0.3636363636363638	0.04990853551146973
1.5988474498336256	cosine	24.0	18.0	22.0	0.6363636363636367	0.001988079806063042
0.029626316690966756	cosine	24.0	2.0	4.0	0.575757575757576	0.004583576838638997
-0.34904980883005143	cosine	24.0	14.0	22.0	0.5151515151515154	0.00986438530634296
0.014026555900971792	cosine	24.0	6.0	8.0	0.5454545454545456	0.0067819162397311575
-0.001030125013597767	cosine	24.0	20.0	0.0	0.4848484848484851	0.014106153084401886
-0.30801697306060205	cosine	24.0	6.0	10.0	0.3939393939393941	0.037302414641954044
-0.23241110237274254	cosine	24.0	8.0	10.0	0.4242424242424244	0.02742697317621316
-0.6464079036847676	cosine	24.0	12.0	2.0	0.3333333333333335	0.06570102610411901
-0.7112118336425232	cosine	24.0	14.0	16.0	0.2727272727272728	0.10854448149943507
2.047690021353655	cosine	24.0	10.0	16.0	0.5454545454545456	0.0067819162397311575
-0.8800337900303136	cosine	24.0	22.0	0.0	0.30303030303030315	0.08511721571435177
1.179914937449038	cosine	24.0	12.0	10.0	0.30303030303030315	0.08511721571435177
-1.2124428726747147	cosine	24.0	12.0	14.0	0.5454545454545456	0.0067819162397311575
-1.0005374727600849	cosine	24.0	20.0	22.0	0.45454545454545475	0.019834630913749846
0.044436146583300605	cosine	24.0	14.0	2.0	0.5454545454545456	0.0067819162397311575
0.2556658454630767	cosine	24.0	8.0	4.0	0.4848484848484851	0.014106153084401886
-1.5878685676545583	cosine	24.0	20.0	18.0	0.3333333333333335	0.06570102610411901
-0.21378338688777843	cosine	24.0	16.0	14.0	0.2727272727272728	0.10854448149943507
0.16365642467056685	cosine	24.0	14.0	6.0	0.3636363636363638	0.04990853551146973
0.05764557529377931	cosine	24.0	10.0	16.0	0.4848484848484851	0.014106153084401886
0.4095530944995934	cosine	24.0	14.0	16.0	0.3939393939393941	0.037302414641954044
-0.45972221927357076	cosine	24.0	22.0	0.0	0.3636363636363638	0.04990853551146973
0.47071017243905056	cosine	24.0	4.0	2.0	0.45454545454545475	0.019834630913749846
0.7210531002344759	cosine	24.0	0.0	22.0	0.4242424242424244	0.02742697317621316
1.0406051051135328	cosine	24.0	10.0	22.0	0.5454545454545456	0.0067819162397311575
-0.4495560641061965	cosine	24.0	4.0	6.0	0.4242424242424244	0.02742697317621316
-0.6353861292669035	cosine	24.0	6.0	4.0	0.6060606060606063	0.003044944233852819
-0.5651236338202585	cosine	24.0	12.0	6.0	0.45454545454545475	0.019834630913749846
-1.3641243681852486	cosine	24.0	4.0	18.0	0.5454545454545456	0.0067819162397311575
-0.41261482834239965	cosine	24.0	16.0	18.0	0.3636363636363638	0.04990853551146973
0.5233284526191393	cosine	24.0	6.0	10.0	0.5454545454545456	0.0067819162397311575
0.29325590293837633	cosine	24.0	8.0	22.0	0.4242424242424244	0.02742697317621316
0.7523768685653444	cosine	24.0	14.0	16.0	0.3636363636363638	0.04990853551146973
0.8037430261473942	cosine	24.0	0.0	22.0	0.3939393939393941	0.037302414641954044
-1.3798993814999123	cosine	24.0	0.0	22.0	0.4242424242424244	0.02742697317621316
-1.2886969735001177	cosine	24.0	22.0	0.0	0.4242424242424244	0.02742697317621316
-0.8813965013150291	cosine	24.0	16.0	14.0	0.3333333333333335	0.06570102610411901
-0.03919442170319684	cosine	24.0	14.0	16.0	0.5454545454545456	0.0067819162397311575
1.1373491534350633	cosine	24.0	0.0	2.0	0.6969696969696972	0.0008043156973336818
1.254735472417257	cosine	24.0	16.0	20.0	0.6363636363636367	0.001988079806063042
-0.49544356155178637	cosine	24.0	0.0	2.0	0.575757575757576	0.004583576838638997
0.6678695160396588	cosine	24.0	12.0	18.0	0.5151515151515154	0.00986438530634296
-0.7919011880837006	cosine	24.0	8.0	10.0	0.3636363636363638	0.04990853551146973
-0.08516354948433015	cosine	24.0	12.0	22.0	0.30303030303030315	0.08511721571435177
-0.5302850438471242	cosine	24.0	8.0	10.0	0.2727272727272728	0.10854448149943507
-1.0993690797303939	cosine	24.0	20.0	22.0	0.3939393939393941	0.037302414641954044
0.6537900540485531	cosine	24.0	2.0	22.0	0.2727272727272728	0.10854448149943507
0.6804954951608649	cosine	24.0	12.0	14.0	0.45454545454545475	0.019834630913749846
1.927573369493156	cosine	24.0	22.0	20.0	0.3939393939393941	0.037302414641954044
-0.7643553325454554	cosine	24.0	4.0	6.0	0.2121212121212122	0.16852366968754684
2.3540683941061196	cosine	24.0	12.0	14.0	0.45454545454545475	0.019834630913749846
-1.2710420523879082	cosine	24.0	4.0	6.0	0.3636363636363638	0.04990853551146973
1.8049322739590608	cosine	24.0	0.0	2.0	0.3939393939393941	0.037302414641954044
-0.41391047305061995	cosine	24.0	4.0	2.0	0.3636363636363638	0.04990853551146973
-0.37222926683779967	cosine	24.0	14.0	16.0	0.3636363636363638	0.04990853551146973
-1.8023082032621927	cosine	24.0	14.0	18.0	0.5454545454545456	0.0067819162397311575
-0.4727987899120181	cosine	24.0	14.0	18.0	0.3939393939393941	0.037302414641954044
0.024380755917163155	cosine	24.0	18.0	22.0	0.4242424242424244	0.02742697317621316
-0.6933511132961628	cosine	24.0	10.0	12.0	0.2727272727272728	0.10854448149943507
-1.0394631176201539	cosine	24.0	22.0	2.0	0.5454545454545456	0.0067819162397311575
1.704718333353919	cosine	24.0	20.0	22.0	0.3333333333333335	0.06570102610411901
1.7957803553319198	cosine	24.0	16.0	22.0	0.6060606060606063	0.003044944233852819
-0.10562425178038296	cosine	24.0	22.0	20.0	0.575757575757576	0.004583576838638997
-0.0669028402698535	cosine	24.0	22.0	20.0	0.3333333333333335	0.06570102610411901
-1.8952967390041884	cosine	24.0	6.0	8.0	0.2727272727272728	0.10854448149943507
1.6488355648864452	cosine	24.0	20.0	22.0	0.4848484848484851	0.014106153084401886
0.7012884552304722	cosine	24.0	0.0	2.0	0.3333333333333335	0.06570102610411901
0.13373583023986638	cosine	24.0	10.0	12.0	0.24242424242424254	0.1362855657955242
0.1386624714585228	cosine	24.0	14.0	12.0	0.45454545454545475	0.019834630913749846
1.167939083279802	cosine	24.0	18.0	16.0	0.3636363636363638	0.04990853551146973
-1.0048210082764202	cosine	24.0	6.0	4.0	0.3636363636363638	0.04990853551146973
-0.9259126181781602	cosine	24.0	2.0	6.0	0.3333333333333335	0.06570102610411901
1.0938973252481927	cosine	24.0	8.0	10.0	0.24242424242424254	0.1362855657955242
-0.027063155280610825	cosine	24.0	20.0	16.0	0.3333333333333335	0.06570102610411901
-0.27525843689377927	cosine	24.0	10.0	8.0	0.45454545454545475	0.019834630913749846
-0.031025469833267413	cosine	24.0	10.0	8.0	0.3333333333333335	0.06570102610411901
3.0685085519469637	cosine	24.0	16.0	14.0	0.6060606060606063	0.003044944233852819
1.3721306629932941	cosine	24.0	20.0	22.0	0.2727272727272728	0.10854448149943507
-0.8140106292631435	cosine	24.0	0.0	20.0	0.4242424242424244	0.02742697317621316
-1.2931897735657987	cosine	24.0	0.0	22.0	0.45454545454545475	0.019834630913749846
-0.6795905744849615	cosine	24.0	16.0	8.0	0.575757575757576	0.004583576838638997
1.5158176022048286	cosine	24.0	6.0	4.0	0.45454545454545475	0.019834630913749846
0.7933352585023018	cosine	24.0	6.0	10.0	0.4242424242424244	0.02742697317621316
-0.2168314116004949	cosine	24.0	10.0	8.0	0.4848484848484851	0.014106153084401886
-0.669715654457328	cosine	24.0	10.0	4.0	0.45454545454545475	0.019834630913749846
-0.42270939395619395	cosine	24.0	6.0	4.0	0.3939393939393941	0.037302414641954044
-0.4220646050255259	cosine	24.0	14.0	22.0	0.4848484848484851	0.014106153084401886
0.49401953704866847	cosine	24.0	2.0	0.0	0.45454545454545475	0.019834630913749846
-1.6126249697455857	cosine	24.0	14.0	16.0	0.4242424242424244	0.02742697317621316
-0.19127553032920044	cosine	24.0	18.0	10.0	0.5151515151515154	0.00986438530634296
0.8907221347572787	cosine	24.0	20.0	18.0	0.575757575757576	0.004583576838638997
0.06085098096209785	cosine	24.0	12.0	14.0	0.3939393939393941	0.037302414641954044
0.9583735394774537	cosine	24.0	20.0	22.0	0.45454545454545475	0.019834630913749846
0.5178765567654525	cosine	24.0	4.0	2.0	0.3333333333333335	0.06570102610411901
-0.5774278914552776	cosine	24.0	10.0	6.0	0.3636363636363638	0.04990853551146973
0.4174694898657083	cosine	24.0	14.0	18.0	0.45454545454545475	0.019834630913749846
0.8361396970892533	cosine	24.0	2.0	4.0	0.4242424242424244	0.02742697317621316
0.06832299507950763	cosine	24.0	6.0	0.0	0.5151515151515154	0.00986438530634296
1.209094889788663	cosine	24.0	10.0	4.0	0.3939393939393941	0.037302414641954044
-1.9680265136941513	cosine	24.0	18.0	12.0	0.30303030303030315	0.08511721571435177
2.571947214904739	cosine	24.0	4.0	8.0	0.3333333333333335	0.06570102610411901
0.9184980991205571	cosine	24.0	8.0	6.0	0.4242424242424244	0.02742697317621316
-0.8035067586500753	cosine	24.0	8.0	10.0	0.3636363636363638	0.04990853551146973
1.2637024448582634	cosine	24.0	2.0	4.0	0.4242424242424244	0.02742697317621316
1.622507727983284	cosine	24.0	6.0	4.0	0.3939393939393941	0.037302414641954044
-0.03860893396461429	cosine	24.0	18.0	20.0	0.3636363636363638	0.04990853551146973
0.4377602839308187	cosine	24.0	20.0	4.0	0.4242424242424244	0.02742697317621316
-1.6661048200713149	cosine	24.0	18.0	16.0	0.5151515151515154	0.00986438530634296
-0.48928426947530196	cosine	24.0	16.0	0.0	0.3939393939393941	0.037302414641954044
-0.20835526843439126	cosine	24.0	20.0	0.0	0.5151515151515154	0.00986438530634296
0.7822704134410001	cosine	24.0	6.0	18.0	0.4242424242424244	0.02742697317621316
-0.1020745041717333	cosine	24.0	12.0	18.0	0.5151515151515154	0.00986438530634296
-1.4225063152722481	cosine	24.0	10.0	12.0	0.3939393939393941	0.037302414641954044
0.08530852676789745	cosine	24.0	6.0	4.0	0.575757575757576	0.004583576838638997
0.40872477810376934	cosine	24.0	14.0	16.0	0.6363636363636367	0.001988079806063042
-0.528073314540361	cosine	24.0	6.0	8.0	0.5151515151515154	0.00986438530634296
0.541075149087517	cosine	24.0	2.0	4.0	0.45454545454545475	0.019834630913749846
-0.6114020510392393	cosine	24.0	10.0	8.0	0.45454545454545475	0.019834630913749846
-1.0901884333753553	cosine	24.0	20.0	22.0	0.3939393939393941	0.037302414641954044
1.3801961572589012	cosine	24.0	10.0	12.0	0.3939393939393941	0.037302414641954044
1.8164268184687586	cosine	24.0	16.0	18.0	0.4848484848484851	0.014106153084401886
0.12513588836824294	cosine	24.0	6.0	8.0	0.30303030303030315	0.08511721571435177
2.894427360584659	cosine	24.0	16.0	12.0	0.4848484848484851	0.014106153084401886
0.45854450658840257	cosine	24.0	0.0	2.0	0.4848484848484851	0.014106153084401886
-0.606615036170514	cosine	24.0	12.0	14.0	0.3939393939393941	0.037302414641954044
0.17893692188546387	cosine	24.0	12.0	10.0	0.3333333333333335	0.06570102610411901
1.7666340702806551	cosine	24.0	20.0	22.0	0.45454545454545475	0.019834630913749846
-0.6691030205676017	cosine	24.0	12.0	20.0	0.4848484848484851	0.014106153084401886
2.6799767144111177	cosine	24.0	22.0	2.0	0.45454545454545475	0.019834630913749846
-0.2780837516657979	cosine	24.0	0.0	22.0	0.3939393939393941	0.037302414641954044
-0.379112205411284	cosine	24.0	4.0	2.0	0.3636363636363638	0.04990853551146973
-0.9169184983757471	cosine	24.0	6.0	4.0	0.5151515151515154	0.00986438530634296
0.26931714277088964	cosine	24.0	4.0	6.0	0.3939393939393941	0.037302414641954044
-0.3118471728015189	cosine	24.0	20.0	22.0	0.2727272727272728	0.10854448149943507
-1.6234600800607695	cosine	24.0	2.0	4.0	0.30303030303030315	0.08511721571435177
0.9761667232915437	cosine	24.0	12.0	10.0	0.3636363636363638	0.04990853551146973
-0.47449712469573924	cosine	24.0	10.0	12.0	0.45454545454545475	0.019834630913749846
0.6310773554067752	cosine	24.0	6.0	0.0	0.5151515151515154	0.00986438530634296
-0.290562152686007	cosine	24.0	14.0	12.0	0.45454545454545475	0.019834630913749846
-0.16071430284236796	cosine	24.0	6.0	8.0	0.2727272727272728	0.10854448149943507
0.43125202730899154	cosine	24.0	22.0	2.0	0.30303030303030315	0.08511721571435177
1.8241553785231415	cosine	24.0	12.0	10.0	0.3939393939393941	0.037302414641954044
1.7494904605100883	cosine	24.0	0.0	18.0	0.4848484848484851	0.014106153084401886
-0.24115455398284483	cosine	24.0	20.0	18.0	0.3636363636363638	0.04990853551146973
-0.4866939623723983	cosine	24.0	4.0	2.0	0.30303030303030315	0.08511721571435177
-0.8167401134289208	cosine	24.0	14.0	18.0	0.30303030303030315	0.08511721571435177
1.083348415742413	cosine	24.0	16.0	18.0	0.575757575757576	0.004583576838638997
2.5797129570807504	cosine	24.0	10.0	8.0	0.6060606060606063	0.003044944233852819
-1.629213928487678	cosine	24.0	22.0	0.0	0.3939393939393941	0.037302414641954044
-0.7678052619572604	cosine	24.0	22.0	8.0	0.5454545454545456	0.0067819162397311575
1.145708251130307	cosine	24.0	12.0	14.0	0.5151515151515154	0.00986438530634296
0.11182614343172939	cosine	24.0	16.0	14.0	0.3636363636363638	0.04990853551146973
1.9337138148304505	cosine	24.0	10.0	12.0	0.30303030303030315	0.08511721571435177
0.05780936225361443	cosine	24.0	18.0	8.0	0.4848484848484851	0.014106153084401886
0.7756224129337752	cosine	24.0	16.0	22.0	0.3939393939393941	0.037302414641954044
-1.7793975416228787	cosine	24.0	2.0	4.0	0.3939393939393941	0.037302414641954044
-0.560845816629232	cosine	24.0	18.0	16.0	0.666666666666667	0.0012756406460599887
0.8518988102947166	cosine	24.0	20.0	22.0	0.3636363636363638	0.04990853551146973
0.1670392106602593	cosine	24.0	16.0	18.0	0.4242424242424244	0.02742697317621316
0.9785654329533793	cosine	24.0	0.0	2.0	0.3333333333333335	0.06570102610411901
0.08193282171522447	cosine	24.0	12.0	10.0	0.5151515151515154	0.00986438530634296
0.23365874822376462	cosine	24.0	8.0	6.0	0.2727272727272728	0.10854448149943507
0.329868910694862	cosine	24.0	6.0	4.0	0.3333333333333335	0.06570102610411901
-0.09264867930063525	cosine	24.0	8.0	18.0	0.4242424242424244	0.02742697317621316
-0.2890074306793159	cosine	24.0	6.0	8.0	0.45454545454545475	0.019834630913749846
0.8498393282126563	cosine	24.0	6.0	10.0	0.5454545454545456	0.0067819162397311575
-0.28850944895789477	cosine	24.0	4.0	2.0	0.575757575757576	0.004583576838638997
1.1980189723444745	cosine	24.0	6.0	8.0	0.2727272727272728	0.10854448149943507
0.4686319264118844	cosine	24.0	12.0	8.0	0.3333333333333335	0.06570102610411901
1.3033296811461177	cosine	24.0	8.0	10.0	0.3636363636363638	0.04990853551146973
0.33165377909149757	cosine	24.0	8.0	10.0	0.3333333333333335	0.06570102610411901
0.8091367166460026	cosine	24.0	8.0	2.0	0.3939393939393941	0.037302414641954044
0.5162198860807518	cosine	24.0	10.0	14.0	0.30303030303030315	0.08511721571435177
-1.7869225222822862	cosine	24.0	16.0	18.0	0.3939393939393941	0.037302414641954044
0.9559400761335435	cosine	24.0	2.0	4.0	0.3939393939393941	0.037302414641954044
-2.394215581964539	cosine	24.0	8.0	10.0	0.4242424242424244	0.02742697317621316
-0.42544089452691536	cosine	24.0	10.0	14.0	0.3939393939393941	0.037302414641954044
0.5460499632027974	cosine	24.0	6.0	4.0	0.5454545454545456	0.0067819162397311575
-0.5934238866166469	cosine	24.0	22.0	10.0	0.3939393939393941	0.037302414641954044
-0.33586236695238714	cosine	24.0	6.0	0.0	0.5454545454545456	0.0067819162397311575
1.4690366656338805	cosine	24.0	14.0	10.0	0.5151515151515154	0.00986438530634296
-0.31158744649375575	cosine	24.0	8.0	12.0	0.45454545454545475	0.019834630913749846
1.591294259899354	cosine	24.0	20.0	18.0	0.5454545454545456	0.0067819162397311575
1.4676320653283415	cosine	24.0	4.0	6.0	0.3636363636363638	0.04990853551146973
0.7931420469992139	cosine	24.0	4.0	10.0	0.4848484848484851	0.014106153084401886
-0.5625144027992416	cosine	24.0	18.0	22.0	0.30303030303030315	0.08511721571435177
0.20585980774405543	cosine	24.0	0.0	4.0	0.45454545454545475	0.019834630913749846
-0.8493229219331285	cosine	24.0	20.0	16.0	0.6060606060606063	0.003044944233852819
0.9662245045789601	cosine	24.0	14.0	16.0	0.4242424242424244	0.02742697317621316
-1.1794059478499797	cosine	24.0	4.0	18.0	0.30303030303030315	0.08511721571435177
-1.5833576377892529	cosine	24.0	22.0	20.0	0.2727272727272728	0.10854448149943507
0.2077426614448355	cosine	24.0	10.0	8.0	0.45454545454545475	0.019834630913749846
0.6366678734834168	cosine	24.0	12.0	10.0	0.6363636363636367	0.001988079806063042
0.5421700566337734	cosine	24.0	8.0	6.0	0.24242424242424254	0.1362855657955242
1.3011465402326259	cosine	24.0	0.0	2.0	0.5151515151515154	0.00986438530634296
0.6841417122406634	cosine	24.0	12.0	6.0	0.5454545454545456	0.0067819162397311575
-0.935360399130409	cosine	24.0	18.0	16.0	0.5454545454545456	0.0067819162397311575
0.9888438170328654	cosine	24.0	4.0	8.0	0.4242424242424244	0.02742697317621316
1.0512498216958748	cosine	24.0	6.0	12.0	0.6060606060606063	0.003044944233852819
0.7273093934416416	cosine	24.0	16.0	2.0	0.4242424242424244	0.02742697317621316
0.03717332500909916	cosine	24.0	0.0	4.0	0.3939393939393941	0.037302414641954044
-1.0085670753366534	cosine	24.0	4.0	14.0	0.2727272727272728	0.10854448149943507
-1.1899496387963946	cosine	24.0	10.0	12.0	0.45454545454545475	0.019834630913749846
-0.4797705396936692	cosine	24.0	20.0	0.0	0.5151515151515154	0.00986438530634296
0.6594083921026075	cosine	24.0	4.0	12.0	0.3939393939393941	0.037302414641954044
-0.1785926741422543	cosine	24.0	8.0	6.0	0.3333333333333335	0.06570102610411901
-0.9716973854917562	cosine	24.0	22.0	2.0	0.7272727272727276	0.0004983045770249599
0.5085397601748461	cosine	24.0	18.0	20.0	0.30303030303030315	0.08511721571435177
-0.40094220602680114	cosine	24.0	14.0	16.0	0.3636363636363638	0.04990853551146973
0.6762945031387678	cosine	24.0	10.0	4.0	0.4242424242424244	0.02742697317621316
1.3719380783107722	cosine	24.0	6.0	8.0	0.4848484848484851	0.014106153084401886
-0.4750585869394387	cosine	24.0	4.0	6.0	0.666666666666667	0.0012756406460599887
-0.3328055984964302	cosine	24.0	4.0	10.0	0.5151515151515154	0.00986438530634296
-1.8851250833488078	cosine	24.0	4.0	2.0	0.3939393939393941	0.037302414641954044
-1.111824170641385	cosine	24.0	20.0	18.0	0.2121212121212122	0.16852366968754684
0.9562647028002129	cosine	24.0	0.0	22.0	0.3939393939393941	0.037302414641954044
-1.4187439390289562	cosine	24.0	22.0	18.0	0.4848484848484851	0.014106153084401886
2.311473628978596	cosine	24.0	8.0	6.0	0.45454545454545475	0.019834630913749846
0.6606352279382994	cosine	24.0	16.0	20.0	0.4242424242424244	0.02742697317621316
-1.4754277435156642	cosine	24.0	10.0	12.0	0.3939393939393941	0.037302414641954044
-0.7561315831097476	cosine	24.0	10.0	12.0	0.7272727272727276	0.0004983045770249599
-1.3056021220406357	cosine	24.0	4.0	2.0	0.4242424242424244	0.02742697317621316
0.09890232949015047	cosine	24.0	14.0	16.0	0.24242424242424254	0.1362855657955242
0.6887364480038505	cosine	24.0	20.0	18.0	0.3939393939393941	0.037302414641954044
1.2827580974253467	cosine	24.0	10.0	8.0	0.30303030303030315	0.08511721571435177
1.6443557187288713	cosine	24.0	20.0	22.0	0.3939393939393941	0.037302414641954044
-1.0020931684577226	cosine	24.0	4.0	6.0	0.5454545454545456	0.0067819162397311575
-1.2624249805078231	cosine	24.0	20.0	0.0	0.30303030303030315	0.08511721571435177
0.7183416050861344	cosine	24.0	8.0	6.0	0.5454545454545456	0.0067819162397311575
-0.019548806144797717	cosine	24.0	22.0	0.0	0.4848484848484851	0.014106153084401886
0.3084648568525717	cosine	24.0	18.0	12.0	0.4848484848484851	0.014106153084401886
1.2308613755369087	cosine	24.0	12.0	10.0	0.5454545454545456	0.0067819162397311575
-1.6390810907203026	cosine	24.0	14.0	6.0	0.575757575757576	0.004583576838638997
1.881487001076966	cosine	24.0	8.0	2.0	0.575757575757576	0.004583576838638997
1.2369855611216702	cosine	24.0	6.0	8.0	0.3636363636363638	0.04990853551146973
-0.2954422552334707	cosine	24.0	12.0	10.0	0.4848484848484851	0.014106153084401886
-0.23964527136510094	cosine	24.0	8.0	22.0	0.30303030303030315	0.08511721571435177
-0.4546382533511845	cosine	24.0	22.0	20.0	0.3636363636363638	0.04990853551146973
0.10118647756711234	cosine	24.0	4.0	12.0	0.5454545454545456	0.0067819162397311575
-0.4808311167852354	cosine	24.0	6.0	4.0	0.3636363636363638	0.04990853551146973
-0.832781152850182	cosine	24.0	20.0	14.0	0.3939393939393941	0.037302414641954044
-0.7348088919397123	cosine	24.0	4.0	18.0	0.5151515151515154	0.00986438530634296
1.0243755221664599	cosine	24.0	20.0	4.0	0.4242424242424244	0.02742697317621316
-0.6568960702069327	cosine	24.0	18.0	8.0	0.6363636363636367	0.001988079806063042
-0.44566866639686054	cosine	24.0	0.0	12.0	0.30303030303030315	0.08511721571435177
1.2911224332756137	cosine	24.0	0.0	2.0	0.45454545454545475	0.019834630913749846
-1.2789645265044056	cosine	24.0	6.0	8.0	0.3939393939393941	0.037302414641954044
-0.8764075523384169	cosine	24.0	6.0	8.0	0.4242424242424244	0.02742697317621316
-0.5758794304066469	cosine	24.0	6.0	20.0	0.3333333333333335	0.06570102610411901
-0.02667785214887697	cosine	24.0	14.0	18.0	0.3939393939393941	0.037302414641954044
-0.11492456061699349	cosine	24.0	6.0	4.0	0.5151515151515154	0.00986438530634296
1.247269744918495	cosine	24.0	4.0	2.0	0.5151515151515154	0.00986438530634296
-1.114068600017697	cosine	24.0	16.0	12.0	0.3333333333333335	0.06570102610411901
1.209326351346129	cosine	24.0	22.0	20.0	0.30303030303030315	0.08511721571435177
-0.9856034897467574	cosine	24.0	14.0	4.0	0.3636363636363638	0.04990853551146973
-0.2154729549440486	cosine	24.0	2.0	6.0	0.3939393939393941	0.037302414641954044
0.12010893537298321	cosine	24.0	8.0	10.0	0.3333333333333335	0.06570102610411901
-0.010887555717167532	cosine	24.0	20.0	18.0	0.24242424242424254	0.1362855657955242
0.20107909054308182	cosine	24.0	22.0	20.0	0.45454545454545475	0.019834630913749846
-0.05950862780398829	cosine	24.0	12.0	10.0	0.2727272727272728	0.10854448149943507
2.1223334986793816	cosine	24.0	10.0	8.0	0.5151515151515154	0.00986438530634296
0.4105227304562394	cosine	24.0	8.0	6.0	0.4242424242424244	0.02742697317621316
0.2589438817733982	cosine	24.0	18.0	16.0	0.3939393939393941	0.037302414641954044
1.3708783505800086	cosine	24.0	8.0	12.0	0.4242424242424244	0.02742697317621316
1.6056045257189198	cosine	24.0	14.0	16.0	0.3333333333333335	0.06570102610411901
-0.7396393205802716	cosine	24.0	6.0	12.0	0.45454545454545475	0.019834630913749846
0.16258649069264938	cosine	24.0	16.0	14.0	0.30303030303030315	0.08511721571435177
0.9875296412482355	cosine	24.0	18.0	20.0	0.2727272727272728	0.10854448149943507
1.5014082959386563	cosine	24.0	6.0	20.0	0.3636363636363638	0.04990853551146973
0.31144104592356475	cosine	24.0	8.0	10.0	0.4242424242424244	0.02742697317621316
-0.5237772908702755	cosine	24.0	0.0	22.0	0.3333333333333335	0.06570102610411901
-1.154382428201899	cosine	24.0	10.0	8.0	0.4242424242424244	0.02742697317621316
1.3272767798737872	cosine	24.0	16.0	14.0	0.3939393939393941	0.037302414641954044
0.6770579211823365	cosine	24.0	12.0	14.0	0.3333333333333335	0.06570102610411901
0.8410847818752919	cosine	24.0	16.0	20.0	0.6363636363636367	0.001988079806063042
-0.3692335611794502	cosine	24.0	4.0	6.0	0.30303030303030315	0.08511721571435177
0.7530512283934022	cosine	24.0	20.0	14.0	0.4242424242424244	0.02742697317621316
-1.4612201692130464	cosine	24.0	16.0	14.0	0.3333333333333335	0.06570102610411901
1.2575284290704796	cosine	24.0	14.0	20.0	0.5454545454545456	0.0067819162397311575
1.1438812242059058	cosine	24.0	20.0	22.0	0.45454545454545475	0.019834630913749846
-0.1450550829624393	cosine	24.0	18.0	16.0	0.6363636363636367	0.001988079806063042
-0.31554515844030284	cosine	24.0	6.0	4.0	0.5151515151515154	0.00986438530634296
0.360094741751262	cosine	24.0	20.0	10.0	0.575757575757576	0.004583576838638997
-0.13792588618809812	cosine	24.0	8.0	2.0	0.3333333333333335	0.06570102610411901
1.130411214294095	cosine	24.0	16.0	8.0	0.5454545454545456	0.0067819162397311575
1.0956910735537806	cosine	24.0	12.0	6.0	0.5151515151515154	0.00986438530634296
0.4578361722764436	cosine	24.0	18.0	20.0	0.3636363636363638	0.04990853551146973
1.9545249636203574	cosine	24.0	16.0	20.0	0.666666666666667	0.0012756406460599887
-0.7948833605878447	cosine	24.0	2.0	22.0	0.3939393939393941	0.037302414641954044
1.7223923549209414	cosine	24.0	16.0	22.0	0.4848484848484851	0.014106153084401886
-0.5251995041081918	cosine	24.0	4.0	2.0	0.575757575757576	0.004583576838638997
0.4693136994140972	cosine	24.0	10.0	8.0	0.3333333333333335	0.06570102610411901
-0.47093720399338934	cosine	24.0	20.0	18.0	0.4242424242424244	0.02742697317621316
-0.22898669491755572	cosine	24.0	2.0	20.0	0.4848484848484851	0.014106153084401886
1.6754692161175733	cosine	24.0	22.0	16.0	0.5151515151515154	0.00986438530634296
-0.7030502451088866	cosine	24.0	16.0	14.0	0.4848484848484851	0.014106153084401886
-1.9284858568300156	cosine	24.0	2.0	0.0	0.4848484848484851	0.014106153084401886
-0.7885382054554901	cosine	24.0	2.0	0.0	0.5151515151515154	0.00986438530634296
-1.0402457753568684	cosine	24.0	10.0	12.0	0.3939393939393941	0.037302414641954044
-1.0349734111108886	cosine	24.0	16.0	14.0	0.4242424242424244	0.02742697317621316
2.0327625378280607	cosine	24.0	12.0	18.0	0.3636363636363638	0.04990853551146973
-0.7347758616857027	cosine	24.0	18.0	4.0	0.575757575757576	0.004583576838638997
-0.3379977608406563	cosine	24.0	14.0	12.0	0.2727272727272728	0.10854448149943507
-0.6220849201534583	cosine	24.0	4.0	2.0	0.4242424242424244	0.02742697317621316
-1.1633561108294754	cosine	24.0	14.0	0.0	0.666666666666667	0.0012756406460599887
0.35613860236445904	cosine	24.0	4.0	2.0	0.5454545454545456	0.0067819162397311575
-0.21874841504760453	cosine	24.0	22.0	2.0	0.4242424242424244	0.02742697317621316
-0.26366551613910666	cosine	24.0	22.0	0.0	0.3333333333333335	0.06570102610411901
-0.42405569992848313	cosine	24.0	4.0	6.0	0.4848484848484851	0.014106153084401886
0.8597463945010273	cosine	24.0	14.0	16.0	0.3939393939393941	0.037302414641954044
1.1794020958178901	cosine	24.0	12.0	10.0	0.24242424242424254	0.1362855657955242
0.7449591032302518	cosine	24.0	10.0	18.0	0.3939393939393941	0.037302414641954044
-0.9599030701265141	cosine	24.0	0.0	4.0	0.3939393939393941	0.037302414641954044
-0.8383553288730108	cosine	24.0	8.0	6.0	0.3636363636363638	0.04990853551146973
-0.21777256121357336	cosine	24.0	0.0	6.0	0.3333333333333335	0.06570102610411901
0.5089194647882175	cosine	24.0	4.0	16.0	0.30303030303030315	0.08511721571435177
-1.7989532428079682	cosine	24.0	12.0	22.0	0.4848484848484851	0.014106153084401886
-0.28519903631855903	cosine	24.0	16.0	14.0	0.3333333333333335	0.06570102610411901
-1.126613532213747	cosine	24.0	10.0	12.0	0.24242424242424254	0.1362855657955242
-0.4594421630863338	cosine	24.0	8.0	12.0	0.8181818181818186	0.00010656710346223243
0.28616555380013353	cosine	24.0	22.0	20.0	0.5151515151515154	0.00986438530634296
0.6394114683545945	cosine	24.0	14.0	16.0	0.3636363636363638	0.04990853551146973
1.957079902256425	cosine	24.0	18.0	16.0	0.3939393939393941	0.037302414641954044
0.9183010293038248	cosine	24.0	22.0	18.0	0.6363636363636367	0.001988079806063042
0.8621592967360455	cosine	24.0	14.0	6.0	0.6969696969696972	0.0008043156973336818
-0.8768911014122909	cosine	24.0	6.0	8.0	0.3333333333333335	0.06570102610411901
-0.9454115055882205	cosine	24.0	6.0	4.0	0.2121212121212122	0.16852366968754684
-1.1333112836436772	cosine	24.0	12.0	10.0	0.3333333333333335	0.06570102610411901
-0.5514341268215942	cosine	24.0	8.0	10.0	0.3636363636363638	0.04990853551146973
-1.9734474128533415	cosine	24.0	6.0	8.0	0.5151515151515154	0.00986438530634296
0.5714084942271048	cosine	24.0	4.0	2.0	0.3333333333333335	0.06570102610411901
-1.5200719159299572	cosine	24.0	20.0	22.0	0.45454545454545475	0.019834630913749846
-0.4755114441200733	cosine	24.0	18.0	14.0	0.4242424242424244	0.02742697317621316
1.4377843746192136	cosine	24.0	18.0	20.0	0.3636363636363638	0.04990853551146973
-0.4110445816183979	cosine	24.0	10.0	20.0	0.4242424242424244	0.02742697317621316
1.0668124345380579	cosine	24.0	0.0	22.0	0.4848484848484851	0.014106153084401886
-0.5692922182319902	cosine	24.0	18.0	20.0	0.4848484848484851	0.014106153084401886
0.7271969079501911	cosine	24.0	16.0	20.0	0.45454545454545475	0.019834630913749846
-1.117113490162369	cosine	24.0	10.0	8.0	0.2727272727272728	0.10854448149943507
0.24113396873610873	cosine	24.0	18.0	20.0	0.3939393939393941	0.037302414641954044
2.058359778192398	cosine	24.0	14.0	12.0	0.3939393939393941	0.037302414641954044
1.658308206479999	cosine	24.0	14.0	16.0	0.5151515151515154	0.00986438530634296
-0.8569154737197849	cosine	24.0	4.0	6.0	0.30303030303030315	0.08511721571435177
1.1602253476696456	cosine	24.0	22.0	0.0	0.45454545454545475	0.019834630913749846
-0.9194523039456793	cosine	24.0	10.0	12.0	0.575757575757576	0.004583576838638997
1.646714283864297	cosine	24.0	14.0	18.0	0.2727272727272728	0.10854448149943507
-0.0035433168265113324	cosine	24.0	16.0	18.0	0.3939393939393941	0.037302414641954044
1.4881851019275218	cosine	24.0	22.0	0.0	0.3333333333333335	0.06570102610411901
1.1181204660176203	cosine	24.0	8.0	10.0	0.5151515151515154	0.00986438530634296
1.1960104884948228	cosine	24.0	0.0	22.0	0.24242424242424254	0.1362855657955242
0.9304829201650147	cosine	24.0	10.0	12.0	0.6060606060606063	0.003044944233852819
-0.8670388458036936	cosine	24.0	0.0	2.0	0.575757575757576	0.004583576838638997
-0.19284555577607584	cosine	24.0	6.0	8.0	0.3636363636363638	0.04990853551146973
0.4924206140971211	cosine	24.0	12.0	10.0	0.3939393939393941	0.037302414641954044
-0.543770841499043	cosine	24.0	2.0	10.0	0.3939393939393941	0.037302414641954044
-0.7917906047097856	cosine	24.0	14.0	0.0	0.575757575757576	0.004583576838638997
-0.2578670743805698	cosine	24.0	2.0	6.0	0.6060606060606063	0.003044944233852819
-0.482251798629838	cosine	24.0	4.0	2.0	0.6060606060606063	0.003044944233852819
-1.184941256454853	cosine	24.0	22.0	0.0	0.3333333333333335	0.06570102610411901
0.9417942314167979	cosine	24.0	0.0	2.0	0.5151515151515154	0.00986438530634296
-0.23561769321339307	cosine	24.0	6.0	4.0	0.575757575757576	0.004583576838638997
-0.03001705695700556	cosine	24.0	16.0	14.0	0.575757575757576	0.004583576838638997
0.6621299401832899	cosine	24.0	0.0	20.0	0.3939393939393941	0.037302414641954044
-0.4843572427740519	cosine	24.0	16.0	10.0	0.4848484848484851	0.014106153084401886
-0.22579694464552857	cosine	24.0	16.0	14.0	0.3636363636363638	0.04990853551146973
0.9399499769162292	cosine	24.0	14.0	2.0	0.4242424242424244	0.02742697317621316
-1.2178631801015358	cosine	24.0	22.0	0.0	0.3939393939393941	0.037302414641954044
0.06084349824625907	cosine	24.0	10.0	12.0	0.3333333333333335	0.06570102610411901
2.451699754753552	cosine	24.0	22.0	18.0	0.3636363636363638	0.04990853551146973
-0.7124062354858319	cosine	24.0	14.0	16.0	0.24242424242424254	0.1362855657955242
-1.5936603850227362	cosine	24.0	0.0	2.0	0.4242424242424244	0.02742697317621316
0.5440160448423143	cosine	24.0	0.0	22.0	0.4242424242424244	0.02742697317621316
-0.9872199480168787	cosine	24.0	16.0	14.0	0.4242424242424244	0.02742697317621316
2.6539392401219435	cosine	24.0	4.0	2.0	0.45454545454545475	0.019834630913749846
-0.08876539287735402	cosine	24.0	6.0	4.0	0.3636363636363638	0.04990853551146973
2.054618846641888	cosine	24.0	20.0	2.0	0.6363636363636367	0.001988079806063042
-0.5477659050160001	cosine	24.0	0.0	2.0	0.3636363636363638	0.04990853551146973
-1.3445424607432264	cosine	24.0	2.0	4.0	0.3636363636363638	0.04990853551146973
-0.5195539576516843	cosine	24.0	12.0	14.0	0.3333333333333335	0.06570102610411901
-0.37744521098391887	cosine	24.0	10.0	6.0	0.4848484848484851	0.014106153084401886
-0.37252137694662907	cosine	24.0	10.0	4.0	0.5454545454545456	0.0067819162397311575
0.1755567797830232	cosine	24.0	10.0	8.0	0.45454545454545475	0.019834630913749846
1.0573369381020972	cosine	24.0	12.0	18.0	0.4848484848484851	0.014106153084401886
-1.9415187756204673	cosine	24.0	20.0	16.0	0.3333333333333335	0.06570102610411901
1.749058740112809	cosine	24.0	22.0	0.0	0.6060606060606063	0.003044944233852819
-1.3532567772692976	cosine	24.0	4.0	2.0	0.6969696969696972	0.0008043156973336818
1.3618607506040052	cosine	24.0	4.0	22.0	0.3333333333333335	0.06570102610411901
-0.08580590861541545	cosine	24.0	2.0	22.0	0.575757575757576	0.004583576838638997
0.6675635495922667	cosine	24.0	14.0	12.0	0.3636363636363638	0.04990853551146973
-1.4047491317705452	cosine	24.0	20.0	12.0	0.4242424242424244	0.02742697317621316
0.1456569664362981	cosine	24.0	14.0	12.0	0.1818181818181819	0.20529080418760415
0.4279362277079395	cosine	24.0	4.0	0.0	0.7575757575757579	0.000303320964553055
-1.9011773634038875	cosine	24.0	6.0	4.0	0.3636363636363638	0.04990853551146973
0.5027113044351178	cosine	24.0	16.0	14.0	0.24242424242424254	0.1362855657955242
0.8465036865407398	cosine	24.0	0.0	16.0	0.7878787878787882	0.0001813930547667903
0.8472509975291492	cosine	24.0	8.0	10.0	0.24242424242424254	0.1362855657955242
0.5072252182607974	cosine	24.0	2.0	16.0	0.6969696969696972	0.0008043156973336818
0.3037051445068615	cosine	24.0	22.0	20.0	0.24242424242424254	0.1362855657955242
1.429892082948749	cosine	24.0	14.0	16.0	0.3636363636363638	0.04990853551146973
1.0027051235715838	cosine	24.0	18.0	16.0	0.45454545454545475	0.019834630913749846
-0.8694451188082523	cosine	24.0	14.0	12.0	0.3333333333333335	0.06570102610411901
1.9264631840723931	cosine	24.0	16.0	4.0	0.3333333333333335	0.06570102610411901
0.6418545489587499	cosine	24.0	8.0	12.0	0.3636363636363638	0.04990853551146973
-0.327987141032864	cosine	24.0	2.0	0.0	0.5454545454545456	0.0067819162397311575
-1.230110906032441	cosine	24.0	12.0	14.0	0.6060606060606063	0.003044944233852819
-0.7974191865370581	cosine	24.0	4.0	6.0	0.4242424242424244	0.02742697317621316
-0.950798976676916	cosine	24.0	12.0	18.0	0.3636363636363638	0.04990853551146973
1.5173529281271458	cosine	24.0	16.0	18.0	0.5151515151515154	0.00986438530634296
0.39643149407652123	cosine	24.0	4.0	6.0	0.4848484848484851	0.014106153084401886
-0.7855253247521783	cosine	24.0	12.0	10.0	0.24242424242424254	0.1362855657955242
1.6799107330581078	cosine	24.0	10.0	8.0	0.5151515151515154	0.00986438530634296
0.33647274364709967	cosine	24.0	0.0	18.0	0.4242424242424244	0.02742697317621316
-1.1077296663510479	cosine	24.0	0.0	22.0	0.5151515151515154	0.00986438530634296
0.5188094773092896	cosine	24.0	6.0	8.0	0.30303030303030315	0.08511721571435177
-0.33606569004566117	cosine	24.0	20.0	8.0	0.4848484848484851	0.014106153084401886
1.2870018503843714	cosine	24.0	18.0	22.0	0.7272727272727276	0.0004983045770249599
1.2230830717776686	cosine	24.0	12.0	8.0	0.30303030303030315	0.08511721571435177
-0.24682942207433248	cosine	24.0	18.0	16.0	0.3636363636363638	0.04990853551146973
-0.5139029346967465	cosine	24.0	0.0	22.0	0.4848484848484851	0.014106153084401886
0.6517739459663511	cosine	24.0	8.0	10.0	0.5151515151515154	0.00986438530634296
-0.49579813703854014	cosine	24.0	10.0	12.0	0.5454545454545456	0.0067819162397311575
1.6079925201579772	cosine	24.0	22.0	2.0	0.3939393939393941	0.037302414641954044
0.8606569037824229	cosine	24.0	8.0	4.0	0.575757575757576	0.004583576838638997
-0.9803530992224192	cosine	24.0	10.0	12.0	0.3636363636363638	0.04990853551146973
-0.6262104742596324	cosine	24.0	18.0	16.0	0.3636363636363638	0.04990853551146973
1.167696975914552	cosine	24.0	18.0	14.0	0.5454545454545456	0.0067819162397311575
0.3807032014885626	cosine	24.0	6.0	8.0	0.4848484848484851	0.014106153084401886
0.5447304530623653	cosine	24.0	18.0	14.0	0.5454545454545456	0.0067819162397311575
-1.9322717896311186	cosine	24.0	14.0	20.0	0.3939393939393941	0.037302414641954044
-1.2823321105147858	cosine	24.0	6.0	4.0	0.30303030303030315	0.08511721571435177
-1.8260092499361527	cosine	24.0	0.0	4.0	0.3636363636363638	0.04990853551146973
0.784719262908471	cosine	24.0	18.0	16.0	0.2121212121212122	0.16852366968754684
0.46859519051415477	cosine	24.0	22.0	0.0	0.5151515151515154	0.00986438530634296
-3.470620614886643	cosine	24.0	0.0	18.0	0.575757575757576	0.004583576838638997
0.06747222268133071	cosine	24.0	18.0	20.0	0.3333333333333335	0.06570102610411901
0.19292095908062304	cosine	24.0	22.0	20.0	0.30303030303030315	0.08511721571435177
0.7396679469611143	cosine	24.0	16.0	2.0	0.666666666666667	0.0012756406460599887
-1.2309066151865145	cosine	24.0	8.0	6.0	0.45454545454545475	0.019834630913749846
1.7326907828474258	cosine	24.0	10.0	6.0	0.7878787878787882	0.0001813930547667903
0.5954783882798056	cosine	24.0	18.0	20.0	0.5454545454545456	0.0067819162397311575
0.6873525742743382	cosine	24.0	12.0	14.0	0.3939393939393941	0.037302414641954044
-0.5329157272230811	cosine	24.0	22.0	0.0	0.30303030303030315	0.08511721571435177
-0.13705287230267438	cosine	24.0	8.0	10.0	0.3939393939393941	0.037302414641954044
-0.6377246659767356	cosine	24.0	18.0	8.0	0.24242424242424254	0.1362855657955242
-1.5459918574300668	cosine	24.0	8.0	10.0	0.4848484848484851	0.014106153084401886
0.33859481832837857	cosine	24.0	4.0	22.0	0.3939393939393941	0.037302414641954044
-0.9879495800115639	cosine	24.0	20.0	0.0	0.45454545454545475	0.019834630913749846
-0.021062056681046784	cosine	24.0	2.0	20.0	0.5151515151515154	0.00986438530634296
0.30702094538183006	cosine	24.0	6.0	2.0	0.666666666666667	0.0012756406460599887
-1.0507705279166852	cosine	24.0	2.0	4.0	0.45454545454545475	0.019834630913749846
0.9401703293433261	cosine	24.0	18.0	14.0	0.30303030303030315	0.08511721571435177
-0.3401739708518765	cosine	24.0	20.0	14.0	0.30303030303030315	0.08511721571435177
-0.050574378968259996	cosine	24.0	18.0	16.0	0.3636363636363638	0.04990853551146973
-1.0087122779686064	cosine	24.0	8.0	14.0	0.4242424242424244	0.02742697317621316
-0.3417905300157251	cosine	24.0	10.0	8.0	0.5151515151515154	0.00986438530634296
1.5346406728176376	cosine	24.0	6.0	8.0	0.30303030303030315	0.08511721571435177
-0.7088211861841139	cosine	24.0	20.0	14.0	0.3333333333333335	0.06570102610411901
-0.28033913350332734	cosine	24.0	16.0	14.0	0.3333333333333335	0.06570102610411901
0.5224278077648569	cosine	24.0	16.0	12.0	0.5151515151515154	0.00986438530634296
-2.026349976006159	cosine	24.0	4.0	2.0	0.30303030303030315	0.08511721571435177
-1.7557455666194994	cosine	24.0	22.0	14.0	0.4242424242424244	0.02742697317621316
-0.20998285743152958	cosine	24.0	22.0	20.0	0.4242424242424244	0.02742697317621316
-1.8950869683369034	cosine	24.0	6.0	0.0	0.3939393939393941	0.037302414641954044
-0.21489516999529737	cosine	24.0	12.0	14.0	0.3939393939393941	0.037302414641954044
0.7022760995463433	cosine	24.0	18.0	20.0	0.3939393939393941	0.037302414641954044
-0.7276712190651611	cosine	24.0	12.0	20.0	0.666666666666667	0.0012756406460599887
0.6424342659187037	cosine	24.0	14.0	16.0	0.4242424242424244	0.02742697317621316
1.0824656624824887	cosine	24.0	6.0	8.0	0.3939393939393941	0.037302414641954044
-0.6312920184604283	cosine	24.0	4.0	2.0	0.3939393939393941	0.037302414641954044
0.8778596573118543	cosine	24.0	4.0	6.0	0.30303030303030315	0.08511721571435177
-0.5383267031958017	cosine	24.0	10.0	4.0	0.4848484848484851	0.014106153084401886
-0.5830105371668017	cosine	24.0	2.0	18.0	0.3939393939393941	0.037302414641954044
-1.0295526883295991	cosine	24.0	22.0	2.0	0.3939393939393941	0.037302414641954044
1.1803132953118505	cosine	24.0	20.0	18.0	0.30303030303030315	0.08511721571435177
0.12303936414507863	cosine	24.0	22.0	10.0	0.6969696969696972	0.0008043156973336818
1.4552860669440606	cosine	24.0	12.0	8.0	0.3636363636363638	0.04990853551146973
1.5792856979101064	cosine	24.0	16.0	14.0	0.3939393939393941	0.037302414641954044
1.9766795555991337	cosine	24.0	4.0	2.0	0.3636363636363638	0.04990853551146973
-1.0592119038210566	cosine	24.0	0.0	22.0	0.3636363636363638	0.04990853551146973
-0.6405688483948812	cosine	24.0	18.0	16.0	0.45454545454545475	0.019834630913749846
0.20443991441584214	cosine	24.0	8.0	4.0	0.2727272727272728	0.10854448149943507
-0.267484633083574	cosine	24.0	22.0	4.0	0.6363636363636367	0.001988079806063042
0.538256861202253	cosine	24.0	10.0	12.0	0.3939393939393941	0.037302414641954044
0.5744045992858474	cosine	24.0	12.0	18.0	0.4848484848484851	0.014106153084401886
-0.5388986686643936	cosine	24.0	16.0	12.0	0.5151515151515154	0.00986438530634296
-0.5224551516211744	cosine	24.0	14.0	12.0	0.3333333333333335	0.06570102610411901
0.8487649791448073	cosine	24.0	0.0	22.0	0.4242424242424244	0.02742697317621316
1.4573587492151148	cosine	24.0	16.0	18.0	0.3939393939393941	0.037302414641954044
-0.7895808095303016	cosine	24.0	8.0	10.0	0.4242424242424244	0.02742697317621316
-0.6996208860727028	cosine	24.0	0.0	2.0	0.30303030303030315	0.08511721571435177
0.23954611391024747	cosine	24.0	16.0	18.0	0.3636363636363638	0.04990853551146973
1.1093569416415712	cosine	24.0	4.0	2.0	0.4242424242424244	0.02742697317621316
0.2545326854056265	cosine	24.0	6.0	2.0	0.45454545454545475	0.019834630913749846
-1.4803129320867152	cosine	24.0	10.0	6.0	0.666666666666667	0.0012756406460599887
-0.25670234191897473	cosine	24.0	6.0	10.0	0.5151515151515154	0.00986438530634296
-1.4125199246645979	cosine	24.0	8.0	10.0	0.3636363636363638	0.04990853551146973
0.7357161580578745	cosine	24.0	22.0	20.0	0.3939393939393941	0.037302414641954044
0.6256831084700594	cosine	24.0	14.0	12.0	0.5454545454545456	0.0067819162397311575
