ID	Waveform	Period	Phase	Nadir	Tau	P
0.16334586197416065	cosine	12.0	6.0	8.0	0.508513380930983	0.01068384436354423
-0.14878898655731917	cosine	12.0	12.0	10.0	0.29465333329284926	0.09117756893125428
-0.45296814819941483	cosine	12.0	0.0	6.0	0.35668561398608073	0.053232974601062806
-1.3255355166962408	cosine	12.0	12.0	6.0	0.5231388366621645	0.008951565507853972
-0.4766335256984421	cosine	12.0	8.0	6.0	0.38138503569823723	0.042167604419924586
-0.9875916742791053	cosine	12.0	6.0	4.0	0.3940062612820492	0.037277784955182205
-0.16833252983221664	cosine	12.0	8.0	6.0	0.12712834523274574	0.282525295751344
-1.4219986376183211	cosine	12.0	4.0	12.0	0.35668561398608073	0.053232974601062806
1.6931631165874463	cosine	12.0	2.0	6.0	0.28138742976632525	0.10142035953841916
-0.9799456432634702	cosine	12.0	6.0	8.0	0.38138503569823723	0.042167604419924586
-0.653040833398973	cosine	12.0	6.0	2.0	0.5627748595326505	0.005432675743650132
-0.9031330636339415	cosine	12.0	4.0	0.0	0.46897904961054204	0.016897895516253123
0.14105754049794875	cosine	12.0	2.0	10.0	0.6565706694547588	0.001481745846560898
-2.3538152004916046	cosine	12.0	0.0	2.0	0.17336275496410164	0.21634316011970334
0.4545112045366434	cosine	12.0	0.0	2.0	0.488567763989741	0.013512582066973257
0.6802557855783883	cosine	12.0	12.0	10.0	0.38770175433269644	0.03965908586713749
1.090192848681244	cosine	12.0	10.0	12.0	0.38770175433269644	0.03965908586713749
0.04196836022786759	cosine	12.0	0.0	2.0	0.42552676218461316	0.027061931661110435
0.03442107413146556	cosine	12.0	6.0	8.0	0.38138503569823723	0.042167604419924586
0.12436334371178441	cosine	12.0	2.0	4.0	0.42552676218461316	0.027061931661110435
-0.11753801930430019	cosine	12.0	6.0	8.0	0.38138503569823723	0.042167604419924586
-0.5611620895848637	cosine	12.0	6.0	4.0	0.2048832558666656	0.1768962477431396
-0.8205727432254991	cosine	12.0	8.0	10.0	0.4767312946227965	0.015480063791539503
1.228712824797404	cosine	12.0	6.0	12.0	0.584684582151831	0.004070583044510975
-0.8686508001885302	cosine	12.0	0.0	2.0	0.488567763989741	0.013512582066973257
1.0436380648642865	cosine	12.0	8.0	10.0	0.31782086308186436	0.07516173316558697
0.5508093803422317	cosine	12.0	8.0	12.0	0.29465333329284926	0.09117756893125428
2.0923486725479674	cosine	12.0	8.0	10.0	0.34960294939005077	0.05679866795607516
-0.9471853697905361	cosine	12.0	12.0	2.0	0.42552676218461316	0.027061931661110435
1.246767203840195	cosine	12.0	8.0	10.0	0.34960294939005077	0.05679866795607516
0.4729246997478004	cosine	12.0	0.0	4.0	0.37518323968843365	0.044753897420978433
1.388918875245456	cosine	12.0	4.0	12.0	0.542782456065775	0.007014531725125648
-0.6896886549236749	cosine	12.0	8.0	10.0	0.2542566904654915	0.12492539106643724
0.3957725138426732	cosine	12.0	10.0	2.0	0.46897904961054204	0.016897895516253123
1.0439267759775848	cosine	12.0	4.0	0.0	0.31265269974036136	0.07853426938217861
0.6595609768582361	cosine	12.0	12.0	2.0	0.2364037567692295	0.1423291682149232
-0.17079486556605422	cosine	12.0	10.0	12.0	0.6048147367590064	0.0030976341623523166
-1.2971162914144991	cosine	12.0	12.0	2.0	0.42552676218461316	0.027061931661110435
-0.338828043217804	cosine	12.0	12.0	10.0	0.542782456065775	0.007014531725125648
2.303088948889794	cosine	12.0	6.0	4.0	0.42552676218461316	0.027061931661110435
-0.3300507846813511	cosine	12.0	8.0	10.0	0.2542566904654915	0.12492539106643724
-0.6234497459412963	cosine	12.0	12.0	10.0	0.5737985964123907	0.004703590814103545
-1.1929562320888263	cosine	12.0	8.0	2.0	0.325669473639465	0.07025277592236653
-0.5847694021894252	cosine	12.0	8.0	10.0	0.5720775535473558	0.004811332704071246
-0.5174332624029888	cosine	12.0	8.0	4.0	0.5737985964123907	0.004703590814103545
-0.3827085783940077	cosine	12.0	0.0	10.0	0.2501221597922891	0.12881724171626302
0.29084931334455055	cosine	12.0	6.0	4.0	0.5516087657948688	0.006271913590386279
2.055870497438231	cosine	12.0	10.0	12.0	0.6668470174522378	0.0012722098173665757
1.7853663357302803	cosine	12.0	8.0	12.0	0.48075017537254355	0.014786104244078217
-0.12654269382298772	cosine	12.0	12.0	2.0	0.36248576037948527	0.05044712112711767
-0.5222128779654592	cosine	12.0	8.0	6.0	0.34960294939005077	0.05679866795607516
1.649017359065901	cosine	12.0	10.0	0.0	0.43771377963650593	0.02379564823412834
-0.4993071156628273	cosine	12.0	0.0	4.0	0.5002443195845782	0.011787064559833655
-0.922344304630017	cosine	12.0	0.0	2.0	0.2364037567692295	0.1423291682149232
-0.3503471279169833	cosine	12.0	2.0	6.0	0.21885688981825296	0.16096491949833142
-0.10109942443541939	cosine	12.0	2.0	4.0	0.33096525947692135	0.06708239491800405
0.39220309344193705	cosine	12.0	4.0	6.0	0.520088264892305	0.009291071757416634
0.2973216871802186	cosine	12.0	4.0	2.0	0.2994447585743574	0.08767317792776053
-0.721462624427522	cosine	12.0	6.0	8.0	0.2542566904654915	0.12492539106643724
0.5108467725467981	cosine	12.0	10.0	4.0	0.3385016001931653	0.06276288318311772
-0.8866033693018703	cosine	12.0	8.0	10.0	0.2860387767736779	0.0977376033412587
1.646937117658982	cosine	12.0	10.0	8.0	0.38138503569823723	0.042167604419924586
-1.2146514665514472	cosine	12.0	12.0	6.0	0.3692744729379985	0.04733536431232824
2.122382064713744	cosine	12.0	2.0	0.0	0.33096525947692135	0.06708239491800405
0.3130090354003537	cosine	12.0	10.0	8.0	0.2542566904654915	0.12492539106643724
1.6207696112688306	cosine	12.0	4.0	6.0	0.3940062612820492	0.037277784955182205
0.6875423709759019	cosine	12.0	2.0	10.0	0.46897904961054204	0.016897895516253123
0.9852707686081406	cosine	12.0	0.0	6.0	0.41871789467931214	0.02904431653896035
0.9537848408533971	cosine	12.0	10.0	4.0	0.5231388366621645	0.008951565507853972
-0.15452177576112677	cosine	12.0	6.0	8.0	0.38138503569823723	0.042167604419924586
-1.6826488155396955	cosine	12.0	10.0	8.0	0.34960294939005077	0.05679866795607516
0.09095051398513312	cosine	12.0	6.0	4.0	0.6146497675999968	0.002703128848699784
-0.2226262058495746	cosine	12.0	6.0	4.0	0.2364037567692295	0.1423291682149232
-1.2571027825139314	cosine	12.0	2.0	0.0	0.33096525947692135	0.06708239491800405
0.5132372410422471	cosine	12.0	4.0	6.0	0.33096525947692135	0.06708239491800405
-0.0541607946388559	cosine	12.0	4.0	6.0	0.33096525947692135	0.06708239491800405
-1.5670322498439286	cosine	12.0	0.0	8.0	0.40644850966246976	0.03292085287309089
1.0096847996977525	cosine	12.0	12.0	2.0	0.33096525947692135	0.06708239491800405
0.15021507632365577	cosine	12.0	4.0	8.0	0.6668470174522378	0.0012722098173665757
0.7023584045113858	cosine	12.0	6.0	8.0	0.41316712200642364	0.03074837886955296
0.18945909848517872	cosine	12.0	8.0	6.0	0.38138503569823723	0.042167604419924586
0.33009560875682775	cosine	12.0	10.0	8.0	0.2542566904654915	0.12492539106643724
0.5556487219553738	cosine	12.0	10.0	8.0	0.5720775535473558	0.004811332704071246
0.10905768794699901	cosine	12.0	4.0	6.0	0.2994447585743574	0.08767317792776053
0.20822619739704049	cosine	12.0	2.0	4.0	0.33096525947692135	0.06708239491800405
-0.8697277865090365	cosine	12.0	6.0	8.0	0.19069251784911861	0.19405940885016393
0.25586039672497546	cosine	12.0	8.0	6.0	0.508513380930983	0.01068384436354423
-1.7683490903495385	cosine	12.0	8.0	10.0	0.4767312946227965	0.015480063791539503
0.5367698650283608	cosine	12.0	4.0	6.0	0.520088264892305	0.009291071757416634
0.2644490300660343	cosine	12.0	8.0	2.0	0.35668561398608073	0.053232974601062806
0.3269831539775484	cosine	12.0	6.0	10.0	0.5117663157191593	0.010275152505006458
-0.713361575622899	cosine	12.0	6.0	10.0	0.38770175433269644	0.03965908586713749
-0.6800918131795207	cosine	12.0	10.0	8.0	0.41316712200642364	0.03074837886955296
0.472077629201814	cosine	12.0	10.0	6.0	0.38770175433269644	0.03965908586713749
0.06369719667286135	cosine	12.0	8.0	6.0	0.4449492083146101	0.022018113736134944
1.2315884217637203	cosine	12.0	4.0	6.0	0.2048832558666656	0.1768962477431396
1.288393694756594	cosine	12.0	8.0	6.0	0.508513380930983	0.01068384436354423
1.3626234924588883	cosine	12.0	8.0	10.0	0.2542566904654915	0.12492539106643724
-0.440371210000353	cosine	12.0	4.0	6.0	0.520088264892305	0.009291071757416634
-0.09036839082652881	cosine	12.0	4.0	10.0	0.3385016001931653	0.06276288318311772
-1.4091722893080882	cosine	12.0	8.0	6.0	0.5720775535473558	0.004811332704071246
0.9767037723839501	cosine	12.0	2.0	4.0	0.5516087657948688	0.006271913590386279
-1.9125829636520923	cosine	12.0	2.0	8.0	0.542782456065775	0.007014531725125648
1.0530835429672136	cosine	12.0	0.0	2.0	0.2994447585743574	0.08767317792776053
0.7404154891703746	cosine	12.0	6.0	4.0	0.26792425767179345	0.11264743725548343
0.30789971731548293	cosine	12.0	12.0	2.0	0.488567763989741	0.013512582066973257
1.0259880616303672	cosine	12.0	6.0	4.0	0.2048832558666656	0.1768962477431396
0.01644812923370916	cosine	12.0	2.0	6.0	0.6878359394287951	0.0009259810947007011
-0.04200695323833002	cosine	12.0	4.0	2.0	0.26792425767179345	0.11264743725548343
0.29896600377931143	cosine	12.0	10.0	8.0	0.22247460415730505	0.1569979267286259
-0.32928668990900256	cosine	12.0	4.0	6.0	0.3940062612820492	0.037277784955182205
-0.9996491253559316	cosine	12.0	4.0	0.0	0.40644850966246976	0.03292085287309089
0.769836880804628	cosine	12.0	10.0	0.0	0.34391796971439753	0.05979464037584733
1.2555790152956654	cosine	12.0	2.0	6.0	0.2501221597922891	0.12881724171626302
-1.0852990052274072	cosine	12.0	12.0	8.0	0.35668561398608073	0.053232974601062806
1.7215656977344043	cosine	12.0	2.0	8.0	0.26363719294623356	0.11640217218244758
-0.5640002767494403	cosine	12.0	2.0	12.0	0.33096525947692135	0.06708239491800405
0.36018649710939393	cosine	12.0	8.0	12.0	0.41871789467931214	0.02904431653896035
2.1009852923630334	cosine	12.0	2.0	0.0	0.14184225406153772	0.26045348007935765
-0.6606595648441159	cosine	12.0	2.0	4.0	0.26792425767179345	0.11264743725548343
0.13983255610288597	cosine	12.0	2.0	12.0	0.3940062612820492	0.037277784955182205
-1.3757066777559	cosine	12.0	12.0	10.0	0.5737985964123907	0.004703590814103545
0.8135670064720867	cosine	12.0	8.0	6.0	0.31782086308186436	0.07516173316558697
1.3033679473430755	cosine	12.0	8.0	12.0	0.38770175433269644	0.03965908586713749
-1.4532920003359326	cosine	12.0	6.0	2.0	0.43771377963650593	0.02379564823412834
0.8829669636067935	cosine	12.0	2.0	8.0	0.35668561398608073	0.053232974601062806
-1.1131767450752958	cosine	12.0	4.0	2.0	0.2994447585743574	0.08767317792776053
-1.2750676607148885	cosine	12.0	2.0	4.0	0.6461702685025607	0.001725440175873364
0.10244131534290672	cosine	12.0	4.0	6.0	0.33096525947692135	0.06708239491800405
1.7828419405648048	cosine	12.0	0.0	8.0	0.34391796971439753	0.05979464037584733
0.3048381004996782	cosine	12.0	0.0	4.0	0.5940401295066866	0.0035886947605967253
-1.5012877079248113	cosine	12.0	2.0	8.0	0.325669473639465	0.07025277592236653
-1.5041671811858064	cosine	12.0	4.0	2.0	0.33096525947692135	0.06708239491800405
-0.03528791420283555	cosine	12.0	2.0	8.0	0.5737985964123907	0.004703590814103545
-0.42747495059837987	cosine	12.0	4.0	10.0	0.40004734568283173	0.03510685701315916
0.7235544728846915	cosine	12.0	2.0	4.0	0.33096525947692135	0.06708239491800405
-2.177616647892221	cosine	12.0	6.0	4.0	0.33096525947692135	0.06708239491800405
-1.6319901114133974	cosine	12.0	12.0	4.0	0.6668470174522378	0.0012722098173665757
0.24261226305083725	cosine	12.0	4.0	12.0	0.44973403502592785	0.02090527421057417
-1.780706691777168	cosine	12.0	2.0	10.0	0.34391796971439753	0.05979464037584733
-0.10980004163273423	cosine	12.0	0.0	4.0	0.6565706694547588	0.001481745846560898
-0.12052584914419372	cosine	12.0	4.0	2.0	0.36248576037948527	0.05044712112711767
-0.7213868294527278	cosine	12.0	10.0	4.0	0.43082021842766494	0.02559992123005601
1.116005271513667	cosine	12.0	6.0	4.0	0.33096525947692135	0.06708239491800405
-0.07944554875975784	cosine	12.0	12.0	10.0	0.6048147367590064	0.0030976341623523166
-0.21239697914742847	cosine	12.0	10.0	0.0	0.18759161984421682	0.1979406704679717
-1.0133448452146998	cosine	12.0	4.0	12.0	0.17058877190638644	0.22004281389555647
0.021492494013366246	cosine	12.0	4.0	8.0	0.41871789467931214	0.02904431653896035
2.0782888512814153	cosine	12.0	4.0	0.0	0.5627748595326505	0.005432675743650132
-0.06923767084227066	cosine	12.0	10.0	0.0	0.5315095895586144	0.008075181454718987
-0.339415810872421	cosine	12.0	6.0	4.0	0.7092112703076886	0.0006642756623393738
0.5848706255977185	cosine	12.0	0.0	8.0	0.6565706694547588	0.001481745846560898
-1.4220951338070305	cosine	12.0	4.0	10.0	0.49236596391733134	0.012928792206995913
-1.0615633098198711	cosine	12.0	4.0	12.0	0.5737985964123907	0.004703590814103545
-0.806794689796053	cosine	12.0	8.0	2.0	0.6048147367590064	0.0030976341623523166
0.6839183441579894	cosine	12.0	8.0	10.0	0.508513380930983	0.01068384436354423
-1.1944958162421544	cosine	12.0	2.0	8.0	0.44973403502592785	0.02090527421057417
1.7720933280151434	cosine	12.0	4.0	10.0	0.5539117094069977	0.006089982172122457
-0.37592242062903336	cosine	12.0	6.0	8.0	0.38138503569823723	0.042167604419924586
0.511524971568383	cosine	12.0	8.0	10.0	0.15891043154093218	0.2360104104586807
1.6071831415583344	cosine	12.0	12.0	10.0	0.29465333329284926	0.09117756893125428
-0.659356324298286	cosine	12.0	2.0	12.0	0.3940062612820492	0.037277784955182205
0.021895058543683326	cosine	12.0	6.0	4.0	0.488567763989741	0.013512582066973257
0.45985064143869464	cosine	12.0	6.0	4.0	0.42552676218461316	0.027061931661110435
0.08258593021752188	cosine	12.0	8.0	10.0	0.38138503569823723	0.042167604419924586
1.4662619554085814	cosine	12.0	0.0	2.0	0.4570472630871771	0.01929656018546278
0.8841989786495182	cosine	12.0	6.0	8.0	0.4449492083146101	0.022018113736134944
0.16660560722211004	cosine	12.0	8.0	6.0	0.6038596398555423	0.0031385812005819934
0.017281014069867307	cosine	12.0	4.0	2.0	0.4570472630871771	0.01929656018546278
0.26367397926253383	cosine	12.0	10.0	8.0	0.5720775535473558	0.004811332704071246
-0.33208632469831495	cosine	12.0	10.0	0.0	0.34391796971439753	0.05979464037584733
-1.0892295642535086	cosine	12.0	12.0	6.0	0.3077287274483321	0.08185299552131142
-1.2526087683735614	cosine	12.0	4.0	2.0	0.26792425767179345	0.11264743725548343
1.3725058824057563	cosine	12.0	12.0	2.0	0.520088264892305	0.009291071757416634
0.49238607891266817	cosine	12.0	2.0	4.0	0.2994447585743574	0.08767317792776053
-0.31579316496938736	cosine	12.0	6.0	8.0	0.2542566904654915	0.12492539106643724
1.1154400409253424	cosine	12.0	6.0	8.0	0.34960294939005077	0.05679866795607516
-0.0021049700159015737	cosine	12.0	10.0	12.0	0.26363719294623356	0.11640217218244758
-1.3925110915274415	cosine	12.0	4.0	6.0	0.2048832558666656	0.1768962477431396
-2.0944806561324896	cosine	12.0	10.0	12.0	0.1395726315597707	0.26379925819755046
0.4329011042143077	cosine	12.0	4.0	6.0	0.4570472630871771	0.01929656018546278
1.2217135130648984	cosine	12.0	2.0	10.0	0.12506107989614454	0.2856969100727392
1.0804470080360187	cosine	12.0	2.0	4.0	0.33096525947692135	0.06708239491800405
-0.38836176531121425	cosine	12.0	8.0	2.0	0.44973403502592785	0.02090527421057417
1.298372274619335	cosine	12.0	4.0	12.0	0.38770175433269644	0.03965908586713749
1.648556995988728	cosine	12.0	10.0	12.0	0.29465333329284926	0.09117756893125428
-0.15249558664977036	cosine	12.0	8.0	10.0	0.12712834523274574	0.282525295751344
-0.28762957050875393	cosine	12.0	2.0	0.0	0.36248576037948527	0.05044712112711767
1.093251658151068	cosine	12.0	8.0	2.0	0.5117663157191593	0.010275152505006458
-1.1785318747599125	cosine	12.0	6.0	10.0	0.41871789467931214	0.02904431653896035
-0.6405345039411794	cosine	12.0	2.0	12.0	0.42552676218461316	0.027061931661110435
1.3261757762237463	cosine	12.0	12.0	8.0	0.6978631577988536	0.0007932410229537244
0.9768651916626612	cosine	12.0	8.0	10.0	0.31782086308186436	0.07516173316558697
-0.2439069005658344	cosine	12.0	2.0	4.0	0.42552676218461316	0.027061931661110435
0.18221828277096871	cosine	12.0	12.0	6.0	0.3385016001931653	0.06276288318311772
0.362098160481744	cosine	12.0	6.0	10.0	0.38770175433269644	0.03965908586713749
-1.826460010199627	cosine	12.0	8.0	10.0	0.34960294939005077	0.05679866795607516
-0.351747048541581	cosine	12.0	2.0	4.0	0.36248576037948527	0.05044712112711767
0.6760818809678409	cosine	12.0	10.0	6.0	0.26363719294623356	0.11640217218244758
-1.288119738070269	cosine	12.0	0.0	10.0	0.34391796971439753	0.05979464037584733
0.44258737079789207	cosine	12.0	12.0	8.0	0.5117663157191593	0.010275152505006458
-1.8017062630900185	cosine	12.0	10.0	8.0	0.31782086308186436	0.07516173316558697
-1.1739245187880611	cosine	12.0	6.0	4.0	0.4570472630871771	0.01929656018546278
1.5157292278586372	cosine	12.0	6.0	12.0	0.43082021842766494	0.02559992123005601
2.116556080383142	cosine	12.0	10.0	8.0	0.508513380930983	0.01068384436354423
-0.6563852093083063	cosine	12.0	6.0	8.0	0.15891043154093218	0.2360104104586807
-1.452815460301712	cosine	12.0	12.0	10.0	0.325669473639465	0.07025277592236653
0.32354059611925046	cosine	12.0	10.0	2.0	0.15632634987018068	0.23962792898088553
1.4492432872786492	cosine	12.0	8.0	4.0	0.29465333329284926	0.09117756893125428
-0.8099083726120669	cosine	12.0	4.0	6.0	0.520088264892305	0.009291071757416634
0.6876311986376904	cosine	12.0	2.0	6.0	0.34391796971439753	0.05979464037584733
0.1428789216763366	cosine	12.0	2.0	6.0	0.5315095895586144	0.008075181454718987
-1.5732591253238655	cosine	12.0	12.0	2.0	0.33096525947692135	0.06708239491800405
-1.243105903444294	cosine	12.0	6.0	8.0	0.31782086308186436	0.07516173316558697
-0.21812501001966397	cosine	12.0	4.0	2.0	0.7722522721128164	0.00023698638032029084
0.6557352984001632	cosine	12.0	12.0	6.0	0.49236596391733134	0.012928792206995913
1.1710701609887106	cosine	12.0	10.0	8.0	0.2542566904654915	0.12492539106643724
1.3241753215589172	cosine	12.0	0.0	8.0	0.37518323968843365	0.044753897420978433
0.05133406443562644	cosine	12.0	4.0	6.0	0.2364037567692295	0.1423291682149232
0.8011231801497763	cosine	12.0	10.0	8.0	0.38138503569823723	0.042167604419924586
-0.38967479913310266	cosine	12.0	4.0	2.0	0.2994447585743574	0.08767317792776053
0.3507608064005845	cosine	12.0	10.0	0.0	0.37518323968843365	0.044753897420978433
2.628000829784725	cosine	12.0	2.0	4.0	0.36248576037948527	0.05044712112711767
0.34071568102990196	cosine	12.0	6.0	2.0	0.18759161984421682	0.1979406704679717
-0.05807560188967914	cosine	12.0	8.0	4.0	0.41871789467931214	0.02904431653896035
1.6683626296716614	cosine	12.0	6.0	8.0	0.5402954672391693	0.0072373318982772135
0.45827584852418446	cosine	12.0	2.0	4.0	0.2364037567692295	0.1423291682149232
0.5004792012678027	cosine	12.0	2.0	8.0	0.38770175433269644	0.03965908586713749
0.7294551514844095	cosine	12.0	10.0	6.0	0.35668561398608073	0.053232974601062806
-0.29616746589776777	cosine	12.0	4.0	6.0	0.17336275496410164	0.21634316011970334
0.7922285231799863	cosine	12.0	4.0	12.0	0.23262105259961785	0.14621780365458337
0.425087122429758	cosine	12.0	8.0	2.0	0.48075017537254355	0.014786104244078217
0.35039222512664764	cosine	12.0	2.0	6.0	0.46897904961054204	0.016897895516253123
0.4233067248876265	cosine	12.0	2.0	4.0	0.2994447585743574	0.08767317792776053
-0.5090964688556228	cosine	12.0	12.0	2.0	0.488567763989741	0.013512582066973257
-0.21564803135323385	cosine	12.0	10.0	4.0	0.5231388366621645	0.008951565507853972
-1.5724856496563853	cosine	12.0	12.0	10.0	0.38770175433269644	0.03965908586713749
2.161610535147291	cosine	12.0	6.0	4.0	0.4570472630871771	0.01929656018546278
0.6843836384910141	cosine	12.0	2.0	4.0	0.36248576037948527	0.05044712112711767
-0.5285545859916365	cosine	12.0	8.0	12.0	0.35668561398608073	0.053232974601062806
-0.4960991668452743	cosine	12.0	10.0	12.0	0.38770175433269644	0.03965908586713749
-0.3789516642584146	cosine	12.0	8.0	4.0	0.6668470174522378	0.0012722098173665757
0.9937647922057306	cosine	12.0	2.0	6.0	0.6253053994807227	0.0023274023270582257
-0.9121787499652901	cosine	12.0	8.0	10.0	0.4449492083146101	0.022018113736134944
0.8047894068599752	cosine	12.0	6.0	8.0	0.34960294939005077	0.05679866795607516
-0.48233982840688616	cosine	12.0	2.0	4.0	0.6776907694051246	0.001080787662488592
0.6239117038235412	cosine	12.0	8.0	10.0	0.4767312946227965	0.015480063791539503
-0.10808870085629592	cosine	12.0	0.0	8.0	0.43771377963650593	0.02379564823412834
-1.810673608208009	cosine	12.0	12.0	10.0	0.325669473639465	0.07025277592236653
-0.8167594795951713	cosine	12.0	12.0	2.0	0.5831292666974328	0.004156084107205838
0.5735516154451813	cosine	12.0	6.0	8.0	0.5402954672391693	0.0072373318982772135
0.3719996882970412	cosine	12.0	6.0	4.0	0.4570472630871771	0.01929656018546278
-0.49116778667006006	cosine	12.0	10.0	4.0	0.49236596391733134	0.012928792206995913
0.264765849832141	cosine	12.0	6.0	0.0	0.35668561398608073	0.053232974601062806
1.4834096512342743	cosine	12.0	8.0	4.0	0.6048147367590064	0.0030976341623523166
-0.5262770767436544	cosine	12.0	6.0	0.0	0.38770175433269644	0.03965908586713749
0.4842929241103096	cosine	12.0	10.0	8.0	0.31782086308186436	0.07516173316558697
0.10743751201108054	cosine	12.0	2.0	12.0	0.26792425767179345	0.11264743725548343
-1.007262942647527	cosine	12.0	12.0	10.0	0.38770175433269644	0.03965908586713749
0.03657099667962939	cosine	12.0	12.0	2.0	0.33096525947692135	0.06708239491800405
0.5038655974819259	cosine	12.0	12.0	10.0	0.48075017537254355	0.014786104244078217
1.4812140218494632	cosine	12.0	8.0	10.0	0.34960294939005077	0.05679866795607516
0.9161711388702053	cosine	12.0	8.0	10.0	0.41316712200642364	0.03074837886955296
-0.05670329341176372	cosine	12.0	0.0	6.0	0.5117663157191593	0.010275152505006458
0.6639953533960578	cosine	12.0	8.0	6.0	0.6038596398555423	0.0031385812005819934
2.896475114120443	cosine	12.0	10.0	6.0	0.48075017537254355	0.014786104244078217
0.604507638290884	cosine	12.0	2.0	10.0	0.46897904961054204	0.016897895516253123
2.0160375791885725	cosine	12.0	12.0	8.0	0.29465333329284926	0.09117756893125428
-0.37171678802195124	cosine	12.0	10.0	0.0	0.5627748595326505	0.005432675743650132
1.5347835798696041	cosine	12.0	12.0	4.0	0.29465333329284926	0.09117756893125428
-0.9409323853530702	cosine	12.0	8.0	10.0	0.38138503569823723	0.042167604419924586
-1.8797721527877018	cosine	12.0	0.0	10.0	0.5940401295066866	0.0035886947605967253
0.1853559289334236	cosine	12.0	8.0	2.0	0.23262105259961785	0.14621780365458337
-1.4132410273912046	cosine	12.0	4.0	6.0	0.26792425767179345	0.11264743725548343
1.0118045451095974	cosine	12.0	0.0	8.0	0.5315095895586144	0.008075181454718987
-0.1939742277762579	cosine	12.0	8.0	6.0	0.31782086308186436	0.07516173316558697
0.2627171844882428	cosine	12.0	2.0	4.0	0.36248576037948527	0.05044712112711767
0.11464413893096143	cosine	12.0	2.0	6.0	0.5940401295066866	0.0035886947605967253
-0.43034733153839827	cosine	12.0	0.0	2.0	0.2048832558666656	0.1768962477431396
-0.10925209477873038	cosine	12.0	4.0	6.0	0.5831292666974328	0.004156084107205838
-0.7299074580927023	cosine	12.0	10.0	6.0	0.44973403502592785	0.02090527421057417
-0.17120102822198324	cosine	12.0	4.0	6.0	0.520088264892305	0.009291071757416634
-0.7902116718468204	cosine	12.0	8.0	6.0	0.34960294939005077	0.05679866795607516
-0.36638657979058326	cosine	12.0	6.0	12.0	0.40004734568283173	0.03510685701315916
-0.7859249405273755	cosine	12.0	2.0	4.0	0.2364037567692295	0.1423291682149232
-1.5121522969550336	cosine	12.0	10.0	8.0	0.730987985088288	0.0004693265510989954
-1.1740042666037551	cosine	12.0	2.0	6.0	0.5315095895586144	0.008075181454718987
1.2163072910353625	cosine	12.0	6.0	4.0	0.17336275496410164	0.21634316011970334
0.5951953662961288	cosine	12.0	6.0	2.0	0.5002443195845782	0.011787064559833655
-0.4843669351887994	cosine	12.0	8.0	10.0	0.4767312946227965	0.015480063791539503
0.34534021278499355	cosine	12.0	4.0	6.0	0.36248576037948527	0.05044712112711767
-1.8606465573857056	cosine	12.0	4.0	0.0	0.5002443195845782	0.011787064559833655
-0.37863135179721746	cosine	12.0	2.0	4.0	0.36248576037948527	0.05044712112711767
0.7862041077154357	cosine	12.0	6.0	4.0	0.2994447585743574	0.08767317792776053
1.076101688150303	cosine	12.0	4.0	2.0	0.3940062612820492	0.037277784955182205
1.017624350476012	cosine	12.0	4.0	2.0	0.33096525947692135	0.06708239491800405
0.3301415881868533	cosine	12.0	6.0	12.0	0.40004734568283173	0.03510685701315916
-0.9729240246703968	cosine	12.0	2.0	12.0	0.33096525947692135	0.06708239491800405
-1.1533131188742154	cosine	12.0	2.0	12.0	0.36248576037948527	0.05044712112711767
1.5074537139646247	cosine	12.0	2.0	4.0	0.36248576037948527	0.05044712112711767
0.6632773083547191	cosine	12.0	10.0	8.0	0.2542566904654915	0.12492539106643724
-0.33348648027411215	cosine	12.0	8.0	10.0	0.41316712200642364	0.03074837886955296
0.678653197388703	cosine	12.0	10.0	8.0	0.508513380930983	0.01068384436354423
-0.6287743825297492	cosine	12.0	4.0	6.0	0.33096525947692135	0.06708239491800405
1.038395863226753	cosine	12.0	12.0	2.0	0.42552676218461316	0.027061931661110435
-0.7637978168354097	cosine	12.0	12.0	8.0	0.5117663157191593	0.010275152505006458
0.8013013514645472	cosine	12.0	12.0	10.0	0.38770175433269644	0.03965908586713749
0.25548962909019496	cosine	12.0	8.0	2.0	0.5737985964123907	0.004703590814103545
0.6346520545294129	cosine	12.0	6.0	8.0	0.15891043154093218	0.2360104104586807
0.11576573115822099	cosine	12.0	10.0	12.0	0.29465333329284926	0.09117756893125428
0.7700593384368342	cosine	12.0	0.0	10.0	0.37518323968843365	0.044753897420978433
-1.8424591085949562	cosine	12.0	8.0	10.0	0.19069251784911861	0.19405940885016393
-1.2062044702571062	cosine	12.0	12.0	2.0	0.42552676218461316	0.027061931661110435
0.4200212192177184	cosine	12.0	12.0	6.0	0.5231388366621645	0.008951565507853972
0.15221866452774716	cosine	12.0	12.0	10.0	0.35668561398608073	0.053232974601062806
-1.1802801603925681	cosine	12.0	6.0	12.0	0.3385016001931653	0.06276288318311772
-0.9913474074336204	cosine	12.0	6.0	0.0	0.35668561398608073	0.053232974601062806
0.896417586348641	cosine	12.0	4.0	6.0	0.2994447585743574	0.08767317792776053
1.1573309068944302	cosine	12.0	6.0	8.0	0.34960294939005077	0.05679866795607516
0.9127118576633552	cosine	12.0	6.0	4.0	0.488567763989741	0.013512582066973257
1.3070629904240125	cosine	12.0	8.0	10.0	0.09534625892455931	0.3330462617847142
0.16432165730169873	cosine	12.0	10.0	8.0	0.4767312946227965	0.015480063791539503
-0.02876725652755568	cosine	12.0	10.0	4.0	0.24618298195866567	0.13260270265321483
-0.5759680507595533	cosine	12.0	8.0	6.0	0.34960294939005077	0.05679866795607516
-1.0882031649334474	cosine	12.0	2.0	4.0	0.36248576037948527	0.05044712112711767
0.3711759081092612	cosine	12.0	0.0	10.0	0.5002443195845782	0.011787064559833655
1.1818778516049777	cosine	12.0	4.0	6.0	0.2364037567692295	0.1423291682149232
-1.0413553108685245	cosine	12.0	4.0	10.0	0.6462303276414973	0.001723933898960118
0.047942247398350187	cosine	12.0	6.0	8.0	0.6038596398555423	0.0031385812005819934
2.545253061550408	cosine	12.0	2.0	4.0	0.520088264892305	0.009291071757416634
0.327372464168301	cosine	12.0	2.0	6.0	0.5002443195845782	0.011787064559833655
-1.037797031229234	cosine	12.0	6.0	8.0	0.31782086308186436	0.07516173316558697
0.981787069528619	cosine	12.0	6.0	4.0	0.42552676218461316	0.027061931661110435
0.5187851704885172	cosine	12.0	4.0	6.0	0.2994447585743574	0.08767317792776053
-0.5327123038632763	cosine	12.0	10.0	6.0	0.48075017537254355	0.014786104244078217
0.8923957466402003	cosine	12.0	8.0	2.0	0.41871789467931214	0.02904431653896035
1.0186990382171996	cosine	12.0	0.0	10.0	0.31265269974036136	0.07853426938217861
-0.07244601995556468	cosine	12.0	12.0	10.0	0.29465333329284926	0.09117756893125428
0.06620641137832263	cosine	12.0	8.0	10.0	0.2542566904654915	0.12492539106643724
0.4821858876410257	cosine	12.0	10.0	8.0	0.41316712200642364	0.03074837886955296
-1.0397244127325864	cosine	12.0	4.0	2.0	0.26792425767179345	0.11264743725548343
0.004680201307675734	cosine	12.0	4.0	6.0	0.42552676218461316	0.027061931661110435
0.9104213135155529	cosine	12.0	12.0	2.0	0.5831292666974328	0.004156084107205838
-0.28640153856117057	cosine	12.0	8.0	6.0	0.41316712200642364	0.03074837886955296
0.31756490242707347	cosine	12.0	6.0	8.0	0.4767312946227965	0.015480063791539503
0.8506579426433074	cosine	12.0	2.0	12.0	0.26792425767179345	0.11264743725548343
1.0858921836641677	cosine	12.0	8.0	4.0	0.5117663157191593	0.010275152505006458
-1.0128795694533734	cosine	12.0	8.0	6.0	0.508513380930983	0.01068384436354423
-0.9483596881216401	cosine	12.0	0.0	4.0	0.40644850966246976	0.03292085287309089
0.3313999597363288	cosine	12.0	6.0	8.0	0.34960294939005077	0.05679866795607516
-0.6058297266213697	cosine	12.0	8.0	10.0	0.2542566904654915	0.12492539106643724
-1.9919359382294863	cosine	12.0	4.0	6.0	0.488567763989741	0.013512582066973257
0.09540114227614727	cosine	12.0	12.0	2.0	0.5831292666974328	0.004156084107205838
0.7832709651598652	cosine	12.0	4.0	10.0	0.21541010921383247	0.16480480916667006
-1.2947751805630903	cosine	12.0	0.0	10.0	0.2501221597922891	0.12881724171626302
-0.4153967969547913	cosine	12.0	6.0	8.0	0.41316712200642364	0.03074837886955296
-0.6749713883852684	cosine	12.0	8.0	4.0	0.325669473639465	0.07025277592236653
0.051372691974471495	cosine	12.0	6.0	12.0	0.49236596391733134	0.012928792206995913
0.5883017117933793	cosine	12.0	2.0	6.0	0.46897904961054204	0.016897895516253123
-0.3873909574842955	cosine	12.0	8.0	2.0	0.7288792981454693	0.0004855762269990423
-0.4901011750693105	cosine	12.0	4.0	8.0	0.38770175433269644	0.03965908586713749
-0.9115266908326511	cosine	12.0	12.0	10.0	0.29465333329284926	0.09117756893125428
-0.735443343911938	cosine	12.0	12.0	2.0	0.520088264892305	0.009291071757416634
-0.2394838851477712	cosine	12.0	12.0	6.0	0.24618298195866567	0.13260270265321483
0.4839740583144512	cosine	12.0	4.0	6.0	0.17336275496410164	0.21634316011970334
1.6328480751156136	cosine	12.0	6.0	8.0	0.31782086308186436	0.07516173316558697
-0.2155608809396608	cosine	12.0	8.0	10.0	0.38138503569823723	0.042167604419924586
1.3233651667191597	cosine	12.0	4.0	2.0	0.2994447585743574	0.08767317792776053
-0.013241379317403512	cosine	12.0	12.0	2.0	0.488567763989741	0.013512582066973257
0.2572757971238933	cosine	12.0	8.0	6.0	0.5402954672391693	0.0072373318982772135
-1.0366084875143744	cosine	12.0	8.0	12.0	0.325669473639465	0.07025277592236653
-0.4511006969591717	cosine	12.0	4.0	0.0	0.34391796971439753	0.05979464037584733
-0.9830094141262139	cosine	12.0	4.0	2.0	0.26792425767179345	0.11264743725548343
0.6800782703119079	cosine	12.0	6.0	8.0	0.34960294939005077	0.05679866795607516
1.9498837638836988	cosine	12.0	2.0	12.0	0.33096525947692135	0.06708239491800405
0.1233434369505813	cosine	12.0	12.0	2.0	0.4570472630871771	0.01929656018546278
-0.18075436469993408	cosine	12.0	4.0	2.0	0.2364037567692295	0.1423291682149232
1.24667289450547	cosine	12.0	2.0	12.0	0.26792425767179345	0.11264743725548343
-0.994090223713595	cosine	12.0	0.0	2.0	0.520088264892305	0.009291071757416634
2.2068006424858573	cosine	12.0	4.0	6.0	0.36248576037948527	0.05044712112711767
1.0255117831311154	cosine	12.0	10.0	0.0	0.37518323968843365	0.044753897420978433
-0.04464799690068896	cosine	12.0	8.0	6.0	0.5720775535473558	0.004811332704071246
0.9043312162368812	cosine	12.0	6.0	4.0	0.36248576037948527	0.05044712112711767
-0.4420806448821983	cosine	12.0	12.0	2.0	0.11032175315897377	0.30878653769005726
0.14579866702758615	cosine	12.0	2.0	12.0	0.36248576037948527	0.05044712112711767
0.2570608586183834	cosine	12.0	0.0	8.0	0.5627748595326505	0.005432675743650132
-1.7272381092734856	cosine	12.0	4.0	12.0	0.6048147367590064	0.0030976341623523166
1.9218635355226068	cosine	12.0	10.0	8.0	0.22247460415730505	0.1569979267286259
-0.8636783238814952	cosine	12.0	10.0	6.0	0.44973403502592785	0.02090527421057417
0.4069085459633163	cosine	12.0	2.0	12.0	0.33096525947692135	0.06708239491800405
-0.7239470162475974	cosine	12.0	8.0	10.0	0.6038596398555423	0.0031385812005819934
-1.8769671864117	cosine	12.0	8.0	6.0	0.41316712200642364	0.03074837886955296
-0.7777481171388008	cosine	12.0	2.0	6.0	0.37518323968843365	0.044753897420978433
-0.5050078741280852	cosine	12.0	6.0	8.0	0.38138503569823723	0.042167604419924586
0.6493508548273056	cosine	12.0	2.0	4.0	0.3940062612820492	0.037277784955182205
0.3383039816738786	cosine	12.0	10.0	4.0	0.5231388366621645	0.008951565507853972
-0.2293850301716194	cosine	12.0	6.0	4.0	0.2994447585743574	0.08767317792776053
1.7467130563071445	cosine	12.0	12.0	2.0	0.17336275496410164	0.21634316011970334
-2.2542073680621653	cosine	12.0	10.0	8.0	0.22247460415730505	0.1569979267286259
0.14493000154468838	cosine	12.0	6.0	8.0	0.22247460415730505	0.1569979267286259
0.03959974615628499	cosine	12.0	12.0	2.0	0.42552676218461316	0.027061931661110435
-0.29501951239706814	cosine	12.0	4.0	6.0	0.5516087657948688	0.006271913590386279
0.0648038803914356	cosine	12.0	2.0	4.0	0.42552676218461316	0.027061931661110435
-0.11656319647075924	cosine	12.0	4.0	6.0	0.3940062612820492	0.037277784955182205
-0.5265842617909029	cosine	12.0	0.0	2.0	0.5516087657948688	0.006271913590386279
1.0431980042195486	cosine	12.0	10.0	8.0	0.2860387767736779	0.0977376033412587
-1.9998628823860907	cosine	12.0	4.0	8.0	0.6358308771056221	0.0020033371474573332
-0.10011587934786806	cosine	12.0	6.0	4.0	0.488567763989741	0.013512582066973257
0.6377196067484165	cosine	12.0	6.0	0.0	0.542782456065775	0.007014531725125648
-0.5481580685983422	cosine	12.0	8.0	6.0	0.22247460415730505	0.1569979267286259
-0.6626907942778535	cosine	12.0	6.0	4.0	0.33096525947692135	0.06708239491800405
-0.3386832851976282	cosine	12.0	10.0	8.0	0.31782086308186436	0.07516173316558697
0.7898160095529352	cosine	12.0	12.0	10.0	0.20160491225300214	0.18077354211323055
0.14779072901218848	cosine	12.0	2.0	4.0	0.36248576037948527	0.05044712112711767
-1.5678773238521597	cosine	12.0	6.0	2.0	0.09379580992210841	0.3356006186019033
1.5489575393404735	cosine	12.0	4.0	8.0	0.542782456065775	0.007014531725125648
-1.7111867464861015	cosine	12.0	6.0	8.0	0.2542566904654915	0.12492539106643724
0.14849127605724854	cosine	12.0	2.0	4.0	0.3940062612820492	0.037277784955182205
-0.15948247235937285	cosine	12.0	0.0	8.0	0.43771377963650593	0.02379564823412834
0.8046560039635081	cosine	12.0	12.0	4.0	0.44973403502592785	0.02090527421057417
0.47029570415903577	cosine	12.0	10.0	8.0	0.2860387767736779	0.0977376033412587
0.7235389872976504	cosine	12.0	6.0	12.0	0.15386436372416604	0.24310248602607393
-0.4880548862995829	cosine	12.0	12.0	4.0	0.5737985964123907	0.004703590814103545
0.3985220055495968	cosine	12.0	4.0	10.0	0.5231388366621645	0.008951565507853972
-1.388222544823134	cosine	12.0	4.0	8.0	0.41871789467931214	0.02904431653896035
-0.37995430559322935	cosine	12.0	2.0	4.0	0.488567763989741	0.013512582066973257
0.17287501816226977	cosine	12.0	0.0	2.0	0.33096525947692135	0.06708239491800405
0.7323593665729503	cosine	12.0	8.0	6.0	0.6356417261637287	0.0020087796364305814
0.45765049469547847	cosine	12.0	4.0	10.0	0.5231388366621645	0.008951565507853972
0.40278652781136526	cosine	12.0	6.0	8.0	0.508513380930983	0.01068384436354423
0.26799949718563587	cosine	12.0	6.0	12.0	0.3077287274483321	0.08185299552131142
-0.9375433297615862	cosine	12.0	4.0	12.0	0.41871789467931214	0.02904431653896035
-0.05452339656819519	cosine	12.0	2.0	4.0	0.2048832558666656	0.1768962477431396
0.07583691051992833	cosine	12.0	2.0	4.0	0.3940062612820492	0.037277784955182205
-0.15833102052260073	cosine	12.0	6.0	4.0	0.26792425767179345	0.11264743725548343
0.5646670065308941	cosine	12.0	12.0	2.0	0.2994447585743574	0.08767317792776053
-0.839831666909585	cosine	12.0	10.0	0.0	0.2501221597922891	0.12881724171626302
0.8848557585047494	cosine	12.0	8.0	10.0	0.4767312946227965	0.015480063791539503
-0.41363681703201893	cosine	12.0	12.0	8.0	0.44973403502592785	0.02090527421057417
-1.075948477917519	cosine	12.0	2.0	0.0	0.42552676218461316	0.027061931661110435
-1.4101037705306878	cosine	12.0	10.0	8.0	0.5402954672391693	0.0072373318982772135
-1.107385618730138	cosine	12.0	10.0	8.0	0.41316712200642364	0.03074837886955296
0.9103549126185309	cosine	12.0	6.0	4.0	0.2364037567692295	0.1423291682149232
-0.05678220633217707	cosine	12.0	2.0	12.0	0.3940062612820492	0.037277784955182205
-1.4372893598648457	cosine	12.0	4.0	6.0	0.33096525947692135	0.06708239491800405
-0.21285688692135554	cosine	12.0	2.0	6.0	0.40644850966246976	0.03292085287309089
1.5254551381756847	cosine	12.0	2.0	12.0	0.2994447585743574	0.08767317792776053
-2.3986123527529255	cosine	12.0	4.0	2.0	0.26792425767179345	0.11264743725548343
0.07412063184399066	cosine	12.0	8.0	10.0	0.41316712200642364	0.03074837886955296
0.9906529501999387	cosine	12.0	12.0	4.0	0.5737985964123907	0.004703590814103545
-0.5270998456088901	cosine	12.0	4.0	2.0	0.2994447585743574	0.08767317792776053
2.323449487780192	cosine	12.0	12.0	4.0	0.6358308771056221	0.0020033371474573332
0.029806750318238904	cosine	12.0	10.0	12.0	0.29465333329284926	0.09117756893125428
-1.3432005463499368	cosine	12.0	2.0	6.0	0.6565706694547588	0.001481745846560898
-0.11874754934765781	cosine	12.0	10.0	12.0	0.542782456065775	0.007014531725125648
-0.9796305199610137	cosine	12.0	2.0	6.0	0.31265269974036136	0.07853426938217861
0.08465986869992931	cosine	12.0	4.0	6.0	0.33096525947692135	0.06708239491800405
-0.04983732561363463	cosine	12.0	10.0	8.0	0.508513380930983	0.01068384436354423
1.7366757004051074	cosine	12.0	6.0	8.0	0.4767312946227965	0.015480063791539503
-1.0554004695102503	cosine	12.0	0.0	10.0	0.5002443195845782	0.011787064559833655
0.6146068078113501	cosine	12.0	2.0	12.0	0.520088264892305	0.009291071757416634
-1.6264419942036685	cosine	12.0	8.0	4.0	0.6358308771056221	0.0020033371474573332
1.9230568355436193	cosine	12.0	10.0	8.0	0.34960294939005077	0.05679866795607516
0.23846676077417964	cosine	12.0	10.0	8.0	0.508513380930983	0.01068384436354423
-2.7315719698926384	cosine	12.0	4.0	2.0	0.26792425767179345	0.11264743725548343
0.32363170789876694	cosine	12.0	12.0	10.0	0.23262105259961785	0.14621780365458337
2.569085658570867	cosine	12.0	0.0	10.0	0.15632634987018068	0.23962792898088553
-0.6957712983725732	cosine	12.0	8.0	6.0	0.508513380930983	0.01068384436354423
0.750779759319066	cosine	12.0	10.0	8.0	0.508513380930983	0.01068384436354423
0.42572963291014515	cosine	12.0	10.0	6.0	0.542782456065775	0.007014531725125648
-0.7767429950690358	cosine	12.0	4.0	6.0	0.36248576037948527	0.05044712112711767
0.0574901975498924	cosine	12.0	0.0	2.0	0.2994447585743574	0.08767317792776053
0.37607859572259306	cosine	12.0	6.0	8.0	0.19069251784911861	0.19405940885016393
-0.3151411868182932	cosine	12.0	10.0	8.0	0.38138503569823723	0.042167604419924586
-1.7203833999476004	cosine	12.0	4.0	6.0	0.33096525947692135	0.06708239491800405
0.4439274050896803	cosine	12.0	2.0	8.0	0.35668561398608073	0.053232974601062806
1.6049000999033984	cosine	12.0	6.0	8.0	0.508513380930983	0.01068384436354423
-0.7821850546060407	cosine	12.0	8.0	6.0	0.15891043154093218	0.2360104104586807
-0.607014617831274	cosine	12.0	0.0	6.0	0.542782456065775	0.007014531725125648
1.6495616260378636	cosine	12.0	12.0	2.0	0.7407317712102525	0.00040057811829428313
-1.514879558653751	cosine	12.0	12.0	4.0	0.26363719294623356	0.11640217218244758
0.33354735660874163	cosine	12.0	12.0	6.0	0.3385016001931653	0.06276288318311772
-1.251568381608767	cosine	12.0	8.0	2.0	0.6048147367590064	0.0030976341623523166
-1.4583329172632866	cosine	12.0	8.0	6.0	0.41316712200642364	0.03074837886955296
-0.15923137188040845	cosine	12.0	4.0	2.0	0.36248576037948527	0.05044712112711767
-0.5984344538727837	cosine	12.0	4.0	6.0	0.4570472630871771	0.01929656018546278
-0.5086122709220224	cosine	12.0	12.0	6.0	0.46159309117249814	0.018350598749125858
-1.0260065583412006	cosine	12.0	10.0	12.0	0.29465333329284926	0.09117756893125428
0.1264658114738574	cosine	12.0	2.0	4.0	0.4570472630871771	0.01929656018546278
0.33889668765956815	cosine	12.0	4.0	2.0	0.36248576037948527	0.05044712112711767
0.3985491645645546	cosine	12.0	2.0	0.0	0.33096525947692135	0.06708239491800405
-0.7118443796777526	cosine	12.0	4.0	2.0	0.2994447585743574	0.08767317792776053
-0.13436062970936063	cosine	12.0	2.0	12.0	0.36248576037948527	0.05044712112711767
1.2032098505418605	cosine	12.0	4.0	6.0	0.33096525947692135	0.06708239491800405
-0.4202124463765075	cosine	12.0	6.0	4.0	0.2994447585743574	0.08767317792776053
1.3793085243232723	cosine	12.0	4.0	8.0	0.29465333329284926	0.09117756893125428
1.3030716671104239	cosine	12.0	8.0	0.0	0.5627748595326505	0.005432675743650132
-1.0784774344019343	cosine	12.0	8.0	4.0	0.35668561398608073	0.053232974601062806
0.6708244174928131	cosine	12.0	0.0	4.0	0.31265269974036136	0.07853426938217861
-0.7218383460625275	cosine	12.0	2.0	8.0	0.29465333329284926	0.09117756893125428
0.4648072673881342	cosine	12.0	4.0	0.0	0.6565706694547588	0.001481745846560898
-0.2573119442702884	cosine	12.0	8.0	2.0	0.38770175433269644	0.03965908586713749
-0.6781972784133307	cosine	12.0	6.0	12.0	0.24618298195866567	0.13260270265321483
0.14148552026064548	cosine	12.0	2.0	6.0	0.12506107989614454	0.2856969100727392
-0.18789033210754208	cosine	12.0	0.0	6.0	0.5737985964123907	0.004703590814103545
1.3805370599098374	cosine	12.0	6.0	8.0	0.38138503569823723	0.042167604419924586
-1.7139114820209815	cosine	12.0	2.0	12.0	0.17336275496410164	0.21634316011970334
-0.7597880598472047	cosine	12.0	6.0	4.0	0.26792425767179345	0.11264743725548343
0.006128367823034961	cosine	12.0	2.0	10.0	0.46897904961054204	0.016897895516253123
-0.5563035977478296	cosine	12.0	6.0	4.0	0.36248576037948527	0.05044712112711767
0.32783290715740115	cosine	12.0	6.0	8.0	0.2860387767736779	0.0977376033412587
-0.511053207034658	cosine	12.0	10.0	8.0	0.2860387767736779	0.0977376033412587
0.9203283396992263	cosine	12.0	10.0	4.0	0.46159309117249814	0.018350598749125858
-0.7194546926568351	cosine	12.0	12.0	8.0	0.44973403502592785	0.02090527421057417
1.0533857903308312	cosine	12.0	8.0	6.0	0.5720775535473558	0.004811332704071246
0.16273777806102138	cosine	12.0	10.0	6.0	0.41871789467931214	0.02904431653896035
-0.7514927888662797	cosine	12.0	10.0	8.0	0.4449492083146101	0.022018113736134944
2.458795488370346	cosine	12.0	10.0	8.0	0.38138503569823723	0.042167604419924586
0.26415610075657964	cosine	12.0	6.0	10.0	0.41871789467931214	0.02904431653896035
-0.8764408081666073	cosine	12.0	0.0	8.0	0.34391796971439753	0.05979464037584733
-1.188540937611858	cosine	12.0	8.0	6.0	0.508513380930983	0.01068384436354423
1.1896748814269622	cosine	12.0	4.0	0.0	0.31265269974036136	0.07853426938217861
-0.5549711392365327	cosine	12.0	2.0	4.0	0.36248576037948527	0.05044712112711767
1.5880486948308243	cosine	12.0	4.0	2.0	0.2994447585743574	0.08767317792776053
0.7230226435213327	cosine	12.0	12.0	8.0	0.48075017537254355	0.014786104244078217
1.9211409999207492	cosine	12.0	6.0	10.0	0.26363719294623356	0.11640217218244758
-1.183703412426948	cosine	12.0	10.0	4.0	0.46159309117249814	0.018350598749125858
-0.462049428499088	cosine	12.0	8.0	6.0	0.41316712200642364	0.03074837886955296
0.3587881659451907	cosine	12.0	2.0	6.0	0.46897904961054204	0.016897895516253123
1.9801051742285625	cosine	12.0	0.0	2.0	0.488567763989741	0.013512582066973257
2.6010984354091917	cosine	12.0	6.0	10.0	0.48075017537254355	0.014786104244078217
0.7067240263537181	cosine	12.0	6.0	8.0	0.34960294939005077	0.05679866795607516
0.26099544451497575	cosine	12.0	6.0	8.0	0.2542566904654915	0.12492539106643724
0.585290054845552	cosine	12.0	8.0	10.0	0.34960294939005077	0.05679866795607516
-0.30579480432617445	cosine	12.0	2.0	12.0	0.6776907694051246	0.001080787662488592
-0.33861822558466353	cosine	12.0	8.0	10.0	0.5402954672391693	0.0072373318982772135
0.37025695181797746	cosine	12.0	12.0	6.0	0.3385016001931653	0.06276288318311772
-0.16069426958463598	cosine	12.0	6.0	2.0	0.7503664793768673	0.00034189223478594356
-0.10422899043077778	cosine	12.0	4.0	0.0	0.37518323968843365	0.044753897420978433
-0.21581859938993395	cosine	12.0	6.0	2.0	0.43771377963650593	0.02379564823412834
-0.15836597028415375	cosine	12.0	12.0	8.0	0.44973403502592785	0.02090527421057417
0.7646838920147856	cosine	12.0	2.0	6.0	0.43771377963650593	0.02379564823412834
-0.21684086336532965	cosine	12.0	0.0	10.0	0.18759161984421682	0.1979406704679717
-0.7849507104037909	cosine	12.0	8.0	6.0	0.5402954672391693	0.0072373318982772135
0.3056011217344109	cosine	12.0	2.0	8.0	0.48075017537254355	0.014786104244078217
0.16729738326602753	cosine	12.0	4.0	6.0	0.488567763989741	0.013512582066973257
0.11828137616138644	cosine	12.0	12.0	6.0	0.3077287274483321	0.08185299552131142
-1.0592179316662456	cosine	12.0	10.0	2.0	0.37518323968843365	0.044753897420978433
-0.8469401894585313	cosine	12.0	10.0	0.0	0.43771377963650593	0.02379564823412834
1.0039414999454501	cosine	12.0	4.0	12.0	0.48075017537254355	0.014786104244078217
1.4290996748166662	cosine	12.0	10.0	12.0	0.26363719294623356	0.11640217218244758
-0.9965160963758253	cosine	12.0	8.0	10.0	0.31782086308186436	0.07516173316558697
0.18087009022266307	cosine	12.0	8.0	4.0	0.48075017537254355	0.014786104244078217
0.029759014355991712	cosine	12.0	2.0	6.0	0.5940401295066866	0.0035886947605967253
0.38438398031510956	cosine	12.0	10.0	12.0	0.6358308771056221	0.0020033371474573332
0.9017734042995061	cosine	12.0	2.0	10.0	0.21885688981825296	0.16096491949833142
0.22666434284971265	cosine	12.0	6.0	4.0	0.36248576037948527	0.05044712112711767
1.0234165696663364	cosine	12.0	12.0	2.0	0.5516087657948688	0.006271913590386279
-1.2141884812879429	cosine	12.0	10.0	0.0	0.21885688981825296	0.16096491949833142
-0.8600451257892667	cosine	12.0	12.0	6.0	0.21541010921383247	0.16480480916667006
0.0976470281637634	cosine	12.0	6.0	0.0	0.5117663157191593	0.010275152505006458
-1.8087405688179814	cosine	12.0	4.0	6.0	0.14184225406153772	0.26045348007935765
-0.028318530007129954	cosine	12.0	6.0	8.0	0.508513380930983	0.01068384436354423
0.9551362249667198	cosine	12.0	0.0	2.0	0.2048832558666656	0.1768962477431396
2.165643333211567	cosine	12.0	12.0	2.0	0.26792425767179345	0.11264743725548343
0.5188745421639129	cosine	12.0	8.0	4.0	0.41871789467931214	0.02904431653896035
-0.3966438683781286	cosine	12.0	10.0	8.0	0.34960294939005077	0.05679866795607516
0.1843412013564028	cosine	12.0	6.0	0.0	0.35668561398608073	0.053232974601062806
-0.19172269664652708	cosine	12.0	10.0	8.0	0.2542566904654915	0.12492539106643724
0.5531567128619601	cosine	12.0	6.0	12.0	0.24618298195866567	0.13260270265321483
-0.12353949176369874	cosine	12.0	8.0	10.0	0.19069251784911861	0.19405940885016393
-0.30818979622024095	cosine	12.0	6.0	8.0	0.34960294939005077	0.05679866795607516
0.12677548378304884	cosine	12.0	6.0	8.0	0.38138503569823723	0.042167604419924586
-0.7698647255501593	cosine	12.0	0.0	10.0	0.46897904961054204	0.016897895516253123
1.3747557253398726	cosine	12.0	10.0	2.0	0.40644850966246976	0.03292085287309089
1.172724505643654	cosine	12.0	0.0	6.0	0.17058877190638644	0.22004281389555647
0.6497712268600403	cosine	12.0	10.0	12.0	0.6358308771056221	0.0020033371474573332
-0.4603160213427862	cosine	12.0	12.0	6.0	0.5539117094069977	0.006089982172122457
-0.2762721370040345	cosine	12.0	2.0	12.0	0.2364037567692295	0.1423291682149232
0.2501402526179323	cosine	12.0	4.0	12.0	0.38770175433269644	0.03965908586713749
0.6047661924833249	cosine	12.0	0.0	8.0	0.37518323968843365	0.044753897420978433
1.3277954780909065	cosine	12.0	2.0	4.0	0.36248576037948527	0.05044712112711767
-0.09364462686534937	cosine	12.0	4.0	2.0	0.3940062612820492	0.037277784955182205
0.6409589150485668	cosine	12.0	10.0	2.0	0.5002443195845782	0.011787064559833655
-1.3624989343625686	cosine	12.0	6.0	8.0	0.2860387767736779	0.0977376033412587
-0.30253045451547006	cosine	12.0	6.0	2.0	0.2501221597922891	0.12881724171626302
-0.5497611865826088	cosine	12.0	0.0	10.0	0.40644850966246976	0.03292085287309089
1.674482673936392	cosine	12.0	4.0	2.0	0.6146497675999968	0.002703128848699784
-0.5959464913438756	cosine	12.0	2.0	12.0	0.3940062612820492	0.037277784955182205
-0.4171979282631344	cosine	12.0	12.0	2.0	0.2048832558666656	0.1768962477431396
-0.8104637493522755	cosine	12.0	2.0	0.0	0.26792425767179345	0.11264743725548343
-0.3193229080604	cosine	12.0	4.0	6.0	0.3940062612820492	0.037277784955182205
0.32268310716365084	cosine	12.0	6.0	4.0	0.42552676218461316	0.027061931661110435
0.0669064245304751	cosine	12.0	0.0	2.0	0.26792425767179345	0.11264743725548343
-0.34540374090206755	cosine	12.0	6.0	12.0	0.3077287274483321	0.08185299552131142
0.016477627805331758	cosine	12.0	8.0	10.0	0.19069251784911861	0.19405940885016393
-1.428130190110804	cosine	12.0	10.0	6.0	0.44973403502592785	0.02090527421057417
1.8794980273109672	cosine	12.0	4.0	0.0	0.7503664793768673	0.00034189223478594356
2.0457619048448556	cosine	12.0	10.0	4.0	0.18463723646899924	0.20168182460565853
0.8702817576563594	cosine	12.0	2.0	10.0	0.43771377963650593	0.02379564823412834
0.6599822225181883	cosine	12.0	10.0	12.0	0.35668561398608073	0.053232974601062806
-0.2059341885348391	cosine	12.0	2.0	6.0	0.43771377963650593	0.02379564823412834
1.4828688360336686	cosine	12.0	6.0	4.0	0.36248576037948527	0.05044712112711767
0.3342564130757414	cosine	12.0	8.0	6.0	0.09534625892455931	0.3330462617847142
0.4735685897203505	cosine	12.0	0.0	4.0	0.34391796971439753	0.05979464037584733
1.242136341124503	cosine	12.0	8.0	6.0	0.4767312946227965	0.015480063791539503
0.4212543010249367	cosine	12.0	6.0	8.0	0.2542566904654915	0.12492539106643724
-0.7218466980740986	cosine	12.0	8.0	6.0	0.5402954672391693	0.0072373318982772135
0.34613109460948915	cosine	12.0	4.0	2.0	0.2048832558666656	0.1768962477431396
1.5593963110361404	cosine	12.0	8.0	10.0	0.22247460415730505	0.1569979267286259
0.11930098203316346	cosine	12.0	8.0	4.0	0.5117663157191593	0.010275152505006458
-1.4180538395432158	cosine	12.0	6.0	4.0	0.33096525947692135	0.06708239491800405
0.3605762118457013	cosine	12.0	8.0	6.0	0.31782086308186436	0.07516173316558697
0.13268219778842436	cosine	12.0	8.0	0.0	0.40644850966246976	0.03292085287309089
-0.6250882747701132	cosine	12.0	0.0	10.0	0.34391796971439753	0.05979464037584733
0.24782815942518863	cosine	12.0	6.0	4.0	0.4570472630871771	0.01929656018546278
0.8475185901750614	cosine	12.0	6.0	4.0	0.42552676218461316	0.027061931661110435
0.6924569884203289	cosine	12.0	12.0	2.0	0.3940062612820492	0.037277784955182205
-0.3271586220593625	cosine	12.0	12.0	6.0	0.3077287274483321	0.08185299552131142
2.4172686140100823	cosine	12.0	12.0	4.0	0.26363719294623356	0.11640217218244758
0.3469132357878658	cosine	12.0	12.0	4.0	0.35668561398608073	0.053232974601062806
0.33846799643115943	cosine	12.0	6.0	4.0	0.2994447585743574	0.08767317792776053
0.7761679124325696	cosine	12.0	2.0	8.0	0.26363719294623356	0.11640217218244758
0.14723598465453647	cosine	12.0	0.0	8.0	0.40644850966246976	0.03292085287309089
-1.7262744115857478	cosine	12.0	6.0	8.0	0.5720775535473558	0.004811332704071246
0.4881602507280111	cosine	12.0	6.0	4.0	0.2994447585743574	0.08767317792776053
-1.206936469410879	cosine	12.0	6.0	10.0	0.29465333329284926	0.09117756893125428
0.17986670321369314	cosine	12.0	6.0	4.0	0.36248576037948527	0.05044712112711767
0.520645326726531	cosine	12.0	8.0	12.0	0.5117663157191593	0.010275152505006458
-0.8196312251664549	cosine	12.0	4.0	10.0	0.43082021842766494	0.02559992123005601
-0.3106249849687353	cosine	12.0	8.0	6.0	0.5402954672391693	0.0072373318982772135
-0.2756210804552493	cosine	12.0	8.0	6.0	0.6674238124719151	0.0012612939717876347
0.042188025724806906	cosine	12.0	6.0	4.0	0.36248576037948527	0.05044712112711767
1.0563504667126504	cosine	12.0	0.0	8.0	0.31265269974036136	0.07853426938217861
-1.554462218887654	cosine	12.0	8.0	10.0	0.41316712200642364	0.03074837886955296
-0.9450191256036168	cosine	12.0	12.0	2.0	0.7407317712102525	0.00040057811829428313
1.2705429850902799	cosine	12.0	6.0	2.0	0.5940401295066866	0.0035886947605967253
1.4795767280817624	cosine	12.0	10.0	8.0	0.2542566904654915	0.12492539106643724
-0.9720433523993577	cosine	12.0	10.0	8.0	0.6038596398555423	0.0031385812005819934
-0.5452243939974335	cosine	12.0	0.0	4.0	0.40644850966246976	0.03292085287309089
-0.1825127971413255	cosine	12.0	4.0	6.0	0.33096525947692135	0.06708239491800405
0.47363842336273115	cosine	12.0	2.0	12.0	0.33096525947692135	0.06708239491800405
0.03283765968073717	cosine	12.0	4.0	8.0	0.48075017537254355	0.014786104244078217
-0.34895028973692077	cosine	12.0	2.0	6.0	0.5315095895586144	0.008075181454718987
1.9863886113230378	cosine	12.0	12.0	6.0	0.46159309117249814	0.018350598749125858
1.7875188250163856	cosine	12.0	8.0	4.0	0.41871789467931214	0.02904431653896035
0.27601498832048676	cosine	12.0	0.0	2.0	0.36248576037948527	0.05044712112711767
-0.1217890190820515	cosine	12.0	6.0	0.0	0.44973403502592785	0.02090527421057417
-1.6881591495617156	cosine	12.0	8.0	6.0	0.19069251784911861	0.19405940885016393
1.3296053861581978	cosine	12.0	6.0	10.0	0.6978631577988536	0.0007932410229537244
1.0411601291498	cosine	12.0	2.0	6.0	0.5002443195845782	0.011787064559833655
1.4437321324528252	cosine	12.0	6.0	12.0	0.8000946913656635	0.00014669979589546759
1.2696247162577594	cosine	12.0	2.0	12.0	0.33096525947692135	0.06708239491800405
-0.8118828402582167	cosine	12.0	6.0	8.0	0.4767312946227965	0.015480063791539503
0.9302583606602528	cosine	12.0	10.0	0.0	0.37518323968843365	0.044753897420978433
-0.09806171540680589	cosine	12.0	4.0	6.0	0.488567763989741	0.013512582066973257
0.01906988792881598	cosine	12.0	6.0	2.0	0.40644850966246976	0.03292085287309089
-1.1095782458114432	cosine	12.0	4.0	6.0	0.2364037567692295	0.1423291682149232
0.15444204556167318	cosine	12.0	12.0	4.0	0.48075017537254355	0.014786104244078217
1.8947116696046908	cosine	12.0	8.0	4.0	0.26363719294623356	0.11640217218244758
-0.5390597203590074	cosine	12.0	2.0	10.0	0.31265269974036136	0.07853426938217861
-0.40484269060004785	cosine	12.0	8.0	10.0	0.2860387767736779	0.0977376033412587
0.31343480442841026	cosine	12.0	6.0	8.0	0.41316712200642364	0.03074837886955296
-0.8367607561724936	cosine	12.0	4.0	12.0	0.35668561398608073	0.053232974601062806
-0.4861712569899979	cosine	12.0	6.0	10.0	0.6978631577988536	0.0007932410229537244
-0.47841281507891703	cosine	12.0	2.0	4.0	0.33096525947692135	0.06708239491800405
-0.10225693169396076	cosine	12.0	2.0	0.0	0.5831292666974328	0.004156084107205838
-0.027722076070559393	cosine	12.0	10.0	8.0	0.31782086308186436	0.07516173316558697
-0.8796430851355012	cosine	12.0	2.0	4.0	0.5516087657948688	0.006271913590386279
1.7954085105245918	cosine	12.0	2.0	4.0	0.520088264892305	0.009291071757416634
1.655764431348852	cosine	12.0	6.0	4.0	0.26792425767179345	0.11264743725548343
0.47536730370545094	cosine	12.0	12.0	2.0	0.3940062612820492	0.037277784955182205
0.5782136410876075	cosine	12.0	2.0	6.0	0.34391796971439753	0.05979464037584733
0.6941934853148019	cosine	12.0	2.0	6.0	0.31265269974036136	0.07853426938217861
-1.422538592861698	cosine	12.0	6.0	4.0	0.4570472630871771	0.01929656018546278
1.2556907238272144	cosine	12.0	2.0	12.0	0.2364037567692295	0.1423291682149232
-0.9007235114297223	cosine	12.0	6.0	8.0	0.12712834523274574	0.282525295751344
-1.214232374377397	cosine	12.0	0.0	10.0	0.40644850966246976	0.03292085287309089
1.5723402676869582	cosine	12.0	2.0	8.0	0.5117663157191593	0.010275152505006458
-2.004877969676326	cosine	12.0	4.0	6.0	0.7407317712102525	0.00040057811829428313
-0.699170379907583	cosine	12.0	0.0	2.0	0.5831292666974328	0.004156084107205838
-0.7250396794665308	cosine	12.0	8.0	10.0	0.22247460415730505	0.1569979267286259
0.36748438464630007	cosine	12.0	10.0	0.0	0.34391796971439753	0.05979464037584733
0.20465958647950996	cosine	12.0	6.0	8.0	0.5402954672391693	0.0072373318982772135
1.2168657766821216	cosine	12.0	6.0	4.0	0.6461702685025607	0.001725440175873364
0.35100292742614475	cosine	12.0	4.0	2.0	0.3940062612820492	0.037277784955182205
0.1776563510780358	cosine	12.0	6.0	4.0	0.2048832558666656	0.1768962477431396
0.2671595187782748	cosine	12.0	2.0	12.0	0.42552676218461316	0.027061931661110435
-0.5966105655469836	cosine	12.0	6.0	10.0	0.23262105259961785	0.14621780365458337
-0.6135486960267429	cosine	12.0	10.0	8.0	0.2860387767736779	0.0977376033412587
-0.415738712632753	cosine	12.0	2.0	12.0	0.33096525947692135	0.06708239491800405
0.6430732980986851	cosine	12.0	4.0	12.0	0.26363719294623356	0.11640217218244758
-0.22822061533802807	cosine	12.0	10.0	12.0	0.26363719294623356	0.11640217218244758
0.8403120570416631	cosine	12.0	2.0	12.0	0.2048832558666656	0.1768962477431396
-1.3348012063703707	cosine	12.0	2.0	4.0	0.36248576037948527	0.05044712112711767
0.2113925238700898	cosine	12.0	4.0	12.0	0.325669473639465	0.07025277592236653
1.0486542753245462	cosine	12.0	8.0	6.0	0.508513380930983	0.01068384436354423
-0.5688070857190438	cosine	12.0	10.0	6.0	0.23262105259961785	0.14621780365458337
-0.5742320985522684	cosine	12.0	8.0	2.0	0.38770175433269644	0.03965908586713749
-0.3145334804798366	cosine	12.0	0.0	10.0	0.40644850966246976	0.03292085287309089
-0.7703048010504091	cosine	12.0	2.0	4.0	0.2994447585743574	0.08767317792776053
-1.1429095175297566	cosine	12.0	6.0	4.0	0.2364037567692295	0.1423291682149232
0.7475430518600381	cosine	12.0	4.0	0.0	0.43771377963650593	0.02379564823412834
-0.085472536807331	cosine	12.0	6.0	10.0	0.38770175433269644	0.03965908586713749
-1.4438230284699294	cosine	12.0	2.0	4.0	0.36248576037948527	0.05044712112711767
1.6346657899079304	cosine	12.0	0.0	10.0	0.43771377963650593	0.02379564823412834
0.3526999638558585	cosine	12.0	0.0	2.0	0.2994447585743574	0.08767317792776053
0.8860671642433963	cosine	12.0	10.0	0.0	0.28138742976632525	0.10142035953841916
-0.33216000784391503	cosine	12.0	4.0	6.0	0.33096525947692135	0.06708239491800405
-0.6342320929144333	cosine	12.0	2.0	0.0	0.42552676218461316	0.027061931661110435
0.21871239899002903	cosine	12.0	12.0	2.0	0.2994447585743574	0.08767317792776053
-1.6698036939353917	cosine	12.0	0.0	10.0	0.37518323968843365	0.044753897420978433
0.6844033553651504	cosine	12.0	6.0	10.0	0.44973403502592785	0.02090527421057417
-0.7949111760841231	cosine	12.0	4.0	6.0	0.36248576037948527	0.05044712112711767
-1.104555376978544	cosine	12.0	2.0	6.0	0.28138742976632525	0.10142035953841916
-0.26252565488832014	cosine	12.0	10.0	12.0	0.5117663157191593	0.010275152505006458
0.8546009381289905	cosine	12.0	6.0	8.0	0.4767312946227965	0.015480063791539503
-0.6713119653946528	cosine	12.0	6.0	4.0	0.36248576037948527	0.05044712112711767
0.0007114749905981029	cosine	12.0	4.0	2.0	0.42552676218461316	0.027061931661110435
2.266388894668586	cosine	12.0	8.0	6.0	0.38138503569823723	0.042167604419924586
-0.025014357167239022	cosine	12.0	2.0	8.0	0.5737985964123907	0.004703590814103545
1.636885717970526	cosine	12.0	12.0	2.0	0.520088264892305	0.009291071757416634
0.7463893499821577	cosine	12.0	8.0	6.0	0.6674238124719151	0.0012612939717876347
-0.46683125299966327	cosine	12.0	10.0	2.0	0.43771377963650593	0.02379564823412834
0.9319341056218599	cosine	12.0	12.0	6.0	0.27695585470349887	0.10502217458211738
-1.4179527234252982	cosine	12.0	0.0	2.0	0.33096525947692135	0.06708239491800405
-0.832303658591797	cosine	12.0	2.0	6.0	0.31265269974036136	0.07853426938217861
-1.3736506261031054	cosine	12.0	0.0	4.0	0.5940401295066866	0.0035886947605967253
0.24223176900425197	cosine	12.0	6.0	8.0	0.34960294939005077	0.05679866795607516
0.5530337870918489	cosine	12.0	12.0	8.0	0.44973403502592785	0.02090527421057417
-0.7401404582077982	cosine	12.0	12.0	6.0	0.3692744729379985	0.04733536431232824
-1.2122341025957692	cosine	12.0	12.0	4.0	0.48075017537254355	0.014786104244078217
0.21246685408753474	cosine	12.0	8.0	10.0	0.6356417261637287	0.0020087796364305814
0.5815886552253297	cosine	12.0	4.0	6.0	0.36248576037948527	0.05044712112711767
-1.9972733355531063	cosine	12.0	4.0	8.0	0.38770175433269644	0.03965908586713749
-0.15664178145903293	cosine	12.0	4.0	8.0	0.6358308771056221	0.0020033371474573332
0.5779179912170974	cosine	12.0	2.0	4.0	0.5516087657948688	0.006271913590386279
0.4746113912939953	cosine	12.0	8.0	10.0	0.31782086308186436	0.07516173316558697
-1.108002835267954	cosine	12.0	2.0	12.0	0.4570472630871771	0.01929656018546278
-1.0237489372693576	cosine	12.0	6.0	2.0	0.5940401295066866	0.0035886947605967253
0.9194474746878148	cosine	12.0	6.0	0.0	0.26363719294623356	0.11640217218244758
-1.055965472514302	cosine	12.0	4.0	0.0	0.43771377963650593	0.02379564823412834
1.0915799210953792	cosine	12.0	4.0	12.0	0.5117663157191593	0.010275152505006458
0.4930886822629494	cosine	12.0	2.0	6.0	0.6565706694547588	0.001481745846560898
0.19591844642559794	cosine	12.0	4.0	6.0	0.5516087657948688	0.006271913590386279
-1.438540754623867	cosine	12.0	4.0	0.0	0.31265269974036136	0.07853426938217861
0.8671830148526442	cosine	12.0	8.0	10.0	0.4449492083146101	0.022018113736134944
-0.48289879573946876	cosine	12.0	4.0	0.0	0.6565706694547588	0.001481745846560898
0.7652098391890897	cosine	12.0	2.0	4.0	0.4570472630871771	0.01929656018546278
0.43881937794642756	cosine	12.0	10.0	6.0	0.26363719294623356	0.11640217218244758
0.797501870321138	cosine	12.0	6.0	4.0	0.520088264892305	0.009291071757416634
-0.3798326630414714	cosine	12.0	8.0	6.0	0.41316712200642364	0.03074837886955296
1.2213455456589677	cosine	12.0	10.0	0.0	0.2501221597922891	0.12881724171626302
-0.6041503359143987	cosine	12.0	8.0	6.0	0.4449492083146101	0.022018113736134944
-0.8807079353532155	cosine	12.0	12.0	10.0	0.38770175433269644	0.03965908586713749
-1.3309759854440992	cosine	12.0	12.0	2.0	0.26792425767179345	0.11264743725548343
-0.23320111132376317	cosine	12.0	10.0	0.0	0.5940401295066866	0.0035886947605967253
1.2102161322202523	cosine	12.0	10.0	0.0	0.40644850966246976	0.03292085287309089
-1.2066542758236747	cosine	12.0	6.0	4.0	0.36248576037948527	0.05044712112711767
-0.5582073115708136	cosine	12.0	4.0	6.0	0.2994447585743574	0.08767317792776053
0.6528677737953005	cosine	12.0	6.0	10.0	0.6358308771056221	0.0020033371474573332
-0.510692008963347	cosine	12.0	0.0	8.0	0.28138742976632525	0.10142035953841916
-1.0990935307524488	cosine	12.0	6.0	10.0	0.23262105259961785	0.14621780365458337
-0.15131368096422704	cosine	12.0	8.0	6.0	0.34960294939005077	0.05679866795607516
-0.5135519248160398	cosine	12.0	2.0	6.0	0.31265269974036136	0.07853426938217861
0.7960860946055303	cosine	12.0	6.0	4.0	0.36248576037948527	0.05044712112711767
2.2840290688945246	cosine	12.0	0.0	6.0	0.38770175433269644	0.03965908586713749
0.7649916672734496	cosine	12.0	2.0	8.0	0.48075017537254355	0.014786104244078217
-0.3163183083897781	cosine	12.0	4.0	6.0	0.33096525947692135	0.06708239491800405
0.32652898693420895	cosine	12.0	12.0	10.0	0.48075017537254355	0.014786104244078217
0.5453110596888635	cosine	12.0	8.0	2.0	0.542782456065775	0.007014531725125648
0.26482433084388335	cosine	12.0	4.0	10.0	0.49236596391733134	0.012928792206995913
0.1344699276537746	cosine	12.0	12.0	2.0	0.520088264892305	0.009291071757416634
0.5232428499370358	cosine	12.0	2.0	12.0	0.6776907694051246	0.001080787662488592
0.9590393494835264	cosine	12.0	10.0	8.0	0.4449492083146101	0.022018113736134944
0.1920970449328917	cosine	12.0	0.0	10.0	0.34391796971439753	0.05979464037584733
-0.5168301003129789	cosine	12.0	10.0	2.0	0.43771377963650593	0.02379564823412834
1.913228899155018	cosine	12.0	8.0	4.0	0.44973403502592785	0.02090527421057417
-0.5130845420282213	cosine	12.0	2.0	12.0	0.2364037567692295	0.1423291682149232
-1.797864409058631	cosine	12.0	2.0	4.0	0.2364037567692295	0.1423291682149232
-0.5672772188120231	cosine	12.0	2.0	4.0	0.6146497675999968	0.002703128848699784
0.7189100589672064	cosine	12.0	2.0	0.0	0.33096525947692135	0.06708239491800405
-0.8334682435624063	cosine	12.0	0.0	10.0	0.43771377963650593	0.02379564823412834
0.484686888343108	cosine	12.0	4.0	0.0	0.5940401295066866	0.0035886947605967253
-0.15030471224928643	cosine	12.0	10.0	0.0	0.31265269974036136	0.07853426938217861
0.10519892878916523	cosine	12.0	8.0	6.0	0.2860387767736779	0.0977376033412587
-0.2506158600724852	cosine	12.0	2.0	4.0	0.33096525947692135	0.06708239491800405
-0.4106889260406382	cosine	12.0	8.0	10.0	0.34960294939005077	0.05679866795607516
-0.38098945992158345	cosine	12.0	2.0	0.0	0.2994447585743574	0.08767317792776053
0.8323854298059928	cosine	12.0	0.0	10.0	0.40644850966246976	0.03292085287309089
0.6552487689275367	cosine	12.0	4.0	2.0	0.2994447585743574	0.08767317792776053
0.3555256271191747	cosine	12.0	8.0	0.0	0.43771377963650593	0.02379564823412834
-0.4744282143872276	cosine	12.0	12.0	10.0	0.325669473639465	0.07025277592236653
0.3077596647671393	cosine	12.0	2.0	4.0	0.36248576037948527	0.05044712112711767
0.15097991423260443	cosine	12.0	10.0	4.0	0.49236596391733134	0.012928792206995913
-0.6089402719266931	cosine	12.0	6.0	8.0	0.41316712200642364	0.03074837886955296
0.93483495636853	cosine	12.0	4.0	8.0	0.38770175433269644	0.03965908586713749
0.05092014395446473	cosine	12.0	0.0	10.0	0.34391796971439753	0.05979464037584733
-0.9484212169633056	cosine	12.0	8.0	2.0	0.29465333329284926	0.09117756893125428
0.2847116967832512	cosine	12.0	8.0	6.0	0.34960294939005077	0.05679866795607516
-0.8226464460323023	cosine	12.0	8.0	6.0	0.31782086308186436	0.07516173316558697
0.2770765448579102	cosine	12.0	0.0	10.0	0.37518323968843365	0.044753897420978433
0.9750811964121352	cosine	12.0	12.0	2.0	0.42552676218461316	0.027061931661110435
-0.4492996337369055	cosine	12.0	10.0	8.0	0.31782086308186436	0.07516173316558697
-0.4025525856507593	cosine	12.0	12.0	2.0	0.3940062612820492	0.037277784955182205
-2.003304760692628	cosine	12.0	4.0	6.0	0.3940062612820492	0.037277784955182205
0.48895644474149713	cosine	12.0	6.0	4.0	0.36248576037948527	0.05044712112711767
0.3051753188879175	cosine	12.0	8.0	12.0	0.38770175433269644	0.03965908586713749
-0.5103802430981004	cosine	12.0	6.0	8.0	0.15891043154093218	0.2360104104586807
-1.718923956636246	cosine	12.0	12.0	10.0	0.41871789467931214	0.02904431653896035
0.09075843762565604	cosine	12.0	10.0	2.0	0.28138742976632525	0.10142035953841916
1.4432015310888224	cosine	12.0	4.0	2.0	0.520088264892305	0.009291071757416634
0.869448658715797	cosine	12.0	2.0	6.0	0.34391796971439753	0.05979464037584733
-0.14712766182813844	cosine	12.0	2.0	12.0	0.2994447585743574	0.08767317792776053
0.24912387226558722	cosine	12.0	6.0	8.0	0.508513380930983	0.01068384436354423
-1.7354709511179813	cosine	12.0	10.0	12.0	0.26363719294623356	0.11640217218244758
-1.2820127045647183	cosine	12.0	2.0	0.0	0.26792425767179345	0.11264743725548343
-3.1140427485069084	cosine	12.0	8.0	2.0	0.44973403502592785	0.02090527421057417
-0.2028603083315085	cosine	12.0	2.0	10.0	0.37518323968843365	0.044753897420978433
-0.7294359728824744	cosine	12.0	6.0	4.0	0.2994447585743574	0.08767317792776053
0.30607140942004635	cosine	12.0	2.0	6.0	0.5315095895586144	0.008075181454718987
2.232360601078087	cosine	12.0	2.0	8.0	0.38770175433269644	0.03965908586713749
0.8053865714886606	cosine	12.0	8.0	10.0	0.34960294939005077	0.05679866795607516
0.415269322468685	cosine	12.0	6.0	8.0	0.6356417261637287	0.0020087796364305814
-1.9001173628302128	cosine	12.0	4.0	12.0	0.44973403502592785	0.02090527421057417
0.5217261051352039	cosine	12.0	8.0	10.0	0.38138503569823723	0.042167604419924586
0.1685298624969339	cosine	12.0	4.0	12.0	0.48075017537254355	0.014786104244078217
-1.1167949780399964	cosine	12.0	8.0	6.0	0.38138503569823723	0.042167604419924586
-0.43781614945964553	cosine	12.0	10.0	2.0	0.37518323968843365	0.044753897420978433
-0.34828351062429946	cosine	12.0	4.0	6.0	0.3940062612820492	0.037277784955182205
0.5764239600733007	cosine	12.0	12.0	6.0	0.5231388366621645	0.008951565507853972
1.52157961208207	cosine	12.0	12.0	10.0	0.44973403502592785	0.02090527421057417
1.1280990801671529	cosine	12.0	10.0	8.0	0.5402954672391693	0.0072373318982772135
-0.5660146112951644	cosine	12.0	4.0	0.0	0.5315095895586144	0.008075181454718987
0.6981270849825401	cosine	12.0	10.0	2.0	0.5627748595326505	0.005432675743650132
-0.021741159834299143	cosine	12.0	0.0	6.0	0.48075017537254355	0.014786104244078217
0.49295857876001214	cosine	12.0	2.0	12.0	0.33096525947692135	0.06708239491800405
-0.9380387547295996	cosine	12.0	2.0	12.0	0.4570472630871771	0.01929656018546278
0.2205930509763258	cosine	12.0	12.0	8.0	0.44973403502592785	0.02090527421057417
0.8351309426050629	cosine	12.0	4.0	6.0	0.520088264892305	0.009291071757416634
0.4531081803058792	cosine	12.0	6.0	4.0	0.2364037567692295	0.1423291682149232
-0.6593302614156855	cosine	12.0	4.0	6.0	0.2994447585743574	0.08767317792776053
0.4771042927133036	cosine	12.0	6.0	4.0	0.2364037567692295	0.1423291682149232
2.3097022071597904	cosine	12.0	4.0	6.0	0.26792425767179345	0.11264743725548343
-1.049555801346254	cosine	12.0	10.0	2.0	0.37518323968843365	0.044753897420978433
-0.29570345953863775	cosine	12.0	4.0	10.0	0.40004734568283173	0.03510685701315916
-1.1745491562948265	cosine	12.0	6.0	0.0	0.325669473639465	0.07025277592236653
-0.15842366736376715	cosine	12.0	6.0	12.0	0.584684582151831	0.004070583044510975
0.6092772367062983	cosine	12.0	12.0	8.0	0.29465333329284926	0.09117756893125428
1.442346947336976	cosine	12.0	2.0	6.0	0.21885688981825296	0.16096491949833142
-0.05623535171995656	cosine	12.0	8.0	6.0	0.31782086308186436	0.07516173316558697
0.7968443354020776	cosine	12.0	8.0	4.0	0.38770175433269644	0.03965908586713749
-1.7918509749168865	cosine	12.0	6.0	8.0	0.41316712200642364	0.03074837886955296
0.3999878998590191	cosine	12.0	2.0	10.0	0.5002443195845782	0.011787064559833655
0.9365847503281745	cosine	12.0	6.0	8.0	0.2542566904654915	0.12492539106643724
0.36387635837830423	cosine	12.0	8.0	6.0	0.4767312946227965	0.015480063791539503
1.1067398560869441	cosine	12.0	10.0	2.0	0.46897904961054204	0.016897895516253123
-1.2190572087686333	cosine	12.0	4.0	12.0	0.5117663157191593	0.010275152505006458
-0.6667975742224568	cosine	12.0	6.0	4.0	0.520088264892305	0.009291071757416634
-1.0813561759927242	cosine	12.0	8.0	4.0	0.41871789467931214	0.02904431653896035
1.3652810705427045	cosine	12.0	6.0	8.0	0.38138503569823723	0.042167604419924586
-0.5673530834966909	cosine	12.0	6.0	4.0	0.2994447585743574	0.08767317792776053
0.6575699708272588	cosine	12.0	2.0	0.0	0.4570472630871771	0.01929656018546278
-1.5011436931690205	cosine	12.0	8.0	12.0	0.41871789467931214	0.02904431653896035
0.5152194933143103	cosine	12.0	2.0	12.0	0.520088264892305	0.009291071757416634
0.8699378033204389	cosine	12.0	8.0	6.0	0.38138503569823723	0.042167604419924586
-1.5152519184923974	cosine	12.0	2.0	10.0	0.5627748595326505	0.005432675743650132
-1.8945218508840997	cosine	12.0	10.0	8.0	0.22247460415730505	0.1569979267286259
0.3768206556606777	cosine	12.0	10.0	8.0	0.508513380930983	0.01068384436354423
-3.1125539301335112	cosine	12.0	2.0	4.0	0.3940062612820492	0.037277784955182205
-0.37686650075504263	cosine	12.0	6.0	8.0	0.38138503569823723	0.042167604419924586
0.019148653664554757	cosine	12.0	4.0	6.0	0.36248576037948527	0.05044712112711767
-0.3821700290811492	cosine	12.0	6.0	4.0	0.26792425767179345	0.11264743725548343
0.7747260106600646	cosine	12.0	2.0	4.0	0.26792425767179345	0.11264743725548343
-2.1821079337895224	cosine	12.0	6.0	4.0	0.36248576037948527	0.05044712112711767
1.9677751524948484	cosine	12.0	8.0	6.0	0.4449492083146101	0.022018113736134944
1.348674350521792	cosine	12.0	10.0	8.0	0.5402954672391693	0.0072373318982772135
-0.08752681452520404	cosine	12.0	8.0	10.0	0.5402954672391693	0.0072373318982772135
0.24239501568480315	cosine	12.0	2.0	10.0	0.18759161984421682	0.1979406704679717
-1.4454300652693346	cosine	12.0	12.0	6.0	0.27695585470349887	0.10502217458211738
0.3660152353543394	cosine	12.0	8.0	10.0	0.31782086308186436	0.07516173316558697
0.3190236466634322	cosine	12.0	12.0	2.0	0.4570472630871771	0.01929656018546278
1.390949948942577	cosine	12.0	4.0	10.0	0.49236596391733134	0.012928792206995913
-1.1218398879629612	cosine	12.0	6.0	2.0	0.34391796971439753	0.05979464037584733
-1.4796425382854022	cosine	12.0	10.0	0.0	0.5627748595326505	0.005432675743650132
-0.1735241630697678	cosine	12.0	2.0	8.0	0.5117663157191593	0.010275152505006458
-1.2920835283242211	cosine	12.0	4.0	6.0	0.33096525947692135	0.06708239491800405
-0.7192460284090817	cosine	12.0	8.0	2.0	0.6358308771056221	0.0020033371474573332
-1.3181498380784318	cosine	12.0	8.0	6.0	0.19069251784911861	0.19405940885016393
-0.5475217450971354	cosine	12.0	4.0	2.0	0.2994447585743574	0.08767317792776053
1.42998650962786	cosine	12.0	8.0	10.0	0.508513380930983	0.01068384436354423
-2.3886757951557196	cosine	12.0	8.0	10.0	0.34960294939005077	0.05679866795607516
-0.25272985692073513	cosine	12.0	10.0	8.0	0.508513380930983	0.01068384436354423
-1.842002236969434	cosine	12.0	6.0	8.0	0.2542566904654915	0.12492539106643724
-2.0351063080579332	cosine	12.0	10.0	4.0	0.49236596391733134	0.012928792206995913
0.6634313161120711	cosine	12.0	6.0	2.0	0.6565706694547588	0.001481745846560898
0.7311389966114358	cosine	12.0	4.0	8.0	0.5117663157191593	0.010275152505006458
0.2974920273491355	cosine	12.0	10.0	0.0	0.43771377963650593	0.02379564823412834
-0.42141053655839805	cosine	12.0	4.0	6.0	0.36248576037948527	0.05044712112711767
-0.9532115552060217	cosine	12.0	10.0	6.0	0.6668470174522378	0.0012722098173665757
-0.08426403277046327	cosine	12.0	12.0	10.0	0.35668561398608073	0.053232974601062806
0.9746188018721793	cosine	12.0	2.0	10.0	0.43771377963650593	0.02379564823412834
0.5052871286571873	cosine	12.0	12.0	8.0	0.5737985964123907	0.004703590814103545
-2.010052576471923	cosine	12.0	4.0	10.0	0.09231861823449962	0.33804137435052417
0.5358059494378409	cosine	12.0	12.0	2.0	0.26792425767179345	0.11264743725548343
-0.08354588811645804	cosine	12.0	12.0	2.0	0.488567763989741	0.013512582066973257
-1.4106793993218447	cosine	12.0	10.0	6.0	0.6048147367590064	0.0030976341623523166
-1.7364955230868877	cosine	12.0	6.0	4.0	0.42552676218461316	0.027061931661110435
-0.603964565458812	cosine	12.0	2.0	4.0	0.36248576037948527	0.05044712112711767
-0.8513796321260012	cosine	12.0	12.0	4.0	0.38770175433269644	0.03965908586713749
1.3027647492627792	cosine	12.0	6.0	8.0	0.19069251784911861	0.19405940885016393
-1.6177740943716723	cosine	12.0	8.0	10.0	0.508513380930983	0.01068384436354423
-0.7815446814913932	cosine	12.0	4.0	8.0	0.48075017537254355	0.014786104244078217
-1.3459997985822112	cosine	12.0	8.0	6.0	0.4449492083146101	0.022018113736134944
1.0289059970881684	cosine	12.0	4.0	6.0	0.3940062612820492	0.037277784955182205
-0.7726932729521813	cosine	12.0	12.0	4.0	0.44973403502592785	0.02090527421057417
0.10884670854817813	cosine	12.0	10.0	12.0	0.325669473639465	0.07025277592236653
1.4639908301977105	cosine	12.0	8.0	10.0	0.22247460415730505	0.1569979267286259
-1.9496297433101093	cosine	12.0	6.0	4.0	0.2364037567692295	0.1423291682149232
-2.931383938092264	cosine	12.0	4.0	6.0	0.3940062612820492	0.037277784955182205
-0.30372464150839773	cosine	12.0	0.0	2.0	0.33096525947692135	0.06708239491800405
1.3360167318746952	cosine	12.0	10.0	8.0	0.19069251784911861	0.19405940885016393
0.03582351554190751	cosine	12.0	8.0	10.0	0.4449492083146101	0.022018113736134944
1.1535552956875301	cosine	12.0	2.0	10.0	0.40644850966246976	0.03292085287309089
0.40452397088267916	cosine	12.0	2.0	4.0	0.2048832558666656	0.1768962477431396
0.4079837824216356	cosine	12.0	2.0	4.0	0.2994447585743574	0.08767317792776053
0.14661655552698388	cosine	12.0	2.0	8.0	0.6048147367590064	0.0030976341623523166
-0.2987744882771449	cosine	12.0	0.0	4.0	0.40644850966246976	0.03292085287309089
2.851363730040797	cosine	12.0	6.0	8.0	0.5720775535473558	0.004811332704071246
-1.656100239466615	cosine	12.0	6.0	4.0	0.5516087657948688	0.006271913590386279
0.8596750454358782	cosine	12.0	6.0	4.0	0.488567763989741	0.013512582066973257
1.0249342478045387	cosine	12.0	10.0	8.0	0.2542566904654915	0.12492539106643724
0.07697695405991359	cosine	12.0	4.0	2.0	0.33096525947692135	0.06708239491800405
-0.6407841656848315	cosine	12.0	4.0	8.0	0.325669473639465	0.07025277592236653
1.4307225529318839	cosine	12.0	8.0	6.0	0.31782086308186436	0.07516173316558697
-1.2407456130739534	cosine	12.0	6.0	10.0	0.23262105259961785	0.14621780365458337
0.5915063255406239	cosine	12.0	6.0	12.0	0.5231388366621645	0.008951565507853972
-1.4728754666770199	cosine	12.0	12.0	6.0	0.3077287274483321	0.08185299552131142
-0.09805532310404666	cosine	12.0	4.0	6.0	0.36248576037948527	0.05044712112711767
0.06955565049571245	cosine	12.0	12.0	10.0	0.6048147367590064	0.0030976341623523166
0.10865050698099424	cosine	12.0	12.0	8.0	0.17058877190638644	0.22004281389555647
-0.505270540139388	cosine	12.0	12.0	10.0	0.5737985964123907	0.004703590814103545
-0.38865735867930357	cosine	12.0	10.0	12.0	0.5737985964123907	0.004703590814103545
0.45847770645375663	cosine	12.0	4.0	2.0	0.33096525947692135	0.06708239491800405
1.1179979909105189	cosine	12.0	8.0	0.0	0.46897904961054204	0.016897895516253123
0.004182145618488686	cosine	12.0	4.0	6.0	0.33096525947692135	0.06708239491800405
-0.019460822336637595	cosine	12.0	8.0	6.0	0.31782086308186436	0.07516173316558697
0.386507396090817	cosine	12.0	6.0	4.0	0.4570472630871771	0.01929656018546278
1.8628099580231998	cosine	12.0	2.0	4.0	0.520088264892305	0.009291071757416634
-2.1522407001164305	cosine	12.0	8.0	10.0	0.31782086308186436	0.07516173316558697
0.2326732006620777	cosine	12.0	8.0	0.0	0.21885688981825296	0.16096491949833142
-0.589559401315145	cosine	12.0	8.0	0.0	0.31265269974036136	0.07853426938217861
-1.9546796163292615	cosine	12.0	4.0	12.0	0.5737985964123907	0.004703590814103545
2.698368334922569	cosine	12.0	2.0	12.0	0.42552676218461316	0.027061931661110435
-0.9421800440986612	cosine	12.0	8.0	10.0	0.2542566904654915	0.12492539106643724
0.4654608987274251	cosine	12.0	4.0	2.0	0.26792425767179345	0.11264743725548343
-0.22566920691589598	cosine	12.0	10.0	0.0	0.37518323968843365	0.044753897420978433
0.6637840314261075	cosine	12.0	10.0	0.0	0.21885688981825296	0.16096491949833142
-1.5879689789541596	cosine	12.0	4.0	2.0	0.42552676218461316	0.027061931661110435
-0.9740704178642705	cosine	12.0	2.0	6.0	0.37518323968843365	0.044753897420978433
-0.4770847732432639	cosine	12.0	4.0	6.0	0.7722522721128164	0.00023698638032029084
1.7278126008665406	cosine	12.0	6.0	4.0	0.42552676218461316	0.027061931661110435
0.7038727173692071	cosine	12.0	2.0	10.0	0.18759161984421682	0.1979406704679717
-0.07012481233405846	cosine	12.0	0.0	8.0	0.5940401295066866	0.0035886947605967253
-0.12428473883356858	cosine	12.0	4.0	0.0	0.5627748595326505	0.005432675743650132
-0.26189461258058744	cosine	12.0	8.0	10.0	0.2860387767736779	0.0977376033412587
-0.20184137614976824	cosine	12.0	4.0	2.0	0.42552676218461316	0.027061931661110435
-1.1122352128704718	cosine	12.0	2.0	12.0	0.26792425767179345	0.11264743725548343
-0.0392285463106447	cosine	12.0	8.0	10.0	0.4449492083146101	0.022018113736134944
1.7982803079315455	cosine	12.0	8.0	2.0	0.17058877190638644	0.22004281389555647
-0.20978747356462246	cosine	12.0	4.0	2.0	0.4570472630871771	0.01929656018546278
-0.23833275919385935	cosine	12.0	4.0	10.0	0.5539117094069977	0.006089982172122457
1.8809622535486035	cosine	12.0	12.0	2.0	0.6146497675999968	0.002703128848699784
1.824496407742689	cosine	12.0	10.0	8.0	0.22247460415730505	0.1569979267286259
0.6626544996883126	cosine	12.0	6.0	12.0	0.5231388366621645	0.008951565507853972
1.2333575558489485	cosine	12.0	12.0	10.0	0.542782456065775	0.007014531725125648
1.4725874756483217	cosine	12.0	12.0	6.0	0.18463723646899924	0.20168182460565853
1.5845790986170012	cosine	12.0	4.0	2.0	0.2364037567692295	0.1423291682149232
1.794033245432757	cosine	12.0	6.0	8.0	0.4767312946227965	0.015480063791539503
0.6021886922081514	cosine	12.0	8.0	4.0	0.23262105259961785	0.14621780365458337
0.34830666359049234	cosine	12.0	6.0	12.0	0.21541010921383247	0.16480480916667006
1.1945619567543289	cosine	12.0	6.0	4.0	0.42552676218461316	0.027061931661110435
-0.11170304237672307	cosine	12.0	0.0	4.0	0.34391796971439753	0.05979464037584733
-0.9609018571374338	cosine	12.0	2.0	4.0	0.2048832558666656	0.1768962477431396
0.1177842942680407	cosine	12.0	6.0	8.0	0.22247460415730505	0.1569979267286259
1.828815000330907	cosine	12.0	6.0	2.0	0.5627748595326505	0.005432675743650132
-0.7644273938900816	cosine	12.0	4.0	12.0	0.542782456065775	0.007014531725125648
-0.043394253167371916	cosine	12.0	4.0	0.0	0.5315095895586144	0.008075181454718987
-0.18666495391199528	cosine	12.0	8.0	10.0	0.34960294939005077	0.05679866795607516
-0.7307972487490249	cosine	12.0	4.0	6.0	0.42552676218461316	0.027061931661110435
0.0914907771648672	cosine	12.0	10.0	0.0	0.5002443195845782	0.011787064559833655
-0.8659332553803626	cosine	12.0	4.0	2.0	0.2364037567692295	0.1423291682149232
-0.911635741997205	cosine	12.0	10.0	8.0	0.31782086308186436	0.07516173316558697
0.41021441656030705	cosine	12.0	10.0	0.0	0.34391796971439753	0.05979464037584733
0.5856616292574055	cosine	12.0	12.0	2.0	0.520088264892305	0.009291071757416634
2.2029614394373382	cosine	12.0	8.0	10.0	0.508513380930983	0.01068384436354423
-0.8763227598329807	cosine	12.0	10.0	6.0	0.325669473639465	0.07025277592236653
0.3683958960951666	cosine	12.0	2.0	12.0	0.14184225406153772	0.26045348007935765
0.7107564934355877	cosine	12.0	4.0	6.0	0.6146497675999968	0.002703128848699784
-0.49680248738790317	cosine	12.0	12.0	2.0	0.2364037567692295	0.1423291682149232
