ID	Waveform	Period	Phase	Nadir	Tau	P
-0.7116786445155544	cosine	24.0	16.0	8.0	0.48075017537254355	0.014786104244078217
1.224643085265024	cosine	24.0	16.0	8.0	0.38770175433269644	0.03965908586713749
-2.378833554726256	cosine	24.0	16.0	20.0	0.2542566904654915	0.12492539106643724
-0.05518901102961349	cosine	24.0	20.0	0.0	0.34391796971439753	0.05979464037584733
-1.1330111682358686	cosine	24.0	0.0	8.0	0.2501221597922891	0.12881724171626302
-0.02324275691954167	cosine	24.0	4.0	8.0	0.488567763989741	0.013512582066973257
1.0086160333548626	cosine	24.0	4.0	0.0	0.3940062612820492	0.037277784955182205
0.3874094995134414	cosine	24.0	4.0	8.0	0.3940062612820492	0.037277784955182205
0.6115596504193745	cosine	24.0	12.0	8.0	0.26792425767179345	0.11264743725548343
-0.1881544137489047	cosine	24.0	12.0	16.0	0.5402954672391693	0.0072373318982772135
0.3471340036828591	cosine	24.0	8.0	0.0	0.43771377963650593	0.02379564823412834
0.23070490798780255	cosine	24.0	0.0	4.0	0.2048832558666656	0.1768962477431396
1.647411178734243	cosine	24.0	16.0	8.0	0.5117663157191593	0.010275152505006458
1.1846378178282797	cosine	24.0	8.0	4.0	0.36248576037948527	0.05044712112711767
-0.3286452504941231	cosine	24.0	12.0	4.0	0.5627748595326505	0.005432675743650132
-1.0432673945663709	cosine	24.0	4.0	0.0	0.42552676218461316	0.027061931661110435
0.9292952327563004	cosine	24.0	12.0	16.0	0.4449492083146101	0.022018113736134944
0.6276563984366668	cosine	24.0	16.0	20.0	0.34960294939005077	0.05679866795607516
-0.9494107300093294	cosine	24.0	0.0	8.0	0.40644850966246976	0.03292085287309089
0.4249596249407249	cosine	24.0	8.0	12.0	0.2994447585743574	0.08767317792776053
0.08095339070623844	cosine	24.0	4.0	8.0	0.36248576037948527	0.05044712112711767
-0.8270873694279023	cosine	24.0	12.0	16.0	0.2860387767736779	0.0977376033412587
0.2803648061451376	cosine	24.0	8.0	12.0	0.33096525947692135	0.06708239491800405
1.0055843692360789	cosine	24.0	4.0	16.0	0.48075017537254355	0.014786104244078217
0.04305626752543479	cosine	24.0	0.0	12.0	0.48075017537254355	0.014786104244078217
-0.9355163247443236	cosine	24.0	8.0	12.0	0.17336275496410164	0.21634316011970334
-2.3324842107644757	cosine	24.0	16.0	20.0	0.34960294939005077	0.05679866795607516
1.6821193043109481	cosine	24.0	16.0	20.0	0.38138503569823723	0.042167604419924586
-0.6212016879303613	cosine	24.0	8.0	12.0	0.6146497675999968	0.002703128848699784
1.5469408183540885	cosine	24.0	8.0	0.0	0.5315095895586144	0.008075181454718987
-0.034891186312348936	cosine	24.0	8.0	12.0	0.33096525947692135	0.06708239491800405
2.345943143263911	cosine	24.0	4.0	12.0	0.31265269974036136	0.07853426938217861
1.1598822357452527	cosine	24.0	8.0	0.0	0.43771377963650593	0.02379564823412834
0.6281848247616508	cosine	24.0	0.0	4.0	0.4570472630871771	0.01929656018546278
-0.6309815218222934	cosine	24.0	0.0	20.0	0.18759161984421682	0.1979406704679717
-0.4410789739797364	cosine	24.0	8.0	12.0	0.4570472630871771	0.01929656018546278
0.30177233704622186	cosine	24.0	20.0	0.0	0.2501221597922891	0.12881724171626302
-1.3475104597217835	cosine	24.0	12.0	8.0	0.2048832558666656	0.1768962477431396
0.9567848184176598	cosine	24.0	0.0	4.0	0.3940062612820492	0.037277784955182205
0.3893994879978299	cosine	24.0	20.0	0.0	0.31265269974036136	0.07853426938217861
-0.6681916549278251	cosine	24.0	8.0	0.0	0.40644850966246976	0.03292085287309089
0.6600268356982779	cosine	24.0	0.0	20.0	0.43771377963650593	0.02379564823412834
-0.16120321039531924	cosine	24.0	20.0	4.0	0.46897904961054204	0.016897895516253123
0.14943268498629986	cosine	24.0	16.0	0.0	0.5315095895586144	0.008075181454718987
0.07846720930433422	cosine	24.0	8.0	20.0	0.5231388366621645	0.008951565507853972
-0.425105310464831	cosine	24.0	8.0	16.0	0.325669473639465	0.07025277592236653
-0.02684274112970938	cosine	24.0	12.0	0.0	0.23262105259961785	0.14621780365458337
0.030634601080956454	cosine	24.0	12.0	8.0	0.33096525947692135	0.06708239491800405
0.5421855320935018	cosine	24.0	4.0	20.0	0.18759161984421682	0.1979406704679717
0.18039120463045044	cosine	24.0	0.0	16.0	0.43771377963650593	0.02379564823412834
0.4501998033909168	cosine	24.0	12.0	8.0	0.520088264892305	0.009291071757416634
0.3033789681979239	cosine	24.0	16.0	4.0	0.44973403502592785	0.02090527421057417
-0.8911404296276533	cosine	24.0	4.0	8.0	0.488567763989741	0.013512582066973257
0.4158492418853935	cosine	24.0	16.0	12.0	0.31782086308186436	0.07516173316558697
-1.3100167974692696	cosine	24.0	8.0	16.0	0.6668470174522378	0.0012722098173665757
-0.41621788667264464	cosine	24.0	16.0	12.0	0.41316712200642364	0.03074837886955296
0.24717181566588742	cosine	24.0	8.0	12.0	0.488567763989741	0.013512582066973257
-0.9771138873467259	cosine	24.0	12.0	8.0	0.17336275496410164	0.21634316011970334
0.3043439821076845	cosine	24.0	4.0	8.0	0.488567763989741	0.013512582066973257
0.49326860260621025	cosine	24.0	16.0	20.0	0.2542566904654915	0.12492539106643724
0.7626200956089942	cosine	24.0	4.0	0.0	0.42552676218461316	0.027061931661110435
-1.0197116455384183	cosine	24.0	20.0	8.0	0.24618298195866567	0.13260270265321483
-0.5442628558140332	cosine	24.0	12.0	16.0	0.31782086308186436	0.07516173316558697
-0.6821381832472424	cosine	24.0	12.0	16.0	0.4767312946227965	0.015480063791539503
1.0499958948016337	cosine	24.0	8.0	0.0	0.5627748595326505	0.005432675743650132
-0.14066436284098777	cosine	24.0	4.0	8.0	0.2364037567692295	0.1423291682149232
0.11807538718814857	cosine	24.0	0.0	4.0	0.2994447585743574	0.08767317792776053
-0.40551164402183176	cosine	24.0	8.0	0.0	0.46897904961054204	0.016897895516253123
-0.706061100487854	cosine	24.0	16.0	0.0	0.21885688981825296	0.16096491949833142
0.013770895133793058	cosine	24.0	16.0	20.0	0.2860387767736779	0.0977376033412587
0.4641270437024333	cosine	24.0	20.0	16.0	0.2860387767736779	0.0977376033412587
-0.1834077828946742	cosine	24.0	4.0	12.0	0.40644850966246976	0.03292085287309089
-0.45027029242370725	cosine	24.0	16.0	12.0	0.2542566904654915	0.12492539106643724
0.4160160416041213	cosine	24.0	0.0	20.0	0.43771377963650593	0.02379564823412834
0.5169232938786054	cosine	24.0	20.0	16.0	0.34960294939005077	0.05679866795607516
0.775297479679621	cosine	24.0	16.0	20.0	0.41316712200642364	0.03074837886955296
-0.5881316642755791	cosine	24.0	4.0	8.0	0.2364037567692295	0.1423291682149232
0.2166100145827937	cosine	24.0	16.0	20.0	0.09534625892455931	0.3330462617847142
0.9472903370570481	cosine	24.0	8.0	4.0	0.42552676218461316	0.027061931661110435
1.0320830485363786	cosine	24.0	12.0	0.0	0.5117663157191593	0.010275152505006458
0.007629250785478193	cosine	24.0	4.0	0.0	0.33096525947692135	0.06708239491800405
-0.23541878275377218	cosine	24.0	4.0	0.0	0.11032175315897377	0.30878653769005726
-1.485822376178137	cosine	24.0	4.0	0.0	0.2994447585743574	0.08767317792776053
-1.8690464665059927	cosine	24.0	20.0	4.0	0.43771377963650593	0.02379564823412834
-2.9149682758934548	cosine	24.0	16.0	8.0	0.325669473639465	0.07025277592236653
0.13605059103453343	cosine	24.0	12.0	4.0	0.40644850966246976	0.03292085287309089
1.7640220999957754	cosine	24.0	0.0	4.0	0.36248576037948527	0.05044712112711767
0.6959883019826255	cosine	24.0	16.0	20.0	0.4449492083146101	0.022018113736134944
0.6721364022299676	cosine	24.0	8.0	12.0	0.2048832558666656	0.1768962477431396
1.5836831192590684	cosine	24.0	16.0	0.0	0.31265269974036136	0.07853426938217861
0.8084226209126579	cosine	24.0	16.0	0.0	0.40644850966246976	0.03292085287309089
-0.9047471412862009	cosine	24.0	20.0	0.0	0.43771377963650593	0.02379564823412834
-0.034883328397334594	cosine	24.0	4.0	8.0	0.2994447585743574	0.08767317792776053
0.8118597654945533	cosine	24.0	0.0	12.0	0.5737985964123907	0.004703590814103545
0.41183234460822665	cosine	24.0	12.0	8.0	0.5516087657948688	0.006271913590386279
-0.5061620678425174	cosine	24.0	8.0	12.0	0.36248576037948527	0.05044712112711767
-1.091244393376907	cosine	24.0	12.0	20.0	0.44973403502592785	0.02090527421057417
-0.5763922799507272	cosine	24.0	12.0	16.0	0.2542566904654915	0.12492539106643724
-1.3650487087793532	cosine	24.0	8.0	0.0	0.31265269974036136	0.07853426938217861
0.35269785111624297	cosine	24.0	4.0	8.0	0.26792425767179345	0.11264743725548343
-0.305841695672046	cosine	24.0	8.0	4.0	0.4570472630871771	0.01929656018546278
0.32789409875597614	cosine	24.0	16.0	8.0	0.29465333329284926	0.09117756893125428
1.5090022828508756	cosine	24.0	12.0	8.0	0.2048832558666656	0.1768962477431396
0.748353341427447	cosine	24.0	0.0	8.0	0.31265269974036136	0.07853426938217861
-0.7163792559932928	cosine	24.0	8.0	4.0	0.2994447585743574	0.08767317792776053
-1.8829926024249144	cosine	24.0	0.0	20.0	0.34391796971439753	0.05979464037584733
0.7420845249797472	cosine	24.0	8.0	4.0	0.520088264892305	0.009291071757416634
1.1642808226021224	cosine	24.0	4.0	20.0	0.46897904961054204	0.016897895516253123
1.6350426088398111	cosine	24.0	4.0	20.0	0.43771377963650593	0.02379564823412834
-0.46641511850784567	cosine	24.0	8.0	0.0	0.40644850966246976	0.03292085287309089
-0.2024990733940965	cosine	24.0	12.0	8.0	0.4570472630871771	0.01929656018546278
0.9444009780955114	cosine	24.0	0.0	4.0	0.5831292666974328	0.004156084107205838
-0.7334088360731423	cosine	24.0	4.0	8.0	0.520088264892305	0.009291071757416634
-0.030790071822515717	cosine	24.0	4.0	12.0	0.37518323968843365	0.044753897420978433
2.2897728479276607	cosine	24.0	16.0	8.0	0.48075017537254355	0.014786104244078217
-0.8814766206622164	cosine	24.0	0.0	12.0	0.29465333329284926	0.09117756893125428
0.3416013985344821	cosine	24.0	20.0	0.0	0.46897904961054204	0.016897895516253123
-0.09350481744329768	cosine	24.0	0.0	4.0	0.2364037567692295	0.1423291682149232
0.06492727468073715	cosine	24.0	0.0	4.0	0.36248576037948527	0.05044712112711767
0.04251182419102579	cosine	24.0	16.0	20.0	0.22247460415730505	0.1569979267286259
-0.463691578104416	cosine	24.0	0.0	4.0	0.33096525947692135	0.06708239491800405
1.2440193597198423	cosine	24.0	4.0	0.0	0.2994447585743574	0.08767317792776053
1.0192305078754604	cosine	24.0	8.0	4.0	0.33096525947692135	0.06708239491800405
-1.1858451848923415	cosine	24.0	16.0	12.0	0.31782086308186436	0.07516173316558697
-0.9696234547583651	cosine	24.0	0.0	8.0	0.5940401295066866	0.0035886947605967253
-1.4868264650822949	cosine	24.0	4.0	8.0	0.33096525947692135	0.06708239491800405
0.9942907272894781	cosine	24.0	4.0	16.0	0.41871789467931214	0.02904431653896035
1.313174909731301	cosine	24.0	0.0	4.0	0.2364037567692295	0.1423291682149232
-0.9377910727912397	cosine	24.0	12.0	16.0	0.4449492083146101	0.022018113736134944
0.21773050238333605	cosine	24.0	8.0	4.0	0.3940062612820492	0.037277784955182205
-0.4479548068681821	cosine	24.0	0.0	20.0	0.43771377963650593	0.02379564823412834
-1.1580092949427667	cosine	24.0	0.0	4.0	0.26792425767179345	0.11264743725548343
1.9086019485061956	cosine	24.0	0.0	20.0	0.5315095895586144	0.008075181454718987
0.8678038944986374	cosine	24.0	0.0	20.0	0.46897904961054204	0.016897895516253123
-0.9755099176702791	cosine	24.0	12.0	16.0	0.41316712200642364	0.03074837886955296
2.0857909821593554	cosine	24.0	4.0	0.0	0.6461702685025607	0.001725440175873364
-0.9636381856436167	cosine	24.0	16.0	0.0	0.46897904961054204	0.016897895516253123
0.6950664839283638	cosine	24.0	4.0	16.0	0.6048147367590064	0.0030976341623523166
1.4749774437361225	cosine	24.0	20.0	16.0	0.19069251784911861	0.19405940885016393
-2.783079517427258	cosine	24.0	0.0	4.0	0.2048832558666656	0.1768962477431396
-0.8965597010587176	cosine	24.0	4.0	8.0	0.3940062612820492	0.037277784955182205
1.440864521512071	cosine	24.0	0.0	16.0	0.31265269974036136	0.07853426938217861
-1.3280075703186238	cosine	24.0	0.0	20.0	0.31265269974036136	0.07853426938217861
0.9442511608458896	cosine	24.0	16.0	0.0	0.21885688981825296	0.16096491949833142
0.607026412100983	cosine	24.0	16.0	0.0	0.40644850966246976	0.03292085287309089
-1.5383383403216944	cosine	24.0	4.0	8.0	0.33096525947692135	0.06708239491800405
-1.5028378544142729	cosine	24.0	12.0	20.0	0.44973403502592785	0.02090527421057417
0.3247900870608853	cosine	24.0	12.0	8.0	0.17336275496410164	0.21634316011970334
-1.2783026818265895	cosine	24.0	4.0	16.0	0.29465333329284926	0.09117756893125428
0.5025099422179936	cosine	24.0	8.0	12.0	0.36248576037948527	0.05044712112711767
1.7143854154513924	cosine	24.0	12.0	16.0	0.2860387767736779	0.0977376033412587
1.0870510920789649	cosine	24.0	16.0	20.0	0.2542566904654915	0.12492539106643724
-2.267077393000096	cosine	24.0	4.0	12.0	0.28138742976632525	0.10142035953841916
0.5867513891550454	cosine	24.0	16.0	12.0	0.19069251784911861	0.19405940885016393
-0.08191854426935677	cosine	24.0	0.0	20.0	0.6565706694547588	0.001481745846560898
1.4641198787270326	cosine	24.0	0.0	4.0	0.26792425767179345	0.11264743725548343
0.9243305338085592	cosine	24.0	8.0	12.0	0.26792425767179345	0.11264743725548343
1.1186984894767114	cosine	24.0	0.0	4.0	0.4570472630871771	0.01929656018546278
-1.8479567575949685	cosine	24.0	8.0	0.0	0.18759161984421682	0.1979406704679717
-0.9288437818416598	cosine	24.0	0.0	12.0	0.5737985964123907	0.004703590814103545
0.16534252691849907	cosine	24.0	0.0	4.0	0.42552676218461316	0.027061931661110435
-0.392831945162362	cosine	24.0	20.0	12.0	0.17058877190638644	0.22004281389555647
1.1193530736509205	cosine	24.0	8.0	0.0	0.6565706694547588	0.001481745846560898
-0.6933386889130629	cosine	24.0	20.0	0.0	0.31265269974036136	0.07853426938217861
-1.03701556576436	cosine	24.0	4.0	20.0	0.28138742976632525	0.10142035953841916
-0.8022137004654929	cosine	24.0	16.0	12.0	0.2860387767736779	0.0977376033412587
0.5154027158154236	cosine	24.0	8.0	4.0	0.6146497675999968	0.002703128848699784
2.183456050017691	cosine	24.0	4.0	8.0	0.520088264892305	0.009291071757416634
-1.6149001006063681	cosine	24.0	16.0	20.0	0.5402954672391693	0.0072373318982772135
0.632620847543316	cosine	24.0	4.0	0.0	0.4570472630871771	0.01929656018546278
0.3329478020068023	cosine	24.0	0.0	8.0	0.40644850966246976	0.03292085287309089
0.9924779153469884	cosine	24.0	12.0	8.0	0.520088264892305	0.009291071757416634
-1.0172979971817746	cosine	24.0	12.0	8.0	0.42552676218461316	0.027061931661110435
1.6380964420986148	cosine	24.0	20.0	4.0	0.28138742976632525	0.10142035953841916
0.2635051029214326	cosine	24.0	20.0	0.0	0.31265269974036136	0.07853426938217861
-0.2788090823946795	cosine	24.0	4.0	20.0	0.5627748595326505	0.005432675743650132
1.6248379592348337	cosine	24.0	16.0	0.0	0.28138742976632525	0.10142035953841916
0.10787276557613312	cosine	24.0	20.0	16.0	0.38138503569823723	0.042167604419924586
-1.2200108721224006	cosine	24.0	0.0	20.0	0.43771377963650593	0.02379564823412834
-0.7781881865448712	cosine	24.0	20.0	16.0	0.19069251784911861	0.19405940885016393
-1.271917689469251	cosine	24.0	16.0	0.0	0.43771377963650593	0.02379564823412834
2.3140144466672243	cosine	24.0	8.0	0.0	0.34391796971439753	0.05979464037584733
0.9245180540858557	cosine	24.0	4.0	0.0	0.3940062612820492	0.037277784955182205
0.2492843814026626	cosine	24.0	0.0	12.0	0.5737985964123907	0.004703590814103545
0.19038466285136246	cosine	24.0	0.0	4.0	0.488567763989741	0.013512582066973257
2.46639322662545	cosine	24.0	0.0	20.0	0.5940401295066866	0.0035886947605967253
2.100984221809975	cosine	24.0	16.0	4.0	0.542782456065775	0.007014531725125648
0.9099803909194785	cosine	24.0	8.0	4.0	0.26792425767179345	0.11264743725548343
0.13271249514542105	cosine	24.0	8.0	0.0	0.43771377963650593	0.02379564823412834
0.7923091675035976	cosine	24.0	12.0	16.0	0.38138503569823723	0.042167604419924586
0.23280661198633706	cosine	24.0	16.0	12.0	0.508513380930983	0.01068384436354423
-0.9360195815194993	cosine	24.0	8.0	16.0	0.38770175433269644	0.03965908586713749
-0.8182108880242143	cosine	24.0	12.0	0.0	0.325669473639465	0.07025277592236653
0.5971227863965117	cosine	24.0	16.0	12.0	0.38138503569823723	0.042167604419924586
1.3966048858334315	cosine	24.0	20.0	16.0	0.2542566904654915	0.12492539106643724
-1.000326927045167	cosine	24.0	4.0	8.0	0.36248576037948527	0.05044712112711767
0.5460315381671826	cosine	24.0	16.0	12.0	0.38138503569823723	0.042167604419924586
0.273271692906605	cosine	24.0	0.0	4.0	0.2994447585743574	0.08767317792776053
0.2812346218142393	cosine	24.0	0.0	4.0	0.3940062612820492	0.037277784955182205
0.06240932133876591	cosine	24.0	0.0	12.0	0.41871789467931214	0.02904431653896035
0.5756692663896549	cosine	24.0	4.0	8.0	0.36248576037948527	0.05044712112711767
-0.10732570205026944	cosine	24.0	0.0	4.0	0.520088264892305	0.009291071757416634
0.5384648166080811	cosine	24.0	0.0	4.0	0.5516087657948688	0.006271913590386279
-0.34428759935343467	cosine	24.0	20.0	16.0	0.508513380930983	0.01068384436354423
-1.0278318186318167	cosine	24.0	4.0	8.0	0.26792425767179345	0.11264743725548343
0.7608611035433989	cosine	24.0	16.0	8.0	0.41871789467931214	0.02904431653896035
-0.829431794163088	cosine	24.0	20.0	0.0	0.5315095895586144	0.008075181454718987
-0.19439832556898962	cosine	24.0	0.0	4.0	0.36248576037948527	0.05044712112711767
1.1609482863920089	cosine	24.0	16.0	12.0	0.2860387767736779	0.0977376033412587
-0.8729270820717371	cosine	24.0	8.0	4.0	0.3940062612820492	0.037277784955182205
0.020244629967510756	cosine	24.0	12.0	16.0	0.6674238124719151	0.0012612939717876347
-0.39907888714541195	cosine	24.0	0.0	4.0	0.14184225406153772	0.26045348007935765
1.2298739479194334	cosine	24.0	8.0	16.0	0.23262105259961785	0.14621780365458337
1.4776162747590345	cosine	24.0	4.0	0.0	0.26792425767179345	0.11264743725548343
-0.3936028121074452	cosine	24.0	4.0	0.0	0.5516087657948688	0.006271913590386279
-1.0415008404533144	cosine	24.0	8.0	12.0	0.2994447585743574	0.08767317792776053
-1.5094847026226226	cosine	24.0	4.0	0.0	0.488567763989741	0.013512582066973257
-1.1926083798729863	cosine	24.0	16.0	20.0	0.2542566904654915	0.12492539106643724
0.7587578221585904	cosine	24.0	0.0	8.0	0.40644850966246976	0.03292085287309089
-0.8213962785905387	cosine	24.0	0.0	20.0	0.37518323968843365	0.044753897420978433
-2.7712929437132705	cosine	24.0	0.0	4.0	0.3940062612820492	0.037277784955182205
0.9926511533346999	cosine	24.0	16.0	0.0	0.40644850966246976	0.03292085287309089
1.1737781040578747	cosine	24.0	8.0	4.0	0.2364037567692295	0.1423291682149232
-0.7478765973238984	cosine	24.0	12.0	4.0	0.37518323968843365	0.044753897420978433
1.3655295482488288	cosine	24.0	8.0	12.0	0.36248576037948527	0.05044712112711767
0.18525257829918404	cosine	24.0	0.0	16.0	0.37518323968843365	0.044753897420978433
-0.8826512486622056	cosine	24.0	16.0	20.0	0.38138503569823723	0.042167604419924586
0.4375556227002886	cosine	24.0	8.0	0.0	0.37518323968843365	0.044753897420978433
-2.1227939932673054	cosine	24.0	0.0	12.0	0.48075017537254355	0.014786104244078217
-1.8996925471332073	cosine	24.0	0.0	12.0	0.35668561398608073	0.053232974601062806
1.494292330069443	cosine	24.0	12.0	8.0	0.2048832558666656	0.1768962477431396
-0.7000775853666158	cosine	24.0	0.0	20.0	0.2501221597922891	0.12881724171626302
0.42896530460662663	cosine	24.0	0.0	20.0	0.34391796971439753	0.05979464037584733
-1.3624278432932828	cosine	24.0	16.0	12.0	0.4449492083146101	0.022018113736134944
-0.3546216589838283	cosine	24.0	20.0	4.0	0.40644850966246976	0.03292085287309089
-0.7695952783076409	cosine	24.0	12.0	16.0	0.5402954672391693	0.0072373318982772135
-1.6730697094075737	cosine	24.0	8.0	12.0	0.488567763989741	0.013512582066973257
-0.6078541487256726	cosine	24.0	16.0	12.0	0.4767312946227965	0.015480063791539503
1.7620444099382573	cosine	24.0	20.0	4.0	0.34391796971439753	0.05979464037584733
0.9738907837976852	cosine	24.0	20.0	0.0	0.40644850966246976	0.03292085287309089
0.5375768711646726	cosine	24.0	4.0	8.0	0.42552676218461316	0.027061931661110435
-0.5343812524773056	cosine	24.0	0.0	16.0	0.40644850966246976	0.03292085287309089
-0.16448567206215675	cosine	24.0	4.0	16.0	0.5117663157191593	0.010275152505006458
1.322454467082297	cosine	24.0	8.0	4.0	0.33096525947692135	0.06708239491800405
-0.3525563909239468	cosine	24.0	0.0	12.0	0.35668561398608073	0.053232974601062806
-0.6664756060052387	cosine	24.0	12.0	20.0	0.35668561398608073	0.053232974601062806
1.7730828545723476	cosine	24.0	4.0	8.0	0.3940062612820492	0.037277784955182205
-0.4000793990816655	cosine	24.0	16.0	4.0	0.325669473639465	0.07025277592236653
-0.8709449186092609	cosine	24.0	16.0	20.0	0.5720775535473558	0.004811332704071246
-1.4117439681977388	cosine	24.0	16.0	8.0	0.325669473639465	0.07025277592236653
0.5412598105324072	cosine	24.0	20.0	0.0	0.6565706694547588	0.001481745846560898
0.38920589303294106	cosine	24.0	12.0	16.0	0.22247460415730505	0.1569979267286259
-0.09088558148971099	cosine	24.0	20.0	16.0	0.31782086308186436	0.07516173316558697
0.3418058597900539	cosine	24.0	20.0	0.0	0.5940401295066866	0.0035886947605967253
1.2886403347951143	cosine	24.0	0.0	4.0	0.36248576037948527	0.05044712112711767
0.6386644404674682	cosine	24.0	8.0	12.0	0.3940062612820492	0.037277784955182205
0.17477749868561254	cosine	24.0	16.0	20.0	0.34960294939005077	0.05679866795607516
-2.1066637732951556	cosine	24.0	16.0	8.0	0.44973403502592785	0.02090527421057417
0.2014840087250356	cosine	24.0	20.0	0.0	0.6878359394287951	0.0009259810947007011
-0.9321383460077096	cosine	24.0	20.0	4.0	0.6565706694547588	0.001481745846560898
-1.7673417360314132	cosine	24.0	4.0	8.0	0.4570472630871771	0.01929656018546278
-0.27342481949440534	cosine	24.0	8.0	12.0	0.520088264892305	0.009291071757416634
-2.527685230365737	cosine	24.0	0.0	4.0	0.3940062612820492	0.037277784955182205
-0.09056747796480145	cosine	24.0	0.0	20.0	0.37518323968843365	0.044753897420978433
0.8908480823392514	cosine	24.0	16.0	8.0	0.29465333329284926	0.09117756893125428
0.7780678544805869	cosine	24.0	12.0	16.0	0.6356417261637287	0.0020087796364305814
0.7815827896690285	cosine	24.0	16.0	8.0	0.48075017537254355	0.014786104244078217
0.05029161542595291	cosine	24.0	16.0	12.0	0.19069251784911861	0.19405940885016393
-0.8079124178395543	cosine	24.0	0.0	8.0	0.28138742976632525	0.10142035953841916
-0.03356301516892095	cosine	24.0	20.0	16.0	0.34960294939005077	0.05679866795607516
0.342137679277755	cosine	24.0	8.0	4.0	0.6776907694051246	0.001080787662488592
-0.6272857543073653	cosine	24.0	8.0	4.0	0.3940062612820492	0.037277784955182205
0.4790042545675766	cosine	24.0	12.0	8.0	0.2994447585743574	0.08767317792776053
0.1770362983788368	cosine	24.0	4.0	8.0	0.42552676218461316	0.027061931661110435
0.7576302180884615	cosine	24.0	4.0	8.0	0.3940062612820492	0.037277784955182205
-0.36194687125184616	cosine	24.0	12.0	20.0	0.38770175433269644	0.03965908586713749
2.257226619049121	cosine	24.0	12.0	16.0	0.31782086308186436	0.07516173316558697
-0.13798460551440178	cosine	24.0	16.0	12.0	0.5402954672391693	0.0072373318982772135
1.0354576278746281	cosine	24.0	4.0	20.0	0.28138742976632525	0.10142035953841916
1.3233613800136208	cosine	24.0	8.0	4.0	0.6146497675999968	0.002703128848699784
0.7177660991887235	cosine	24.0	0.0	16.0	0.6253053994807227	0.0023274023270582257
-1.6994932354710384	cosine	24.0	12.0	16.0	0.41316712200642364	0.03074837886955296
0.8147293220998659	cosine	24.0	0.0	16.0	0.40644850966246976	0.03292085287309089
0.9123111588007974	cosine	24.0	12.0	4.0	0.6565706694547588	0.001481745846560898
-0.35591042089281605	cosine	24.0	8.0	12.0	0.2994447585743574	0.08767317792776053
0.4666717397949008	cosine	24.0	8.0	12.0	0.36248576037948527	0.05044712112711767
-0.6117790805267178	cosine	24.0	20.0	0.0	0.46897904961054204	0.016897895516253123
1.1097491547133354	cosine	24.0	16.0	20.0	0.2860387767736779	0.0977376033412587
-1.6209505812139406	cosine	24.0	20.0	0.0	0.37518323968843365	0.044753897420978433
0.018636785990724235	cosine	24.0	16.0	12.0	0.6038596398555423	0.0031385812005819934
0.2407106555439787	cosine	24.0	20.0	16.0	0.38138503569823723	0.042167604419924586
-1.2329444842721704	cosine	24.0	12.0	8.0	0.33096525947692135	0.06708239491800405
-1.2545029284819877	cosine	24.0	16.0	12.0	0.508513380930983	0.01068384436354423
-2.107334222036125	cosine	24.0	4.0	8.0	0.5516087657948688	0.006271913590386279
-1.3236491482020944	cosine	24.0	8.0	0.0	0.40644850966246976	0.03292085287309089
0.37102867545553214	cosine	24.0	16.0	4.0	0.44973403502592785	0.02090527421057417
0.09315570320122667	cosine	24.0	4.0	0.0	0.36248576037948527	0.05044712112711767
0.38747712154320535	cosine	24.0	8.0	4.0	0.3940062612820492	0.037277784955182205
0.1370346965117538	cosine	24.0	20.0	16.0	0.2860387767736779	0.0977376033412587
-0.9155402543958789	cosine	24.0	20.0	0.0	0.5315095895586144	0.008075181454718987
0.4504545146555061	cosine	24.0	12.0	20.0	0.20160491225300214	0.18077354211323055
-0.1697794456862775	cosine	24.0	4.0	0.0	0.36248576037948527	0.05044712112711767
-0.8390563757634243	cosine	24.0	16.0	12.0	0.31782086308186436	0.07516173316558697
-0.4249013252652115	cosine	24.0	4.0	8.0	0.488567763989741	0.013512582066973257
1.1307783798336546	cosine	24.0	4.0	16.0	0.38770175433269644	0.03965908586713749
1.0114093829238475	cosine	24.0	12.0	16.0	0.5402954672391693	0.0072373318982772135
-0.15974577221706776	cosine	24.0	0.0	20.0	0.40644850966246976	0.03292085287309089
-0.5055747304425519	cosine	24.0	8.0	16.0	0.35668561398608073	0.053232974601062806
-1.4543427364482724	cosine	24.0	8.0	12.0	0.3940062612820492	0.037277784955182205
-1.0132152774711514	cosine	24.0	0.0	12.0	0.5117663157191593	0.010275152505006458
-0.6483158324105991	cosine	24.0	8.0	12.0	0.488567763989741	0.013512582066973257
-2.535824842519268	cosine	24.0	16.0	20.0	0.22247460415730505	0.1569979267286259
-1.3541500031388598	cosine	24.0	20.0	0.0	0.18759161984421682	0.1979406704679717
-1.8869612904482247	cosine	24.0	4.0	0.0	0.3940062612820492	0.037277784955182205
0.2471965323495622	cosine	24.0	4.0	16.0	0.26363719294623356	0.11640217218244758
2.125270386102027	cosine	24.0	20.0	0.0	0.37518323968843365	0.044753897420978433
1.0243429996996563	cosine	24.0	12.0	20.0	0.108556491213155	0.31160584178390943
0.15886419876770352	cosine	24.0	4.0	20.0	0.21885688981825296	0.16096491949833142
0.43793869858194684	cosine	24.0	0.0	20.0	0.40644850966246976	0.03292085287309089
1.3652539247600255	cosine	24.0	16.0	0.0	0.5002443195845782	0.011787064559833655
0.847060125149514	cosine	24.0	20.0	0.0	0.2501221597922891	0.12881724171626302
-0.5390741034921002	cosine	24.0	8.0	12.0	0.42552676218461316	0.027061931661110435
0.26062790734563857	cosine	24.0	4.0	0.0	0.36248576037948527	0.05044712112711767
-0.16370571983647342	cosine	24.0	4.0	8.0	0.2048832558666656	0.1768962477431396
-0.30684114038096105	cosine	24.0	12.0	4.0	0.5940401295066866	0.0035886947605967253
0.11422547576734206	cosine	24.0	20.0	16.0	0.5402954672391693	0.0072373318982772135
-0.5838238609686889	cosine	24.0	12.0	4.0	0.5002443195845782	0.011787064559833655
0.49580394962564767	cosine	24.0	8.0	16.0	0.5117663157191593	0.010275152505006458
-0.42195350143298194	cosine	24.0	0.0	20.0	0.43771377963650593	0.02379564823412834
-0.48903560938609936	cosine	24.0	20.0	12.0	0.48075017537254355	0.014786104244078217
-0.7140259427956559	cosine	24.0	0.0	20.0	0.37518323968843365	0.044753897420978433
-0.6905119713117713	cosine	24.0	8.0	4.0	0.26792425767179345	0.11264743725548343
0.22632489587099586	cosine	24.0	4.0	0.0	0.42552676218461316	0.027061931661110435
-1.939389547018106	cosine	24.0	4.0	8.0	0.2994447585743574	0.08767317792776053
-0.9706647531826509	cosine	24.0	12.0	4.0	0.31265269974036136	0.07853426938217861
1.0218273534889266	cosine	24.0	20.0	8.0	0.21541010921383247	0.16480480916667006
-0.5889350390628649	cosine	24.0	0.0	20.0	0.6253053994807227	0.0023274023270582257
-2.0165402062777393	cosine	24.0	16.0	0.0	0.37518323968843365	0.044753897420978433
1.2042396613493183	cosine	24.0	4.0	0.0	0.17336275496410164	0.21634316011970334
-1.8189329793833038	cosine	24.0	16.0	0.0	0.34391796971439753	0.05979464037584733
0.1627206549416038	cosine	24.0	20.0	0.0	0.7191012094028312	0.0005679614709175215
2.1692470459173263	cosine	24.0	20.0	8.0	0.27695585470349887	0.10502217458211738
-0.09193052969116065	cosine	24.0	12.0	20.0	0.23262105259961785	0.14621780365458337
-0.03382024183051857	cosine	24.0	12.0	4.0	0.31265269974036136	0.07853426938217861
1.0033754270607078	cosine	24.0	8.0	12.0	0.520088264892305	0.009291071757416634
-0.03970330274848395	cosine	24.0	20.0	8.0	0.46159309117249814	0.018350598749125858
-0.5127029011810211	cosine	24.0	16.0	8.0	0.48075017537254355	0.014786104244078217
-0.07942627572574144	cosine	24.0	16.0	20.0	0.4449492083146101	0.022018113736134944
0.08077832695698722	cosine	24.0	20.0	0.0	0.34391796971439753	0.05979464037584733
-0.18181775397082367	cosine	24.0	20.0	0.0	0.2501221597922891	0.12881724171626302
-0.43477041631671914	cosine	24.0	8.0	4.0	0.520088264892305	0.009291071757416634
-1.6296374073245583	cosine	24.0	4.0	20.0	0.5627748595326505	0.005432675743650132
0.9696724287816078	cosine	24.0	0.0	20.0	0.2501221597922891	0.12881724171626302
0.6736477874037519	cosine	24.0	4.0	8.0	0.33096525947692135	0.06708239491800405
-1.1425909332993809	cosine	24.0	4.0	12.0	0.40644850966246976	0.03292085287309089
-0.7615313222346483	cosine	24.0	16.0	8.0	0.38770175433269644	0.03965908586713749
1.4742330937058725	cosine	24.0	12.0	20.0	0.325669473639465	0.07025277592236653
-0.654816615687248	cosine	24.0	0.0	20.0	0.46897904961054204	0.016897895516253123
0.49332110880828006	cosine	24.0	0.0	8.0	0.40644850966246976	0.03292085287309089
-0.9972368312057839	cosine	24.0	12.0	8.0	0.488567763989741	0.013512582066973257
0.2963854295291404	cosine	24.0	4.0	16.0	0.44973403502592785	0.02090527421057417
-0.7637626533600634	cosine	24.0	12.0	16.0	0.31782086308186436	0.07516173316558697
-0.46449452511664846	cosine	24.0	12.0	20.0	0.38770175433269644	0.03965908586713749
-0.24711396106657083	cosine	24.0	12.0	16.0	0.31782086308186436	0.07516173316558697
-0.4610034211580292	cosine	24.0	4.0	20.0	0.43771377963650593	0.02379564823412834
0.5262988270587545	cosine	24.0	16.0	12.0	0.41316712200642364	0.03074837886955296
1.1093844869853218	cosine	24.0	8.0	12.0	0.42552676218461316	0.027061931661110435
-0.5292265228708004	cosine	24.0	20.0	16.0	0.4767312946227965	0.015480063791539503
-0.594860409787663	cosine	24.0	16.0	12.0	0.508513380930983	0.01068384436354423
-1.5360658438639692	cosine	24.0	12.0	4.0	0.31265269974036136	0.07853426938217861
0.7506806587120499	cosine	24.0	4.0	20.0	0.43771377963650593	0.02379564823412834
0.88063203258663	cosine	24.0	4.0	8.0	0.520088264892305	0.009291071757416634
-1.544035749365125	cosine	24.0	16.0	12.0	0.34960294939005077	0.05679866795607516
1.4526153454927753	cosine	24.0	20.0	4.0	0.5002443195845782	0.011787064559833655
-0.3784995264665628	cosine	24.0	4.0	20.0	0.5315095895586144	0.008075181454718987
-0.8237003245907473	cosine	24.0	16.0	0.0	0.5002443195845782	0.011787064559833655
-2.6872032497716183	cosine	24.0	20.0	16.0	0.508513380930983	0.01068384436354423
1.2219429129471138	cosine	24.0	16.0	12.0	0.38138503569823723	0.042167604419924586
-1.3843318897225758	cosine	24.0	16.0	20.0	0.19069251784911861	0.19405940885016393
0.43125767525464426	cosine	24.0	8.0	20.0	0.27695585470349887	0.10502217458211738
-0.461426018565136	cosine	24.0	0.0	20.0	0.15632634987018068	0.23962792898088553
0.32449315250462274	cosine	24.0	0.0	20.0	0.40644850966246976	0.03292085287309089
0.19943741094865253	cosine	24.0	12.0	8.0	0.3940062612820492	0.037277784955182205
-0.37788852887906454	cosine	24.0	20.0	4.0	0.5627748595326505	0.005432675743650132
0.33967981012236875	cosine	24.0	20.0	16.0	0.4449492083146101	0.022018113736134944
0.5999748801053181	cosine	24.0	20.0	4.0	0.18759161984421682	0.1979406704679717
-1.3335837762865006	cosine	24.0	0.0	4.0	0.488567763989741	0.013512582066973257
0.22839091139386114	cosine	24.0	8.0	4.0	0.488567763989741	0.013512582066973257
1.0753842885885312	cosine	24.0	12.0	16.0	0.34960294939005077	0.05679866795607516
-0.007302885258777567	cosine	24.0	12.0	8.0	0.2048832558666656	0.1768962477431396
-0.65292237988928	cosine	24.0	4.0	0.0	0.488567763989741	0.013512582066973257
0.6896836179418523	cosine	24.0	0.0	8.0	0.31265269974036136	0.07853426938217861
0.8576811178849018	cosine	24.0	16.0	4.0	0.07754035086653928	0.3628199843123999
-0.024408035698814164	cosine	24.0	4.0	12.0	0.5627748595326505	0.005432675743650132
-0.2980237368341745	cosine	24.0	12.0	16.0	0.4767312946227965	0.015480063791539503
0.27021587514842754	cosine	24.0	0.0	8.0	0.31265269974036136	0.07853426938217861
-0.6294247701364934	cosine	24.0	20.0	16.0	0.41316712200642364	0.03074837886955296
-0.156326670672634	cosine	24.0	16.0	20.0	0.34960294939005077	0.05679866795607516
-0.11842933524153193	cosine	24.0	8.0	0.0	0.31265269974036136	0.07853426938217861
0.7153327439923489	cosine	24.0	4.0	12.0	0.31265269974036136	0.07853426938217861
-1.8087644082118859	cosine	24.0	12.0	16.0	0.34960294939005077	0.05679866795607516
-0.28231415094894613	cosine	24.0	12.0	16.0	0.4449492083146101	0.022018113736134944
0.01627756999961337	cosine	24.0	8.0	20.0	0.5231388366621645	0.008951565507853972
-1.109249206707337	cosine	24.0	8.0	20.0	0.27695585470349887	0.10502217458211738
-0.2416623296612823	cosine	24.0	16.0	12.0	0.38138503569823723	0.042167604419924586
1.9486780787812639	cosine	24.0	0.0	20.0	0.5940401295066866	0.0035886947605967253
1.661613394608177	cosine	24.0	0.0	20.0	0.5002443195845782	0.011787064559833655
-1.6715420533616356	cosine	24.0	4.0	20.0	0.5940401295066866	0.0035886947605967253
0.9013709356300753	cosine	24.0	8.0	4.0	0.42552676218461316	0.027061931661110435
0.2665437542895042	cosine	24.0	4.0	8.0	0.26792425767179345	0.11264743725548343
0.7641773760302377	cosine	24.0	20.0	4.0	0.31265269974036136	0.07853426938217861
0.04872969311226613	cosine	24.0	16.0	20.0	0.508513380930983	0.01068384436354423
-0.9357667263490622	cosine	24.0	4.0	8.0	0.2994447585743574	0.08767317792776053
-0.6261701264462332	cosine	24.0	0.0	4.0	0.42552676218461316	0.027061931661110435
-1.730150741507948	cosine	24.0	20.0	16.0	0.41316712200642364	0.03074837886955296
0.0788192863773239	cosine	24.0	16.0	8.0	0.48075017537254355	0.014786104244078217
0.39680862295287456	cosine	24.0	12.0	16.0	0.34960294939005077	0.05679866795607516
-0.09118110984162713	cosine	24.0	8.0	12.0	0.36248576037948527	0.05044712112711767
0.18777616758698268	cosine	24.0	0.0	4.0	0.3940062612820492	0.037277784955182205
-1.623235603719938	cosine	24.0	4.0	0.0	0.36248576037948527	0.05044712112711767
-0.050084605542484575	cosine	24.0	12.0	16.0	0.4449492083146101	0.022018113736134944
-0.512514161916755	cosine	24.0	16.0	12.0	0.508513380930983	0.01068384436354423
0.2230461449703238	cosine	24.0	12.0	8.0	0.3940062612820492	0.037277784955182205
1.615735698769783	cosine	24.0	0.0	8.0	0.34391796971439753	0.05979464037584733
0.03420094021144516	cosine	24.0	12.0	4.0	0.2501221597922891	0.12881724171626302
-0.689676199375756	cosine	24.0	16.0	12.0	0.38138503569823723	0.042167604419924586
0.5958111584272707	cosine	24.0	20.0	4.0	0.2501221597922891	0.12881724171626302
-0.42116613342759873	cosine	24.0	0.0	16.0	0.43771377963650593	0.02379564823412834
-0.7465286426641804	cosine	24.0	8.0	4.0	0.488567763989741	0.013512582066973257
-0.9860228583862891	cosine	24.0	20.0	0.0	0.43771377963650593	0.02379564823412834
-0.2245545358986539	cosine	24.0	12.0	8.0	0.2364037567692295	0.1423291682149232
0.4101855897989687	cosine	24.0	20.0	16.0	0.508513380930983	0.01068384436354423
-1.4530929603154321	cosine	24.0	4.0	20.0	0.40644850966246976	0.03292085287309089
-0.05650142187746272	cosine	24.0	16.0	12.0	0.31782086308186436	0.07516173316558697
1.558523830599589	cosine	24.0	4.0	16.0	0.23262105259961785	0.14621780365458337
-0.712691587382509	cosine	24.0	4.0	16.0	0.5117663157191593	0.010275152505006458
-0.12345088508965106	cosine	24.0	0.0	4.0	0.3940062612820492	0.037277784955182205
-0.22313838401869673	cosine	24.0	8.0	12.0	0.3940062612820492	0.037277784955182205
-0.10954098940658821	cosine	24.0	12.0	16.0	0.38138503569823723	0.042167604419924586
-0.32386012342250275	cosine	24.0	12.0	8.0	0.4570472630871771	0.01929656018546278
0.6006042827110084	cosine	24.0	4.0	0.0	0.36248576037948527	0.05044712112711767
0.8652063323148513	cosine	24.0	12.0	20.0	0.26363719294623356	0.11640217218244758
-0.8231842618008568	cosine	24.0	8.0	4.0	0.488567763989741	0.013512582066973257
0.6375354747730815	cosine	24.0	8.0	20.0	0.3692744729379985	0.04733536431232824
0.6077700358823591	cosine	24.0	8.0	0.0	0.8128970193249395	0.00011707530796958275
0.7377675205444587	cosine	24.0	16.0	0.0	0.40644850966246976	0.03292085287309089
0.22037058644342455	cosine	24.0	16.0	8.0	0.6048147367590064	0.0030976341623523166
0.23024360301772495	cosine	24.0	20.0	16.0	0.2542566904654915	0.12492539106643724
1.1656530731512265	cosine	24.0	0.0	12.0	0.38770175433269644	0.03965908586713749
-2.4191573587927158	cosine	24.0	0.0	20.0	0.5002443195845782	0.011787064559833655
1.7567402734288489	cosine	24.0	4.0	8.0	0.2994447585743574	0.08767317792776053
1.0511835113681052	cosine	24.0	16.0	20.0	0.38138503569823723	0.042167604419924586
-0.14271176757692772	cosine	24.0	16.0	8.0	0.44973403502592785	0.02090527421057417
0.43770937894070294	cosine	24.0	16.0	12.0	0.38138503569823723	0.042167604419924586
-1.3420386968807563	cosine	24.0	12.0	4.0	0.5315095895586144	0.008075181454718987
1.0127909107575255	cosine	24.0	20.0	16.0	0.34960294939005077	0.05679866795607516
-0.07092869053542557	cosine	24.0	4.0	0.0	0.5516087657948688	0.006271913590386279
-1.4230738218023586	cosine	24.0	8.0	20.0	0.15386436372416604	0.24310248602607393
-0.3214930698765182	cosine	24.0	12.0	0.0	0.48075017537254355	0.014786104244078217
-1.263263558536951	cosine	24.0	20.0	16.0	0.2542566904654915	0.12492539106643724
-0.6298929915538588	cosine	24.0	0.0	4.0	0.42552676218461316	0.027061931661110435
0.2902032327134729	cosine	24.0	12.0	16.0	0.31782086308186436	0.07516173316558697
1.4751252290710248	cosine	24.0	20.0	16.0	0.2860387767736779	0.0977376033412587
1.2520321506099616	cosine	24.0	8.0	4.0	0.520088264892305	0.009291071757416634
0.30848398382472747	cosine	24.0	0.0	12.0	0.325669473639465	0.07025277592236653
1.169440978815222	cosine	24.0	12.0	8.0	0.26792425767179345	0.11264743725548343
0.6667874983790001	cosine	24.0	8.0	4.0	0.17336275496410164	0.21634316011970334
-0.03184753104775775	cosine	24.0	12.0	16.0	0.2542566904654915	0.12492539106643724
0.8864182474077524	cosine	24.0	16.0	8.0	0.48075017537254355	0.014786104244078217
1.3933607427253731	cosine	24.0	4.0	12.0	0.21885688981825296	0.16096491949833142
-0.48946161126866494	cosine	24.0	4.0	20.0	0.37518323968843365	0.044753897420978433
-1.083047745820806	cosine	24.0	8.0	12.0	0.17336275496410164	0.21634316011970334
-0.35643825803732504	cosine	24.0	20.0	16.0	0.34960294939005077	0.05679866795607516
0.3937054763141565	cosine	24.0	12.0	16.0	0.41316712200642364	0.03074837886955296
-0.38459587134228906	cosine	24.0	8.0	12.0	0.2048832558666656	0.1768962477431396
0.1286714425627027	cosine	24.0	4.0	20.0	0.6565706694547588	0.001481745846560898
-0.5088696966551748	cosine	24.0	0.0	8.0	0.37518323968843365	0.044753897420978433
-1.5734535902543558	cosine	24.0	8.0	4.0	0.33096525947692135	0.06708239491800405
0.09553799047314128	cosine	24.0	12.0	4.0	0.34391796971439753	0.05979464037584733
0.3928411217901248	cosine	24.0	20.0	16.0	0.508513380930983	0.01068384436354423
-1.3345447226428013	cosine	24.0	4.0	8.0	0.42552676218461316	0.027061931661110435
1.7248277498403801	cosine	24.0	8.0	4.0	0.33096525947692135	0.06708239491800405
-0.15192202469340402	cosine	24.0	0.0	4.0	0.36248576037948527	0.05044712112711767
-1.2289948837190126	cosine	24.0	12.0	16.0	0.2542566904654915	0.12492539106643724
0.25242341920938444	cosine	24.0	4.0	8.0	0.488567763989741	0.013512582066973257
0.8859084950407344	cosine	24.0	0.0	8.0	0.5315095895586144	0.008075181454718987
-0.056880844357253435	cosine	24.0	4.0	0.0	0.3940062612820492	0.037277784955182205
-1.0735387553263762	cosine	24.0	4.0	8.0	0.6776907694051246	0.001080787662488592
0.9341130496105587	cosine	24.0	4.0	12.0	0.5315095895586144	0.008075181454718987
0.7571631926754439	cosine	24.0	4.0	0.0	0.33096525947692135	0.06708239491800405
1.5081809824668928	cosine	24.0	16.0	20.0	0.22247460415730505	0.1569979267286259
-0.4288613806085983	cosine	24.0	16.0	0.0	0.43771377963650593	0.02379564823412834
-0.2872942878515062	cosine	24.0	12.0	8.0	0.2364037567692295	0.1423291682149232
-1.2803002887446533	cosine	24.0	0.0	8.0	0.37518323968843365	0.044753897420978433
-0.2672759419877469	cosine	24.0	16.0	4.0	0.38770175433269644	0.03965908586713749
0.6315522451392902	cosine	24.0	20.0	16.0	0.38138503569823723	0.042167604419924586
-0.012610668349937449	cosine	24.0	4.0	12.0	0.6878359394287951	0.0009259810947007011
1.9444054741875605	cosine	24.0	20.0	4.0	0.34391796971439753	0.05979464037584733
-0.7514940523215574	cosine	24.0	16.0	8.0	0.44973403502592785	0.02090527421057417
1.3649070199773072	cosine	24.0	12.0	16.0	0.4767312946227965	0.015480063791539503
1.4786198778273583	cosine	24.0	0.0	8.0	0.18759161984421682	0.1979406704679717
0.29246554469101255	cosine	24.0	12.0	20.0	0.542782456065775	0.007014531725125648
0.3689999449509153	cosine	24.0	20.0	16.0	0.5402954672391693	0.0072373318982772135
-0.5812868216459276	cosine	24.0	20.0	12.0	0.6048147367590064	0.0030976341623523166
-1.3336377973108096	cosine	24.0	4.0	0.0	0.520088264892305	0.009291071757416634
0.12404344611357668	cosine	24.0	12.0	0.0	0.325669473639465	0.07025277592236653
1.8676464430548474	cosine	24.0	12.0	4.0	0.15632634987018068	0.23962792898088553
1.5075852269950192	cosine	24.0	4.0	0.0	0.42552676218461316	0.027061931661110435
-1.0429890344929085	cosine	24.0	20.0	4.0	0.31265269974036136	0.07853426938217861
0.6484567898330352	cosine	24.0	8.0	4.0	0.4570472630871771	0.01929656018546278
-0.5454523677599068	cosine	24.0	4.0	16.0	0.6978631577988536	0.0007932410229537244
1.4699375771782777	cosine	24.0	0.0	16.0	0.31265269974036136	0.07853426938217861
0.29939305420820306	cosine	24.0	8.0	0.0	0.37518323968843365	0.044753897420978433
0.043744421928075254	cosine	24.0	8.0	20.0	0.3385016001931653	0.06276288318311772
1.0969249529948548	cosine	24.0	4.0	12.0	0.34391796971439753	0.05979464037584733
-0.6511779117353574	cosine	24.0	8.0	0.0	0.37518323968843365	0.044753897420978433
0.7140102353006734	cosine	24.0	4.0	12.0	0.5627748595326505	0.005432675743650132
-0.2671038575354648	cosine	24.0	12.0	8.0	0.2994447585743574	0.08767317792776053
0.5936256666540248	cosine	24.0	0.0	12.0	0.325669473639465	0.07025277592236653
0.0069291326509499625	cosine	24.0	8.0	20.0	0.584684582151831	0.004070583044510975
-0.030679864824663814	cosine	24.0	12.0	16.0	0.508513380930983	0.01068384436354423
-0.39605264756052133	cosine	24.0	8.0	4.0	0.5516087657948688	0.006271913590386279
-0.0009291438481700575	cosine	24.0	4.0	0.0	0.33096525947692135	0.06708239491800405
0.7815838971796776	cosine	24.0	8.0	12.0	0.488567763989741	0.013512582066973257
0.8467583452196523	cosine	24.0	8.0	0.0	0.34391796971439753	0.05979464037584733
-0.2456484124628999	cosine	24.0	16.0	12.0	0.31782086308186436	0.07516173316558697
-1.4392193238484734	cosine	24.0	8.0	4.0	0.33096525947692135	0.06708239491800405
-0.6962357897779063	cosine	24.0	0.0	16.0	0.6253053994807227	0.0023274023270582257
1.423413476722716	cosine	24.0	4.0	20.0	0.34391796971439753	0.05979464037584733
-0.5308588104886839	cosine	24.0	0.0	12.0	0.44973403502592785	0.02090527421057417
-0.07457520207082417	cosine	24.0	4.0	12.0	0.2501221597922891	0.12881724171626302
-0.027460523848582948	cosine	24.0	0.0	20.0	0.46897904961054204	0.016897895516253123
0.16473845257478759	cosine	24.0	0.0	20.0	0.31265269974036136	0.07853426938217861
0.3899953827990389	cosine	24.0	16.0	12.0	0.19069251784911861	0.19405940885016393
0.6439699246352183	cosine	24.0	0.0	16.0	0.34391796971439753	0.05979464037584733
0.5791950545944698	cosine	24.0	12.0	16.0	0.38138503569823723	0.042167604419924586
0.3295128831653759	cosine	24.0	20.0	16.0	0.2860387767736779	0.0977376033412587
0.619612167943385	cosine	24.0	20.0	16.0	0.34960294939005077	0.05679866795607516
1.1557456929209173	cosine	24.0	0.0	20.0	0.2501221597922891	0.12881724171626302
0.11479688385708438	cosine	24.0	20.0	4.0	0.15632634987018068	0.23962792898088553
1.1119833223007503	cosine	24.0	8.0	20.0	0.40004734568283173	0.03510685701315916
1.0477598468849436	cosine	24.0	20.0	0.0	0.34391796971439753	0.05979464037584733
1.1376134052843108	cosine	24.0	8.0	0.0	0.34391796971439753	0.05979464037584733
0.10986778973591191	cosine	24.0	0.0	4.0	0.17336275496410164	0.21634316011970334
-1.0368758289134217	cosine	24.0	12.0	20.0	0.542782456065775	0.007014531725125648
0.35778416639360316	cosine	24.0	16.0	12.0	0.4767312946227965	0.015480063791539503
-0.5520438809051086	cosine	24.0	0.0	8.0	0.43771377963650593	0.02379564823412834
2.078270497677186	cosine	24.0	4.0	16.0	0.44973403502592785	0.02090527421057417
-0.7534686921877936	cosine	24.0	16.0	8.0	0.20160491225300214	0.18077354211323055
-1.4065311722957363	cosine	24.0	16.0	0.0	0.43771377963650593	0.02379564823412834
-0.30487602171719225	cosine	24.0	16.0	12.0	0.31782086308186436	0.07516173316558697
0.20230286624584595	cosine	24.0	8.0	12.0	0.3940062612820492	0.037277784955182205
2.1794174626080034	cosine	24.0	4.0	12.0	0.34391796971439753	0.05979464037584733
-0.5606417614151327	cosine	24.0	8.0	12.0	0.36248576037948527	0.05044712112711767
0.6429782894059075	cosine	24.0	12.0	8.0	0.26792425767179345	0.11264743725548343
-0.24078645513890543	cosine	24.0	0.0	20.0	0.37518323968843365	0.044753897420978433
0.07737372832613744	cosine	24.0	20.0	0.0	0.2501221597922891	0.12881724171626302
1.4560975717424323	cosine	24.0	4.0	8.0	0.2994447585743574	0.08767317792776053
1.5087065177274706	cosine	24.0	16.0	0.0	0.43771377963650593	0.02379564823412834
-0.29075879446081127	cosine	24.0	8.0	4.0	0.520088264892305	0.009291071757416634
-1.9011893045279835	cosine	24.0	12.0	16.0	0.4449492083146101	0.022018113736134944
1.1930873028242686	cosine	24.0	0.0	16.0	0.34391796971439753	0.05979464037584733
-2.4027555824608555	cosine	24.0	8.0	0.0	0.37518323968843365	0.044753897420978433
0.1765128504941821	cosine	24.0	20.0	16.0	0.508513380930983	0.01068384436354423
-0.7411770116898192	cosine	24.0	4.0	8.0	0.17336275496410164	0.21634316011970334
-0.476992801106226	cosine	24.0	0.0	20.0	0.5315095895586144	0.008075181454718987
0.06797988840255008	cosine	24.0	0.0	4.0	0.5516087657948688	0.006271913590386279
1.8226499871632273	cosine	24.0	20.0	16.0	0.4449492083146101	0.022018113736134944
0.9173586149971296	cosine	24.0	0.0	12.0	0.6668470174522378	0.0012722098173665757
0.7967165083376396	cosine	24.0	20.0	0.0	0.5002443195845782	0.011787064559833655
1.0895106630423776	cosine	24.0	16.0	20.0	0.730987985088288	0.0004693265510989954
0.45409400520351223	cosine	24.0	12.0	8.0	0.33096525947692135	0.06708239491800405
0.48986662477855347	cosine	24.0	12.0	16.0	0.06356417261637287	0.38679662619448074
-0.4794503581729946	cosine	24.0	16.0	4.0	0.41871789467931214	0.02904431653896035
0.21463559472761942	cosine	24.0	0.0	12.0	0.20160491225300214	0.18077354211323055
1.4672329942664208	cosine	24.0	0.0	8.0	0.43771377963650593	0.02379564823412834
0.673209346955932	cosine	24.0	12.0	8.0	0.33096525947692135	0.06708239491800405
-0.5224075657140816	cosine	24.0	8.0	12.0	0.6461702685025607	0.001725440175873364
0.1806673018125497	cosine	24.0	4.0	0.0	0.2994447585743574	0.08767317792776053
-0.6805306520751624	cosine	24.0	16.0	4.0	0.44973403502592785	0.02090527421057417
-0.7051303973813148	cosine	24.0	20.0	16.0	0.34960294939005077	0.05679866795607516
-0.9043285445930256	cosine	24.0	12.0	4.0	0.37518323968843365	0.044753897420978433
0.13630876769373185	cosine	24.0	16.0	20.0	0.15891043154093218	0.2360104104586807
0.9992403235686885	cosine	24.0	12.0	20.0	0.325669473639465	0.07025277592236653
-0.5643324800298326	cosine	24.0	0.0	20.0	0.18759161984421682	0.1979406704679717
1.0079127946283277	cosine	24.0	12.0	8.0	0.42552676218461316	0.027061931661110435
-0.24012397473397007	cosine	24.0	8.0	12.0	0.488567763989741	0.013512582066973257
1.4642208885992876	cosine	24.0	12.0	16.0	0.34960294939005077	0.05679866795607516
-1.3033872357524774	cosine	24.0	0.0	12.0	0.41871789467931214	0.02904431653896035
-0.6660842056627594	cosine	24.0	0.0	20.0	0.34391796971439753	0.05979464037584733
0.8073591004271201	cosine	24.0	0.0	4.0	0.42552676218461316	0.027061931661110435
0.5964414821181281	cosine	24.0	0.0	20.0	0.28138742976632525	0.10142035953841916
-1.2400619181829697	cosine	24.0	12.0	16.0	0.6038596398555423	0.0031385812005819934
-0.6181610817330798	cosine	24.0	12.0	16.0	0.38138503569823723	0.042167604419924586
1.1629484255377278	cosine	24.0	0.0	20.0	0.46897904961054204	0.016897895516253123
-1.0293127959768609	cosine	24.0	8.0	0.0	0.5315095895586144	0.008075181454718987
-0.01111051932867616	cosine	24.0	16.0	12.0	0.508513380930983	0.01068384436354423
2.6588112670143844	cosine	24.0	0.0	4.0	0.3940062612820492	0.037277784955182205
-1.8581400723703936	cosine	24.0	0.0	4.0	0.2364037567692295	0.1423291682149232
1.3671704406823004	cosine	24.0	0.0	8.0	0.34391796971439753	0.05979464037584733
0.5163649044899119	cosine	24.0	8.0	12.0	0.3940062612820492	0.037277784955182205
-0.032426896306177885	cosine	24.0	20.0	16.0	0.508513380930983	0.01068384436354423
-0.11143164601540369	cosine	24.0	12.0	8.0	0.36248576037948527	0.05044712112711767
0.662773184251278	cosine	24.0	20.0	0.0	0.31265269974036136	0.07853426938217861
0.5665305423767559	cosine	24.0	8.0	12.0	0.5516087657948688	0.006271913590386279
0.16554049956623929	cosine	24.0	16.0	20.0	0.6356417261637287	0.0020087796364305814
-0.4530766607266666	cosine	24.0	4.0	8.0	0.17336275496410164	0.21634316011970334
0.31592615481114833	cosine	24.0	0.0	8.0	0.46897904961054204	0.016897895516253123
0.8811610671379052	cosine	24.0	4.0	16.0	0.6358308771056221	0.0020033371474573332
0.7291226928444999	cosine	24.0	4.0	8.0	0.33096525947692135	0.06708239491800405
-0.11796949220780621	cosine	24.0	12.0	8.0	0.26792425767179345	0.11264743725548343
-0.16264948061206147	cosine	24.0	16.0	12.0	0.12712834523274574	0.282525295751344
2.3055965983174405	cosine	24.0	20.0	16.0	0.508513380930983	0.01068384436354423
0.35390383614610715	cosine	24.0	20.0	0.0	0.31265269974036136	0.07853426938217861
1.1166094999843676	cosine	24.0	16.0	12.0	0.5402954672391693	0.0072373318982772135
-0.6930333169708272	cosine	24.0	0.0	4.0	0.520088264892305	0.009291071757416634
0.7247373099128136	cosine	24.0	12.0	8.0	0.36248576037948527	0.05044712112711767
0.9052406173386938	cosine	24.0	0.0	8.0	0.31265269974036136	0.07853426938217861
0.06980321464342334	cosine	24.0	12.0	0.0	0.20160491225300214	0.18077354211323055
0.38655560067426864	cosine	24.0	20.0	16.0	0.19069251784911861	0.19405940885016393
-1.1323735097846348	cosine	24.0	12.0	20.0	0.29465333329284926	0.09117756893125428
1.3149224501040206	cosine	24.0	16.0	12.0	0.5402954672391693	0.0072373318982772135
-0.23793275001733402	cosine	24.0	8.0	4.0	0.17336275496410164	0.21634316011970334
-0.13447852155128207	cosine	24.0	4.0	16.0	0.325669473639465	0.07025277592236653
1.199252317074476	cosine	24.0	0.0	20.0	0.2501221597922891	0.12881724171626302
-0.1479442535803709	cosine	24.0	4.0	0.0	0.36248576037948527	0.05044712112711767
0.5028423462519906	cosine	24.0	20.0	0.0	0.34391796971439753	0.05979464037584733
0.36554182693694237	cosine	24.0	12.0	16.0	0.15891043154093218	0.2360104104586807
-0.6613185274837518	cosine	24.0	16.0	0.0	0.21885688981825296	0.16096491949833142
0.07390557673240501	cosine	24.0	12.0	4.0	0.18759161984421682	0.1979406704679717
0.28729221046595005	cosine	24.0	20.0	0.0	0.5002443195845782	0.011787064559833655
0.5465401938400655	cosine	24.0	12.0	8.0	0.5831292666974328	0.004156084107205838
0.39764432977911046	cosine	24.0	12.0	16.0	0.19069251784911861	0.19405940885016393
1.295515020766284	cosine	24.0	20.0	0.0	0.21885688981825296	0.16096491949833142
-1.4690182225918513	cosine	24.0	0.0	20.0	0.34391796971439753	0.05979464037584733
-0.31719119773195825	cosine	24.0	16.0	12.0	0.34960294939005077	0.05679866795607516
-0.06797949523715673	cosine	24.0	16.0	4.0	0.5117663157191593	0.010275152505006458
2.056147785138169	cosine	24.0	0.0	4.0	0.2994447585743574	0.08767317792776053
-1.2113577703461615	cosine	24.0	20.0	0.0	0.12506107989614454	0.2856969100727392
-0.13389717277571156	cosine	24.0	0.0	20.0	0.5315095895586144	0.008075181454718987
-2.6829595184633126	cosine	24.0	16.0	8.0	0.44973403502592785	0.02090527421057417
-2.0597214684509773	cosine	24.0	16.0	12.0	0.2542566904654915	0.12492539106643724
0.763321843206099	cosine	24.0	8.0	4.0	0.3940062612820492	0.037277784955182205
-0.42596651178063866	cosine	24.0	0.0	20.0	0.6878359394287951	0.0009259810947007011
1.739222090613994	cosine	24.0	16.0	20.0	0.31782086308186436	0.07516173316558697
0.9892887715012597	cosine	24.0	4.0	8.0	0.17336275496410164	0.21634316011970334
-0.7918051364965191	cosine	24.0	4.0	20.0	0.40644850966246976	0.03292085287309089
1.1098904580878697	cosine	24.0	8.0	16.0	0.6358308771056221	0.0020033371474573332
1.4210609634655273	cosine	24.0	4.0	0.0	0.3940062612820492	0.037277784955182205
0.7354739418199125	cosine	24.0	4.0	8.0	0.42552676218461316	0.027061931661110435
-0.051595192170066806	cosine	24.0	0.0	4.0	0.2364037567692295	0.1423291682149232
-0.6918391101311503	cosine	24.0	20.0	0.0	0.40644850966246976	0.03292085287309089
1.4459603745916363	cosine	24.0	8.0	12.0	0.2994447585743574	0.08767317792776053
1.4295905623376506	cosine	24.0	8.0	16.0	0.38770175433269644	0.03965908586713749
-0.3756896025267968	cosine	24.0	4.0	12.0	0.5627748595326505	0.005432675743650132
-0.5578815673164113	cosine	24.0	16.0	0.0	0.40644850966246976	0.03292085287309089
1.4274772163352287	cosine	24.0	12.0	4.0	0.28138742976632525	0.10142035953841916
0.13708137081178542	cosine	24.0	16.0	20.0	0.2860387767736779	0.0977376033412587
-1.4874275906099899	cosine	24.0	12.0	20.0	0.5737985964123907	0.004703590814103545
1.4155655859700926	cosine	24.0	0.0	12.0	0.38770175433269644	0.03965908586713749
-0.5468790449878055	cosine	24.0	16.0	12.0	0.5720775535473558	0.004811332704071246
-0.23020272756889082	cosine	24.0	0.0	20.0	0.28138742976632525	0.10142035953841916
-1.1888749970981964	cosine	24.0	16.0	4.0	0.23262105259961785	0.14621780365458337
-2.111674049464634	cosine	24.0	12.0	8.0	0.3940062612820492	0.037277784955182205
-0.0011620789902135973	cosine	24.0	12.0	16.0	0.22247460415730505	0.1569979267286259
1.3043563667928775	cosine	24.0	12.0	0.0	0.35668561398608073	0.053232974601062806
-0.36364036714331954	cosine	24.0	20.0	16.0	0.6356417261637287	0.0020087796364305814
0.2548386521035949	cosine	24.0	16.0	20.0	0.19069251784911861	0.19405940885016393
1.664874475445638	cosine	24.0	12.0	8.0	0.520088264892305	0.009291071757416634
-0.14130888132731262	cosine	24.0	12.0	4.0	0.6878359394287951	0.0009259810947007011
1.9183397234553656	cosine	24.0	0.0	12.0	0.6048147367590064	0.0030976341623523166
2.168024086421815	cosine	24.0	4.0	8.0	0.36248576037948527	0.05044712112711767
0.17055777195512348	cosine	24.0	8.0	12.0	0.2364037567692295	0.1423291682149232
-0.4612935204119791	cosine	24.0	16.0	12.0	0.41316712200642364	0.03074837886955296
0.399849327258516	cosine	24.0	8.0	12.0	0.36248576037948527	0.05044712112711767
-0.00831206286174953	cosine	24.0	0.0	8.0	0.37518323968843365	0.044753897420978433
-0.9999396373744949	cosine	24.0	16.0	12.0	0.31782086308186436	0.07516173316558697
0.28891746053081313	cosine	24.0	20.0	16.0	0.4449492083146101	0.022018113736134944
-0.36500077085069776	cosine	24.0	0.0	4.0	0.2994447585743574	0.08767317792776053
2.263577990395605	cosine	24.0	20.0	0.0	0.37518323968843365	0.044753897420978433
-1.5920530138662394	cosine	24.0	8.0	4.0	0.3940062612820492	0.037277784955182205
1.7001619920400055	cosine	24.0	16.0	12.0	0.34960294939005077	0.05679866795607516
-0.0363785861765348	cosine	24.0	8.0	12.0	0.26792425767179345	0.11264743725548343
-0.05840259191078632	cosine	24.0	4.0	0.0	0.488567763989741	0.013512582066973257
1.6655436778683983	cosine	24.0	16.0	12.0	0.41316712200642364	0.03074837886955296
-2.2843556772830693	cosine	24.0	12.0	16.0	0.2860387767736779	0.0977376033412587
-1.5830647218858362	cosine	24.0	16.0	4.0	0.38770175433269644	0.03965908586713749
-1.0021594459160557	cosine	24.0	0.0	20.0	0.31265269974036136	0.07853426938217861
0.1499193588968928	cosine	24.0	16.0	8.0	0.5737985964123907	0.004703590814103545
-0.03750924409587556	cosine	24.0	0.0	20.0	0.46897904961054204	0.016897895516253123
1.295884195695496	cosine	24.0	4.0	16.0	0.5117663157191593	0.010275152505006458
0.531207348064575	cosine	24.0	4.0	8.0	0.2364037567692295	0.1423291682149232
-0.4598510287895331	cosine	24.0	0.0	16.0	0.37518323968843365	0.044753897420978433
0.42029838569110156	cosine	24.0	16.0	20.0	0.2542566904654915	0.12492539106643724
0.044515595003728065	cosine	24.0	12.0	8.0	0.2048832558666656	0.1768962477431396
1.7127753321286268	cosine	24.0	8.0	12.0	0.5516087657948688	0.006271913590386279
0.9329584624950623	cosine	24.0	12.0	8.0	0.42552676218461316	0.027061931661110435
-0.5612056324605231	cosine	24.0	20.0	16.0	0.15891043154093218	0.2360104104586807
0.8133577730742021	cosine	24.0	12.0	16.0	0.41316712200642364	0.03074837886955296
1.0226991228838556	cosine	24.0	0.0	12.0	0.38770175433269644	0.03965908586713749
1.468015142610695	cosine	24.0	12.0	16.0	0.4767312946227965	0.015480063791539503
0.9355991440493031	cosine	24.0	4.0	0.0	0.4570472630871771	0.01929656018546278
1.1171813654396812	cosine	24.0	12.0	8.0	0.520088264892305	0.009291071757416634
-2.0290411442939242	cosine	24.0	4.0	8.0	0.36248576037948527	0.05044712112711767
-1.5414132056682313	cosine	24.0	16.0	12.0	0.22247460415730505	0.1569979267286259
-2.5199619959216655	cosine	24.0	12.0	16.0	0.31782086308186436	0.07516173316558697
0.7856854927845216	cosine	24.0	20.0	0.0	0.34391796971439753	0.05979464037584733
-0.9403614602649373	cosine	24.0	4.0	12.0	0.34391796971439753	0.05979464037584733
0.45933768663077656	cosine	24.0	4.0	8.0	0.2994447585743574	0.08767317792776053
0.7958386262429059	cosine	24.0	20.0	16.0	0.6038596398555423	0.0031385812005819934
1.2856387398645914	cosine	24.0	4.0	8.0	0.2994447585743574	0.08767317792776053
-1.697542335720839	cosine	24.0	0.0	20.0	0.37518323968843365	0.044753897420978433
0.39262627719891713	cosine	24.0	8.0	16.0	0.5117663157191593	0.010275152505006458
-0.850790508174945	cosine	24.0	16.0	0.0	0.31265269974036136	0.07853426938217861
-1.0233977977436821	cosine	24.0	8.0	4.0	0.26792425767179345	0.11264743725548343
-0.15465215397157542	cosine	24.0	20.0	0.0	0.18759161984421682	0.1979406704679717
2.288197760453466	cosine	24.0	8.0	12.0	0.2364037567692295	0.1423291682149232
1.2088332840873044	cosine	24.0	12.0	4.0	0.40644850966246976	0.03292085287309089
-0.7394577699768704	cosine	24.0	12.0	8.0	0.36248576037948527	0.05044712112711767
-0.48783812347902766	cosine	24.0	12.0	20.0	0.38770175433269644	0.03965908586713749
1.944065069272518	cosine	24.0	12.0	16.0	0.6038596398555423	0.0031385812005819934
0.4025234929955054	cosine	24.0	12.0	8.0	0.2994447585743574	0.08767317792776053
-0.8255905187573982	cosine	24.0	4.0	8.0	0.17336275496410164	0.21634316011970334
1.8413057958379342	cosine	24.0	20.0	0.0	0.46897904961054204	0.016897895516253123
1.0658789489644342	cosine	24.0	20.0	4.0	0.5002443195845782	0.011787064559833655
-0.612989189609383	cosine	24.0	20.0	16.0	0.2860387767736779	0.0977376033412587
-1.021458034067756	cosine	24.0	8.0	12.0	0.2994447585743574	0.08767317792776053
0.4135766785214021	cosine	24.0	12.0	8.0	0.3940062612820492	0.037277784955182205
-0.8450074291277481	cosine	24.0	12.0	8.0	0.4570472630871771	0.01929656018546278
-0.7782307197957801	cosine	24.0	20.0	0.0	0.2501221597922891	0.12881724171626302
1.1325287580122574	cosine	24.0	20.0	16.0	0.2542566904654915	0.12492539106643724
-1.0438382800120083	cosine	24.0	16.0	20.0	0.22247460415730505	0.1569979267286259
0.6637531015336464	cosine	24.0	16.0	20.0	0.6674238124719151	0.0012612939717876347
-0.06267855081286039	cosine	24.0	12.0	8.0	0.4570472630871771	0.01929656018546278
-2.4282733094181146	cosine	24.0	4.0	12.0	0.34391796971439753	0.05979464037584733
-0.03182140907724578	cosine	24.0	0.0	20.0	0.5315095895586144	0.008075181454718987
-1.2410274448984566	cosine	24.0	4.0	8.0	0.2048832558666656	0.1768962477431396
-0.11199406605169997	cosine	24.0	0.0	4.0	0.14184225406153772	0.26045348007935765
-2.312547986446468	cosine	24.0	20.0	12.0	0.48075017537254355	0.014786104244078217
-0.5446943432929642	cosine	24.0	8.0	4.0	0.2994447585743574	0.08767317792776053
-0.52242617152277	cosine	24.0	8.0	12.0	0.2994447585743574	0.08767317792776053
-0.6460859320374156	cosine	24.0	0.0	12.0	0.6048147367590064	0.0030976341623523166
0.19112435028827487	cosine	24.0	12.0	16.0	0.4449492083146101	0.022018113736134944
-0.38190849901874324	cosine	24.0	12.0	0.0	0.5117663157191593	0.010275152505006458
0.43590624962997615	cosine	24.0	0.0	8.0	0.7191012094028312	0.0005679614709175215
0.2387746501908252	cosine	24.0	12.0	8.0	0.3940062612820492	0.037277784955182205
-0.2295200980257571	cosine	24.0	0.0	16.0	0.12506107989614454	0.2856969100727392
-0.7439054828674113	cosine	24.0	4.0	0.0	0.3940062612820492	0.037277784955182205
-0.9908306526377115	cosine	24.0	16.0	12.0	0.38138503569823723	0.042167604419924586
-0.37974554845428754	cosine	24.0	12.0	20.0	0.5737985964123907	0.004703590814103545
-0.4202911531465157	cosine	24.0	0.0	12.0	0.6048147367590064	0.0030976341623523166
-1.1190553024150252	cosine	24.0	4.0	8.0	0.4570472630871771	0.01929656018546278
0.3195268788618068	cosine	24.0	4.0	0.0	0.488567763989741	0.013512582066973257
-1.1759395724980113	cosine	24.0	16.0	8.0	0.48075017537254355	0.014786104244078217
-0.4716385976159639	cosine	24.0	4.0	8.0	0.42552676218461316	0.027061931661110435
1.3290646552867431	cosine	24.0	0.0	12.0	0.44973403502592785	0.02090527421057417
0.16861319721847565	cosine	24.0	4.0	8.0	0.2994447585743574	0.08767317792776053
-1.4969790494436712	cosine	24.0	20.0	12.0	0.48075017537254355	0.014786104244078217
-0.9596750453100963	cosine	24.0	4.0	0.0	0.3940062612820492	0.037277784955182205
-0.685550470569061	cosine	24.0	8.0	4.0	0.5516087657948688	0.006271913590386279
1.9524311766345164	cosine	24.0	8.0	16.0	0.26363719294623356	0.11640217218244758
-0.7782694823852495	cosine	24.0	20.0	0.0	0.2501221597922891	0.12881724171626302
0.39257879061944323	cosine	24.0	20.0	16.0	0.31782086308186436	0.07516173316558697
0.14037426371875703	cosine	24.0	20.0	4.0	0.5940401295066866	0.0035886947605967253
-0.8653786133410546	cosine	24.0	0.0	8.0	0.5315095895586144	0.008075181454718987
1.247614435189492	cosine	24.0	0.0	12.0	0.44973403502592785	0.02090527421057417
-2.044543704057048	cosine	24.0	0.0	4.0	0.36248576037948527	0.05044712112711767
0.04008394062834089	cosine	24.0	16.0	12.0	0.41316712200642364	0.03074837886955296
-0.3468133855057789	cosine	24.0	16.0	8.0	0.44973403502592785	0.02090527421057417
-0.9206844477348334	cosine	24.0	12.0	20.0	0.108556491213155	0.31160584178390943
0.4544508442149909	cosine	24.0	0.0	8.0	0.18759161984421682	0.1979406704679717
-0.9093784810439168	cosine	24.0	20.0	16.0	0.2860387767736779	0.0977376033412587
1.1810802121876265	cosine	24.0	4.0	16.0	0.48075017537254355	0.014786104244078217
0.8638570765461434	cosine	24.0	0.0	20.0	0.28138742976632525	0.10142035953841916
-0.47390219960349633	cosine	24.0	16.0	12.0	0.41316712200642364	0.03074837886955296
0.6223404597442733	cosine	24.0	8.0	16.0	0.44973403502592785	0.02090527421057417
1.7230252185938388	cosine	24.0	16.0	12.0	0.41316712200642364	0.03074837886955296
-1.4007284089328431	cosine	24.0	20.0	16.0	0.38138503569823723	0.042167604419924586
-0.3822132425522932	cosine	24.0	4.0	12.0	0.5627748595326505	0.005432675743650132
-0.27634660285133344	cosine	24.0	16.0	12.0	0.2542566904654915	0.12492539106643724
-0.12403539621306889	cosine	24.0	20.0	16.0	0.19069251784911861	0.19405940885016393
0.6324782574236667	cosine	24.0	8.0	12.0	0.26792425767179345	0.11264743725548343
0.23591751155960586	cosine	24.0	16.0	0.0	0.40644850966246976	0.03292085287309089
-1.2766719778741284	cosine	24.0	0.0	4.0	0.2364037567692295	0.1423291682149232
-0.23046866339471817	cosine	24.0	16.0	20.0	0.19069251784911861	0.19405940885016393
-1.8996804391389066	cosine	24.0	20.0	8.0	0.6770032003863306	0.0010920931144948432
0.03206523815883795	cosine	24.0	12.0	16.0	0.4449492083146101	0.022018113736134944
0.511116917075148	cosine	24.0	8.0	12.0	0.5516087657948688	0.006271913590386279
-1.432737259498291	cosine	24.0	20.0	16.0	0.19069251784911861	0.19405940885016393
0.8201799666156574	cosine	24.0	4.0	8.0	0.2364037567692295	0.1423291682149232
-0.7785172097459139	cosine	24.0	12.0	16.0	0.19069251784911861	0.19405940885016393
0.7684768588706056	cosine	24.0	20.0	12.0	0.325669473639465	0.07025277592236653
0.05052994623082919	cosine	24.0	0.0	20.0	0.6565706694547588	0.001481745846560898
-0.3413080076443572	cosine	24.0	4.0	16.0	0.7288792981454693	0.0004855762269990423
0.5971102124050524	cosine	24.0	16.0	20.0	0.34960294939005077	0.05679866795607516
1.269052730350595	cosine	24.0	4.0	20.0	0.21885688981825296	0.16096491949833142
-0.2706912690969834	cosine	24.0	16.0	0.0	0.5627748595326505	0.005432675743650132
-0.9874841489960605	cosine	24.0	16.0	20.0	0.4449492083146101	0.022018113736134944
-0.9732205044809179	cosine	24.0	12.0	16.0	0.31782086308186436	0.07516173316558697
1.4740343532625335	cosine	24.0	0.0	20.0	0.5002443195845782	0.011787064559833655
0.7371773858957307	cosine	24.0	4.0	16.0	0.325669473639465	0.07025277592236653
1.2155962722579405	cosine	24.0	20.0	12.0	0.26363719294623356	0.11640217218244758
0.8891131651930507	cosine	24.0	16.0	4.0	0.6048147367590064	0.0030976341623523166
-0.6707325026790809	cosine	24.0	8.0	12.0	0.36248576037948527	0.05044712112711767
-0.3219953669028254	cosine	24.0	8.0	4.0	0.33096525947692135	0.06708239491800405
0.5257792308951054	cosine	24.0	16.0	20.0	0.5720775535473558	0.004811332704071246
-2.1569991656762477	cosine	24.0	12.0	16.0	0.5720775535473558	0.004811332704071246
0.1649203864130688	cosine	24.0	8.0	4.0	0.26792425767179345	0.11264743725548343
1.1410048492510365	cosine	24.0	20.0	4.0	0.34391796971439753	0.05979464037584733
-1.946515350259367	cosine	24.0	20.0	12.0	0.17058877190638644	0.22004281389555647
-1.863319462000638	cosine	24.0	0.0	20.0	0.37518323968843365	0.044753897420978433
0.9013193322458778	cosine	24.0	16.0	20.0	0.2542566904654915	0.12492539106643724
-0.28053740889654843	cosine	24.0	12.0	16.0	0.34960294939005077	0.05679866795607516
1.0322751348765502	cosine	24.0	16.0	20.0	0.2860387767736779	0.0977376033412587
-0.14982724695907657	cosine	24.0	20.0	8.0	0.40004734568283173	0.03510685701315916
0.8399989264957599	cosine	24.0	4.0	20.0	0.21885688981825296	0.16096491949833142
0.9865427230226856	cosine	24.0	20.0	8.0	0.24618298195866567	0.13260270265321483
-1.2085502536937187	cosine	24.0	4.0	12.0	0.34391796971439753	0.05979464037584733
-0.2931245220573944	cosine	24.0	16.0	20.0	0.22247460415730505	0.1569979267286259
0.3214664549281628	cosine	24.0	8.0	4.0	0.3940062612820492	0.037277784955182205
-0.6063690056674216	cosine	24.0	12.0	0.0	0.44973403502592785	0.02090527421057417
1.4157471045632557	cosine	24.0	20.0	0.0	0.37518323968843365	0.044753897420978433
0.12894679080877117	cosine	24.0	4.0	0.0	0.2364037567692295	0.1423291682149232
0.09544332471313002	cosine	24.0	4.0	0.0	0.6146497675999968	0.002703128848699784
-0.24101045683072328	cosine	24.0	4.0	8.0	0.14184225406153772	0.26045348007935765
1.8849951438856214	cosine	24.0	16.0	20.0	0.5720775535473558	0.004811332704071246
1.2611468915818904	cosine	24.0	8.0	12.0	0.33096525947692135	0.06708239491800405
0.47547522094244477	cosine	24.0	20.0	16.0	0.31782086308186436	0.07516173316558697
-1.0996260690066904	cosine	24.0	20.0	16.0	0.2542566904654915	0.12492539106643724
-1.1287759103273318	cosine	24.0	20.0	16.0	0.4767312946227965	0.015480063791539503
-0.41019097288421974	cosine	24.0	12.0	4.0	0.43771377963650593	0.02379564823412834
0.543371697229327	cosine	24.0	8.0	4.0	0.3940062612820492	0.037277784955182205
0.26044062910710514	cosine	24.0	12.0	20.0	0.325669473639465	0.07025277592236653
0.374944266675454	cosine	24.0	16.0	12.0	0.4449492083146101	0.022018113736134944
-0.21734873396108806	cosine	24.0	20.0	12.0	0.542782456065775	0.007014531725125648
-2.4989169954978205	cosine	24.0	8.0	16.0	0.325669473639465	0.07025277592236653
-1.0140138758238415	cosine	24.0	16.0	12.0	0.4449492083146101	0.022018113736134944
-0.07390358801177793	cosine	24.0	16.0	8.0	0.44973403502592785	0.02090527421057417
-0.4147131451607891	cosine	24.0	4.0	20.0	0.37518323968843365	0.044753897420978433
-0.3872235707682428	cosine	24.0	16.0	8.0	0.5117663157191593	0.010275152505006458
-0.665167745845749	cosine	24.0	16.0	8.0	0.35668561398608073	0.053232974601062806
-0.2864259188497015	cosine	24.0	8.0	4.0	0.4570472630871771	0.01929656018546278
0.3225138647607192	cosine	24.0	20.0	12.0	0.38770175433269644	0.03965908586713749
0.06318046778728266	cosine	24.0	20.0	4.0	0.18759161984421682	0.1979406704679717
0.9834282139342421	cosine	24.0	20.0	16.0	0.4449492083146101	0.022018113736134944
-1.0851991057552002	cosine	24.0	16.0	12.0	0.5402954672391693	0.0072373318982772135
1.6606044828962925	cosine	24.0	20.0	16.0	0.34960294939005077	0.05679866795607516
-0.2826762185718015	cosine	24.0	20.0	16.0	0.4767312946227965	0.015480063791539503
-0.006342469185214451	cosine	24.0	16.0	8.0	0.44973403502592785	0.02090527421057417
-0.37470450055295695	cosine	24.0	8.0	16.0	0.44973403502592785	0.02090527421057417
-0.11383599899247716	cosine	24.0	4.0	0.0	0.33096525947692135	0.06708239491800405
-0.4843663008972397	cosine	24.0	12.0	16.0	0.34960294939005077	0.05679866795607516
-0.39376949036845355	cosine	24.0	20.0	0.0	0.5002443195845782	0.011787064559833655
-0.6289551327587352	cosine	24.0	0.0	8.0	0.28138742976632525	0.10142035953841916
-1.3883601896321032	cosine	24.0	8.0	12.0	0.4570472630871771	0.01929656018546278
-0.38306328347607355	cosine	24.0	12.0	8.0	0.42552676218461316	0.027061931661110435
0.843376567381526	cosine	24.0	4.0	0.0	0.26792425767179345	0.11264743725548343
-1.8275770190862073	cosine	24.0	8.0	12.0	0.2048832558666656	0.1768962477431396
1.1471979075522956	cosine	24.0	16.0	12.0	0.19069251784911861	0.19405940885016393
0.14452567577676284	cosine	24.0	8.0	4.0	0.2048832558666656	0.1768962477431396
-0.23625695364665805	cosine	24.0	8.0	4.0	0.3940062612820492	0.037277784955182205
1.359501611514357	cosine	24.0	12.0	4.0	0.2501221597922891	0.12881724171626302
-0.9815420353428086	cosine	24.0	12.0	16.0	0.34960294939005077	0.05679866795607516
-0.461384289388552	cosine	24.0	12.0	20.0	0.38770175433269644	0.03965908586713749
-0.16588112632047733	cosine	24.0	4.0	8.0	0.4570472630871771	0.01929656018546278
-0.1795757297722364	cosine	24.0	4.0	16.0	0.1395726315597707	0.26379925819755046
-1.9898649291748827	cosine	24.0	20.0	0.0	0.28138742976632525	0.10142035953841916
-1.414427916972382	cosine	24.0	20.0	16.0	0.22247460415730505	0.1569979267286259
-1.6259409867838113	cosine	24.0	12.0	8.0	0.26792425767179345	0.11264743725548343
-0.13244452890235534	cosine	24.0	12.0	16.0	0.15891043154093218	0.2360104104586807
-0.006010085533288006	cosine	24.0	12.0	8.0	0.33096525947692135	0.06708239491800405
0.7504450182979575	cosine	24.0	0.0	20.0	0.43771377963650593	0.02379564823412834
0.8717491759320761	cosine	24.0	12.0	20.0	0.35668561398608073	0.053232974601062806
-0.30572916438405684	cosine	24.0	0.0	8.0	0.5315095895586144	0.008075181454718987
-0.28023463408153426	cosine	24.0	4.0	8.0	0.4570472630871771	0.01929656018546278
0.5309733995016236	cosine	24.0	8.0	20.0	0.6154574548966641	0.002672839047301177
-1.6082991039915138	cosine	24.0	16.0	20.0	0.5402954672391693	0.0072373318982772135
0.28573507990040037	cosine	24.0	16.0	20.0	0.09534625892455931	0.3330462617847142
1.5573179916333102	cosine	24.0	16.0	20.0	0.41316712200642364	0.03074837886955296
1.4138549277148698	cosine	24.0	12.0	8.0	0.2994447585743574	0.08767317792776053
-0.522894570797918	cosine	24.0	0.0	16.0	0.21885688981825296	0.16096491949833142
1.6953829226159505	cosine	24.0	4.0	8.0	0.6146497675999968	0.002703128848699784
-0.04177577251354436	cosine	24.0	16.0	20.0	0.5402954672391693	0.0072373318982772135
-1.3701222778426159	cosine	24.0	0.0	16.0	0.37518323968843365	0.044753897420978433
-1.2186283747232083	cosine	24.0	16.0	8.0	0.44973403502592785	0.02090527421057417
0.49870346805487525	cosine	24.0	4.0	20.0	0.18759161984421682	0.1979406704679717
-0.6982011192383712	cosine	24.0	0.0	4.0	0.2048832558666656	0.1768962477431396
-0.20880512351346162	cosine	24.0	16.0	20.0	0.34960294939005077	0.05679866795607516
0.8443087715159008	cosine	24.0	8.0	16.0	0.44973403502592785	0.02090527421057417
0.3489847851172345	cosine	24.0	16.0	0.0	0.46897904961054204	0.016897895516253123
-0.6225490521169186	cosine	24.0	16.0	8.0	0.20160491225300214	0.18077354211323055
-0.7425982739267348	cosine	24.0	12.0	16.0	0.5402954672391693	0.0072373318982772135
1.5598619696637954	cosine	24.0	4.0	16.0	0.1395726315597707	0.26379925819755046
1.4526799124761167	cosine	24.0	12.0	8.0	0.6461702685025607	0.001725440175873364
-1.0511741568586543	cosine	24.0	4.0	20.0	0.40644850966246976	0.03292085287309089
-1.9372388314765057	cosine	24.0	0.0	20.0	0.2501221597922891	0.12881724171626302
-0.07504826277102108	cosine	24.0	20.0	16.0	0.2542566904654915	0.12492539106643724
-0.4919528507863537	cosine	24.0	20.0	8.0	0.5231388366621645	0.008951565507853972
-0.8890956462968225	cosine	24.0	20.0	12.0	0.5737985964123907	0.004703590814103545
-0.00936969308512077	cosine	24.0	20.0	16.0	0.6992058987801015	0.0007768612113157386
0.5686204340937603	cosine	24.0	16.0	12.0	0.4449492083146101	0.022018113736134944
0.6310234428862621	cosine	24.0	16.0	4.0	0.38770175433269644	0.03965908586713749
-0.47247270774010464	cosine	24.0	12.0	8.0	0.26792425767179345	0.11264743725548343
-0.4155727130476047	cosine	24.0	4.0	8.0	0.42552676218461316	0.027061931661110435
-0.14562920324433612	cosine	24.0	16.0	12.0	0.2542566904654915	0.12492539106643724
0.3130890715552086	cosine	24.0	0.0	16.0	0.21885688981825296	0.16096491949833142
0.09615546033194744	cosine	24.0	0.0	20.0	0.31265269974036136	0.07853426938217861
0.10291028875704927	cosine	24.0	12.0	8.0	0.36248576037948527	0.05044712112711767
0.5313104937241552	cosine	24.0	12.0	8.0	0.26792425767179345	0.11264743725548343
-1.7024555870056473	cosine	24.0	12.0	16.0	0.38138503569823723	0.042167604419924586
-0.7090268571760145	cosine	24.0	16.0	20.0	0.41316712200642364	0.03074837886955296
0.7597392604939938	cosine	24.0	0.0	4.0	0.33096525947692135	0.06708239491800405
-0.37464124743121924	cosine	24.0	16.0	8.0	0.26363719294623356	0.11640217218244758
0.2850745877701629	cosine	24.0	20.0	16.0	0.4449492083146101	0.022018113736134944
-1.3852450890799712	cosine	24.0	8.0	12.0	0.36248576037948527	0.05044712112711767
1.5909349881021149	cosine	24.0	20.0	0.0	0.5002443195845782	0.011787064559833655
1.2503691891504973	cosine	24.0	20.0	8.0	0.49236596391733134	0.012928792206995913
-1.755554291180641	cosine	24.0	8.0	12.0	0.36248576037948527	0.05044712112711767
-1.4013203334236095	cosine	24.0	20.0	4.0	0.5315095895586144	0.008075181454718987
-0.007979080446616358	cosine	24.0	8.0	4.0	0.520088264892305	0.009291071757416634
1.0060353642102529	cosine	24.0	0.0	4.0	0.26792425767179345	0.11264743725548343
-0.7712190669276723	cosine	24.0	4.0	0.0	0.488567763989741	0.013512582066973257
-0.4593161069027502	cosine	24.0	4.0	8.0	0.3940062612820492	0.037277784955182205
-0.23668820116709136	cosine	24.0	0.0	16.0	0.31265269974036136	0.07853426938217861
-2.0180966948661236	cosine	24.0	0.0	20.0	0.43771377963650593	0.02379564823412834
1.4080591595106662	cosine	24.0	8.0	0.0	0.28138742976632525	0.10142035953841916
-0.928832941765165	cosine	24.0	12.0	16.0	0.2542566904654915	0.12492539106643724
1.1460727707930938	cosine	24.0	20.0	0.0	0.34391796971439753	0.05979464037584733
1.0119894422413451	cosine	24.0	0.0	4.0	0.2994447585743574	0.08767317792776053
0.864900229894642	cosine	24.0	20.0	8.0	0.6770032003863306	0.0010920931144948432
1.8041530297531851	cosine	24.0	0.0	4.0	0.36248576037948527	0.05044712112711767
-0.5080534288923595	cosine	24.0	16.0	20.0	0.34960294939005077	0.05679866795607516
-0.35213486758202933	cosine	24.0	12.0	0.0	0.48075017537254355	0.014786104244078217
-1.8815768679061728	cosine	24.0	0.0	20.0	0.21885688981825296	0.16096491949833142
0.15414498204096377	cosine	24.0	20.0	4.0	0.2501221597922891	0.12881724171626302
0.9972235084924044	cosine	24.0	8.0	12.0	0.11032175315897377	0.30878653769005726
0.041365210756722136	cosine	24.0	20.0	16.0	0.508513380930983	0.01068384436354423
-0.9826679110621569	cosine	24.0	12.0	16.0	0.31782086308186436	0.07516173316558697
-0.017959246814162343	cosine	24.0	4.0	0.0	0.2994447585743574	0.08767317792776053
-0.6496677466220038	cosine	24.0	16.0	20.0	0.31782086308186436	0.07516173316558697
0.6961721309169296	cosine	24.0	12.0	4.0	0.46897904961054204	0.016897895516253123
-1.0595675070835955	cosine	24.0	8.0	12.0	0.4570472630871771	0.01929656018546278
-1.4765782968420849	cosine	24.0	4.0	8.0	0.36248576037948527	0.05044712112711767
2.2858818379863926	cosine	24.0	12.0	8.0	0.42552676218461316	0.027061931661110435
-0.24445550030230329	cosine	24.0	16.0	0.0	0.34391796971439753	0.05979464037584733
0.7795427905374395	cosine	24.0	0.0	4.0	0.26792425767179345	0.11264743725548343
-0.4757772632159785	cosine	24.0	12.0	16.0	0.31782086308186436	0.07516173316558697
-0.5433734366927849	cosine	24.0	16.0	12.0	0.19069251784911861	0.19405940885016393
2.3259351631424865	cosine	24.0	16.0	20.0	0.19069251784911861	0.19405940885016393
0.3425745022490962	cosine	24.0	20.0	16.0	0.2860387767736779	0.0977376033412587
-0.47581751415463325	cosine	24.0	16.0	12.0	0.2542566904654915	0.12492539106643724
0.16284735015061275	cosine	24.0	20.0	0.0	0.5940401295066866	0.0035886947605967253
2.266289551593851	cosine	24.0	0.0	16.0	0.2501221597922891	0.12881724171626302
-0.5734389272344723	cosine	24.0	12.0	16.0	0.41316712200642364	0.03074837886955296
0.9751415959577986	cosine	24.0	12.0	16.0	0.4767312946227965	0.015480063791539503
-0.20205134504111286	cosine	24.0	16.0	20.0	0.508513380930983	0.01068384436354423
0.11217074076428186	cosine	24.0	12.0	8.0	0.33096525947692135	0.06708239491800405
1.0418987045696673	cosine	24.0	0.0	4.0	0.26792425767179345	0.11264743725548343
-0.22092517045951013	cosine	24.0	16.0	4.0	0.26363719294623356	0.11640217218244758
0.39295320739548906	cosine	24.0	8.0	4.0	0.26792425767179345	0.11264743725548343
-0.6479442023703761	cosine	24.0	4.0	0.0	0.6146497675999968	0.002703128848699784
0.37987202409107723	cosine	24.0	16.0	20.0	0.2542566904654915	0.12492539106643724
0.47694145579571284	cosine	24.0	8.0	12.0	0.4570472630871771	0.01929656018546278
-0.77418258833858	cosine	24.0	4.0	0.0	0.2364037567692295	0.1423291682149232
0.20033242610081603	cosine	24.0	4.0	0.0	0.42552676218461316	0.027061931661110435
1.6643564438411533	cosine	24.0	4.0	8.0	0.5516087657948688	0.006271913590386279
0.6251180495077224	cosine	24.0	4.0	0.0	0.26792425767179345	0.11264743725548343
-0.5471865148424392	cosine	24.0	4.0	20.0	0.12506107989614454	0.2856969100727392
-1.720191632674788	cosine	24.0	8.0	4.0	0.33096525947692135	0.06708239491800405
-1.2252308009597066	cosine	24.0	20.0	4.0	0.34391796971439753	0.05979464037584733
1.4610512452920383	cosine	24.0	20.0	16.0	0.2542566904654915	0.12492539106643724
-1.3343129571549743	cosine	24.0	4.0	8.0	0.488567763989741	0.013512582066973257
-0.3314258838715461	cosine	24.0	0.0	8.0	0.31265269974036136	0.07853426938217861
-0.518059553423163	cosine	24.0	8.0	20.0	0.21541010921383247	0.16480480916667006
1.1997053147078762	cosine	24.0	4.0	20.0	0.2501221597922891	0.12881724171626302
1.0642997952737896	cosine	24.0	20.0	8.0	0.40004734568283173	0.03510685701315916
-1.878440164723484	cosine	24.0	8.0	20.0	0.584684582151831	0.004070583044510975
0.8381273409060745	cosine	24.0	8.0	4.0	0.5831292666974328	0.004156084107205838
-0.3611755968152274	cosine	24.0	16.0	12.0	0.2860387767736779	0.0977376033412587
-0.35236248173669804	cosine	24.0	12.0	8.0	0.5831292666974328	0.004156084107205838
-1.1816087865660199	cosine	24.0	4.0	16.0	0.5117663157191593	0.010275152505006458
0.3710675977889864	cosine	24.0	12.0	8.0	0.3940062612820492	0.037277784955182205
0.16236374585462077	cosine	24.0	8.0	12.0	0.4570472630871771	0.01929656018546278
-0.45957360364160815	cosine	24.0	16.0	8.0	0.542782456065775	0.007014531725125648
-1.3132573793280689	cosine	24.0	8.0	12.0	0.4570472630871771	0.01929656018546278
-0.19323722837676133	cosine	24.0	4.0	8.0	0.4570472630871771	0.01929656018546278
-2.132995510756253	cosine	24.0	8.0	12.0	0.07880125225640984	0.3606815004067642
-1.220853123448172	cosine	24.0	8.0	16.0	0.5737985964123907	0.004703590814103545
0.9485603476765171	cosine	24.0	12.0	16.0	0.6992058987801015	0.0007768612113157386
-0.8641963433591139	cosine	24.0	16.0	12.0	0.508513380930983	0.01068384436354423
-0.618510028351516	cosine	24.0	12.0	16.0	0.38138503569823723	0.042167604419924586
1.8500543473664364	cosine	24.0	16.0	8.0	0.23262105259961785	0.14621780365458337
0.9222313083206263	cosine	24.0	0.0	4.0	0.36248576037948527	0.05044712112711767
1.2316913716117206	cosine	24.0	8.0	12.0	0.2364037567692295	0.1423291682149232
-2.457518410671449	cosine	24.0	20.0	0.0	0.6253053994807227	0.0023274023270582257
0.4673168329867024	cosine	24.0	12.0	16.0	0.5402954672391693	0.0072373318982772135
-0.25262153917509855	cosine	24.0	16.0	8.0	0.23262105259961785	0.14621780365458337
-0.2739624891599124	cosine	24.0	0.0	4.0	0.3940062612820492	0.037277784955182205
3.123813934456293	cosine	24.0	8.0	20.0	0.6462303276414973	0.001723933898960118
-1.142716410112256	cosine	24.0	20.0	4.0	0.37518323968843365	0.044753897420978433
