ID	Waveform	Period	Phase	Nadir	Tau	P
-1.2628774788748827	cosine	12.0	8.0	0.0	0.28138742976632525	0.10142035953841916
0.029385188529351756	cosine	12.0	8.0	0.0	0.09379580992210841	0.3356006186019033
-0.40920819885850374	cosine	12.0	4.0	12.0	0.23262105259961785	0.14621780365458337
0.05152459675490468	cosine	12.0	0.0	8.0	0.21885688981825296	0.16096491949833142
1.6949950266182494	cosine	12.0	12.0	8.0	0.17058877190638644	0.22004281389555647
0.6947944949066921	cosine	12.0	8.0	0.0	0.28138742976632525	0.10142035953841916
0.00043902189650890866	cosine	12.0	0.0	4.0	0.12506107989614454	0.2856969100727392
-0.9282495831780943	cosine	12.0	8.0	4.0	0.20160491225300214	0.18077354211323055
-0.5355335792428051	cosine	12.0	4.0	8.0	0.23262105259961785	0.14621780365458337
1.5166285646168087	cosine	12.0	12.0	4.0	0.1395726315597707	0.26379925819755046
0.41003565438403056	cosine	12.0	8.0	12.0	0.20160491225300214	0.18077354211323055
0.365588399770112	cosine	12.0	4.0	8.0	0.20160491225300214	0.18077354211323055
1.143086420690226	cosine	12.0	4.0	0.0	0.2501221597922891	0.12881724171626302
-1.3657010170208135	cosine	12.0	0.0	4.0	0.37518323968843365	0.044753897420978433
-0.8532219489156654	cosine	12.0	8.0	4.0	0.20160491225300214	0.18077354211323055
-0.9013194022870541	cosine	12.0	12.0	4.0	0.1395726315597707	0.26379925819755046
1.9640561677586925	cosine	12.0	4.0	8.0	0.29465333329284926	0.09117756893125428
-0.6103591201570973	cosine	12.0	4.0	0.0	0.09379580992210841	0.3356006186019033
0.269079729259037	cosine	12.0	8.0	4.0	0.35668561398608073	0.053232974601062806
1.474729844132723	cosine	12.0	4.0	8.0	0.20160491225300214	0.18077354211323055
-1.1732799640997278	cosine	12.0	4.0	0.0	0.34391796971439753	0.05979464037584733
-0.10076675988495938	cosine	12.0	0.0	4.0	0.34391796971439753	0.05979464037584733
1.4362352884988556	cosine	12.0	0.0	8.0	0.18759161984421682	0.1979406704679717
-0.16661724471226244	cosine	12.0	0.0	8.0	0.21885688981825296	0.16096491949833142
-0.28481703743854364	cosine	12.0	4.0	0.0	0.5002443195845782	0.011787064559833655
0.14639261388990907	cosine	12.0	8.0	4.0	0.17058877190638644	0.22004281389555647
-0.22392347427203219	cosine	12.0	0.0	8.0	0.31265269974036136	0.07853426938217861
0.11843641178372438	cosine	12.0	0.0	4.0	0.43771377963650593	0.02379564823412834
1.9733748329090293	cosine	12.0	4.0	12.0	0.1395726315597707	0.26379925819755046
-0.7341182677141562	cosine	12.0	0.0	4.0	0.31265269974036136	0.07853426938217861
0.3384176723402221	cosine	12.0	4.0	0.0	0.2501221597922891	0.12881724171626302
0.9486226430368707	cosine	12.0	0.0	4.0	0.28138742976632525	0.10142035953841916
1.2788205978681901	cosine	12.0	4.0	12.0	0.17058877190638644	0.22004281389555647
1.7387103236090289	cosine	12.0	8.0	12.0	0.108556491213155	0.31160584178390943
0.3962665403494734	cosine	12.0	12.0	8.0	0.35668561398608073	0.053232974601062806
-0.8148636360508276	cosine	12.0	8.0	12.0	0.26363719294623356	0.11640217218244758
0.9410055893767546	cosine	12.0	4.0	0.0	0.21885688981825296	0.16096491949833142
0.27990167844298863	cosine	12.0	4.0	0.0	0.12506107989614454	0.2856969100727392
0.638063877149525	cosine	12.0	8.0	12.0	0.23262105259961785	0.14621780365458337
1.4028531120271734	cosine	12.0	8.0	4.0	0.35668561398608073	0.053232974601062806
-0.22512244333028184	cosine	12.0	12.0	4.0	0.38770175433269644	0.03965908586713749
-0.1495301541328993	cosine	12.0	8.0	4.0	0.44973403502592785	0.02090527421057417
-0.17835270353501476	cosine	12.0	4.0	8.0	0.20160491225300214	0.18077354211323055
-0.7296503717073873	cosine	12.0	12.0	4.0	0.20160491225300214	0.18077354211323055
0.14559421600176237	cosine	12.0	8.0	12.0	0.38770175433269644	0.03965908586713749
-1.5896614515937901	cosine	12.0	8.0	4.0	0.1395726315597707	0.26379925819755046
-1.282851614194427	cosine	12.0	8.0	12.0	0.38770175433269644	0.03965908586713749
-0.15905655957962214	cosine	12.0	8.0	12.0	0.325669473639465	0.07025277592236653
0.5416208912086429	cosine	12.0	4.0	0.0	0.18759161984421682	0.1979406704679717
2.255697895489225	cosine	12.0	4.0	8.0	0.325669473639465	0.07025277592236653
2.223555858134253	cosine	12.0	0.0	8.0	0.21885688981825296	0.16096491949833142
-0.5107530376450501	cosine	12.0	0.0	4.0	0.43771377963650593	0.02379564823412834
-0.35331492866534897	cosine	12.0	4.0	8.0	0.29465333329284926	0.09117756893125428
-2.120578689324587	cosine	12.0	8.0	0.0	0.34391796971439753	0.05979464037584733
1.5790052425665349	cosine	12.0	0.0	8.0	0.31265269974036136	0.07853426938217861
0.035987248595825	cosine	12.0	12.0	8.0	0.20160491225300214	0.18077354211323055
-1.1528291602737217	cosine	12.0	4.0	8.0	0.26363719294623356	0.11640217218244758
-1.836770878493161	cosine	12.0	4.0	0.0	0.21885688981825296	0.16096491949833142
2.3202934444468832	cosine	12.0	8.0	0.0	0.06253053994807227	0.38858842967327256
0.2964590944330725	cosine	12.0	4.0	0.0	0.46897904961054204	0.016897895516253123
-0.9634403070178246	cosine	12.0	0.0	8.0	0.37518323968843365	0.044753897420978433
-0.3139425198082419	cosine	12.0	4.0	0.0	0.09379580992210841	0.3356006186019033
-1.306367688540791	cosine	12.0	4.0	8.0	0.44973403502592785	0.02090527421057417
-0.8250388144912298	cosine	12.0	4.0	12.0	0.44973403502592785	0.02090527421057417
0.8409503462585126	cosine	12.0	0.0	8.0	0.31265269974036136	0.07853426938217861
-0.36732221992537784	cosine	12.0	12.0	8.0	0.17058877190638644	0.22004281389555647
2.1884991326300702	cosine	12.0	0.0	8.0	0.21885688981825296	0.16096491949833142
-1.8409319237160173	cosine	12.0	4.0	12.0	0.23262105259961785	0.14621780365458337
0.7314033279648907	cosine	12.0	4.0	0.0	0.28138742976632525	0.10142035953841916
-1.578837555244969	cosine	12.0	4.0	8.0	0.23262105259961785	0.14621780365458337
0.8263528970613306	cosine	12.0	4.0	12.0	0.41871789467931214	0.02904431653896035
1.6046665187732263	cosine	12.0	0.0	8.0	0.12506107989614454	0.2856969100727392
-0.96736945112009	cosine	12.0	8.0	12.0	0.26363719294623356	0.11640217218244758
-1.8634373419423613	cosine	12.0	8.0	12.0	0.29465333329284926	0.09117756893125428
-0.9994999008925792	cosine	12.0	8.0	0.0	0.43771377963650593	0.02379564823412834
0.4099918525830102	cosine	12.0	4.0	0.0	0.2501221597922891	0.12881724171626302
-0.9941677166054859	cosine	12.0	12.0	4.0	0.38770175433269644	0.03965908586713749
0.8299599627871523	cosine	12.0	12.0	4.0	0.325669473639465	0.07025277592236653
-0.8068261531114501	cosine	12.0	8.0	0.0	0.31265269974036136	0.07853426938217861
1.2927142446323023	cosine	12.0	4.0	0.0	0.28138742976632525	0.10142035953841916
0.4480247585379415	cosine	12.0	4.0	8.0	0.38770175433269644	0.03965908586713749
1.8034073520687868	cosine	12.0	4.0	12.0	0.48075017537254355	0.014786104244078217
0.4579698484837792	cosine	12.0	12.0	4.0	0.1395726315597707	0.26379925819755046
1.560798255294262	cosine	12.0	8.0	12.0	0.5737985964123907	0.004703590814103545
-0.44386447901183845	cosine	12.0	4.0	0.0	0.31265269974036136	0.07853426938217861
-1.0891860978092813	cosine	12.0	8.0	12.0	0.17058877190638644	0.22004281389555647
-0.38483751422533724	cosine	12.0	0.0	4.0	0.21885688981825296	0.16096491949833142
-0.26921162142175636	cosine	12.0	8.0	4.0	0.44973403502592785	0.02090527421057417
-1.7552030071653706	cosine	12.0	8.0	4.0	0.44973403502592785	0.02090527421057417
0.3321635192265331	cosine	12.0	12.0	8.0	0.325669473639465	0.07025277592236653
1.1903405811190806	cosine	12.0	4.0	8.0	0.29465333329284926	0.09117756893125428
-0.5958183525988007	cosine	12.0	4.0	8.0	0.26363719294623356	0.11640217218244758
-0.6734170069132996	cosine	12.0	4.0	8.0	0.108556491213155	0.31160584178390943
1.1397130468676309	cosine	12.0	4.0	0.0	0.6565706694547588	0.001481745846560898
0.00521872906875228	cosine	12.0	0.0	4.0	0.15632634987018068	0.23962792898088553
-0.6903965136033843	cosine	12.0	0.0	4.0	0.21885688981825296	0.16096491949833142
0.7002751923630182	cosine	12.0	4.0	0.0	0.09379580992210841	0.3356006186019033
0.6424214980335663	cosine	12.0	0.0	4.0	0.34391796971439753	0.05979464037584733
-0.7477203787360754	cosine	12.0	8.0	12.0	0.26363719294623356	0.11640217218244758
-0.20111782099752495	cosine	12.0	8.0	12.0	0.17058877190638644	0.22004281389555647
1.6925402883485434	cosine	12.0	0.0	8.0	0.15632634987018068	0.23962792898088553
1.294473094113515	cosine	12.0	4.0	12.0	0.35668561398608073	0.053232974601062806
-0.8599640822771109	cosine	12.0	0.0	8.0	0.28138742976632525	0.10142035953841916
0.7127213665892437	cosine	12.0	12.0	4.0	0.108556491213155	0.31160584178390943
-1.8052392883888073	cosine	12.0	8.0	4.0	0.26363719294623356	0.11640217218244758
-0.4882969725058637	cosine	12.0	4.0	8.0	0.23262105259961785	0.14621780365458337
0.9405564154736895	cosine	12.0	8.0	4.0	0.48075017537254355	0.014786104244078217
1.418238618918943	cosine	12.0	4.0	8.0	0.325669473639465	0.07025277592236653
-0.18154616258719414	cosine	12.0	4.0	12.0	0.325669473639465	0.07025277592236653
0.012734632146663429	cosine	12.0	8.0	4.0	0.38770175433269644	0.03965908586713749
0.10027374402312045	cosine	12.0	8.0	12.0	0.325669473639465	0.07025277592236653
0.16494526304466975	cosine	12.0	4.0	0.0	0.40644850966246976	0.03292085287309089
-0.8284515956098146	cosine	12.0	8.0	4.0	0.20160491225300214	0.18077354211323055
-2.6702442183981097	cosine	12.0	0.0	4.0	0.28138742976632525	0.10142035953841916
-1.321632933097937	cosine	12.0	4.0	0.0	0.18759161984421682	0.1979406704679717
-0.881657577126355	cosine	12.0	0.0	4.0	0.28138742976632525	0.10142035953841916
-0.3168248797002104	cosine	12.0	12.0	4.0	0.41871789467931214	0.02904431653896035
-0.21461959181221743	cosine	12.0	0.0	4.0	0.28138742976632525	0.10142035953841916
2.4434703506690143	cosine	12.0	8.0	4.0	0.108556491213155	0.31160584178390943
-0.23606696654544645	cosine	12.0	12.0	4.0	0.07754035086653928	0.3628199843123999
1.6911595912876	cosine	12.0	4.0	8.0	0.29465333329284926	0.09117756893125428
2.419718103844655	cosine	12.0	0.0	4.0	0.18759161984421682	0.1979406704679717
0.9730115954773971	cosine	12.0	4.0	0.0	0.28138742976632525	0.10142035953841916
-0.8510784247420339	cosine	12.0	0.0	8.0	0.21885688981825296	0.16096491949833142
-0.11972319157337936	cosine	12.0	12.0	4.0	0.23262105259961785	0.14621780365458337
-1.2286492350931755	cosine	12.0	0.0	8.0	0.46897904961054204	0.016897895516253123
1.554565827066003	cosine	12.0	0.0	4.0	0.46897904961054204	0.016897895516253123
-0.10733798133022822	cosine	12.0	4.0	8.0	0.325669473639465	0.07025277592236653
-3.3074469715118897	cosine	12.0	0.0	4.0	0.6253053994807227	0.0023274023270582257
1.3868856333094277	cosine	12.0	8.0	12.0	0.23262105259961785	0.14621780365458337
-0.5623429487329857	cosine	12.0	4.0	8.0	0.6048147367590064	0.0030976341623523166
1.749632408572746	cosine	12.0	8.0	0.0	0.43771377963650593	0.02379564823412834
0.5847852880072141	cosine	12.0	8.0	0.0	0.09379580992210841	0.3356006186019033
1.4455836100250257	cosine	12.0	4.0	8.0	0.29465333329284926	0.09117756893125428
-0.3417528656073259	cosine	12.0	8.0	4.0	0.29465333329284926	0.09117756893125428
-0.06619760322200897	cosine	12.0	4.0	12.0	0.29465333329284926	0.09117756893125428
-0.3784677034743061	cosine	12.0	8.0	4.0	0.23262105259961785	0.14621780365458337
-0.328517436842258	cosine	12.0	4.0	8.0	0.325669473639465	0.07025277592236653
0.03090363754570548	cosine	12.0	12.0	4.0	0.325669473639465	0.07025277592236653
-0.44462380351629305	cosine	12.0	12.0	8.0	0.20160491225300214	0.18077354211323055
-0.18166495304025293	cosine	12.0	8.0	4.0	0.20160491225300214	0.18077354211323055
0.947681339029088	cosine	12.0	0.0	4.0	0.6565706694547588	0.001481745846560898
0.5640274270644873	cosine	12.0	8.0	4.0	0.5117663157191593	0.010275152505006458
0.26541752147547293	cosine	12.0	12.0	8.0	0.26363719294623356	0.11640217218244758
-0.7801488597666492	cosine	12.0	12.0	4.0	0.17058877190638644	0.22004281389555647
-0.6339731553229639	cosine	12.0	12.0	8.0	0.325669473639465	0.07025277592236653
1.609289470333895	cosine	12.0	8.0	12.0	0.17058877190638644	0.22004281389555647
-0.4144797127002156	cosine	12.0	8.0	0.0	0.28138742976632525	0.10142035953841916
1.3080030389207968	cosine	12.0	8.0	4.0	0.1395726315597707	0.26379925819755046
1.5832415704133975	cosine	12.0	8.0	12.0	0.23262105259961785	0.14621780365458337
0.18360479005783525	cosine	12.0	4.0	12.0	0.325669473639465	0.07025277592236653
0.28415537411239206	cosine	12.0	4.0	0.0	0.21885688981825296	0.16096491949833142
-0.7745837999676706	cosine	12.0	8.0	4.0	0.1395726315597707	0.26379925819755046
0.6288418105704711	cosine	12.0	4.0	8.0	0.38770175433269644	0.03965908586713749
1.2190687645960772	cosine	12.0	4.0	12.0	0.5117663157191593	0.010275152505006458
0.183414672126579	cosine	12.0	8.0	0.0	0.34391796971439753	0.05979464037584733
-0.9121717160406537	cosine	12.0	0.0	4.0	0.12506107989614454	0.2856969100727392
0.7717101885538403	cosine	12.0	8.0	0.0	0.2501221597922891	0.12881724171626302
-1.7270227059957999	cosine	12.0	8.0	12.0	0.26363719294623356	0.11640217218244758
0.8929867176333027	cosine	12.0	12.0	8.0	0.29465333329284926	0.09117756893125428
0.6250855558936466	cosine	12.0	12.0	4.0	0.29465333329284926	0.09117756893125428
-0.12022500051515173	cosine	12.0	12.0	4.0	0.325669473639465	0.07025277592236653
1.3348653666593746	cosine	12.0	8.0	4.0	0.29465333329284926	0.09117756893125428
-2.234571298348418	cosine	12.0	0.0	8.0	0.5315095895586144	0.008075181454718987
-0.10392668366406042	cosine	12.0	4.0	12.0	0.5117663157191593	0.010275152505006458
-0.1828764753112668	cosine	12.0	0.0	8.0	0.40644850966246976	0.03292085287309089
-0.2771039726068338	cosine	12.0	4.0	12.0	0.23262105259961785	0.14621780365458337
-0.30250463570051045	cosine	12.0	0.0	8.0	0.15632634987018068	0.23962792898088553
-1.5368811970422476	cosine	12.0	8.0	0.0	0.37518323968843365	0.044753897420978433
0.43520479717124155	cosine	12.0	8.0	0.0	0.21885688981825296	0.16096491949833142
0.5027838364156723	cosine	12.0	4.0	8.0	0.29465333329284926	0.09117756893125428
-0.4184732302499852	cosine	12.0	8.0	12.0	0.17058877190638644	0.22004281389555647
2.4866725374640555	cosine	12.0	4.0	8.0	0.20160491225300214	0.18077354211323055
0.05995444315066157	cosine	12.0	8.0	0.0	0.15632634987018068	0.23962792898088553
-0.5600760011842726	cosine	12.0	4.0	12.0	0.325669473639465	0.07025277592236653
-0.020620511702507383	cosine	12.0	4.0	12.0	0.6048147367590064	0.0030976341623523166
0.5558696747393557	cosine	12.0	8.0	0.0	0.2501221597922891	0.12881724171626302
-0.13136392777931946	cosine	12.0	12.0	4.0	0.759895438492085	0.0002917980948878673
-0.40048261143686525	cosine	12.0	8.0	4.0	0.1395726315597707	0.26379925819755046
-2.1604023532822647	cosine	12.0	4.0	0.0	0.46897904961054204	0.016897895516253123
1.220269480638225	cosine	12.0	8.0	0.0	0.5315095895586144	0.008075181454718987
-1.5250745288232699	cosine	12.0	4.0	12.0	0.23262105259961785	0.14621780365458337
1.761016355862562	cosine	12.0	0.0	8.0	0.31265269974036136	0.07853426938217861
-0.006538174903504338	cosine	12.0	0.0	8.0	0.15632634987018068	0.23962792898088553
-2.2204168272701126	cosine	12.0	8.0	4.0	0.35668561398608073	0.053232974601062806
2.263090539730104	cosine	12.0	4.0	8.0	0.23262105259961785	0.14621780365458337
-0.22982512714902964	cosine	12.0	4.0	8.0	0.542782456065775	0.007014531725125648
-0.8448875826521061	cosine	12.0	8.0	0.0	0.34391796971439753	0.05979464037584733
-0.43568396148494015	cosine	12.0	8.0	0.0	0.37518323968843365	0.044753897420978433
-0.3667777527670008	cosine	12.0	8.0	0.0	0.15632634987018068	0.23962792898088553
-0.5886451816221259	cosine	12.0	4.0	8.0	0.04652421051992357	0.4166158148211466
1.1668271128622882	cosine	12.0	8.0	0.0	0.43771377963650593	0.02379564823412834
0.01635141524981838	cosine	12.0	12.0	8.0	0.20160491225300214	0.18077354211323055
1.6062742494318438	cosine	12.0	0.0	8.0	0.6878359394287951	0.0009259810947007011
-0.5328631778070775	cosine	12.0	0.0	8.0	0.2501221597922891	0.12881724171626302
-0.8325671675317031	cosine	12.0	8.0	4.0	0.325669473639465	0.07025277592236653
-0.37971783230519884	cosine	12.0	4.0	8.0	0.26363719294623356	0.11640217218244758
0.8964360945374593	cosine	12.0	4.0	12.0	0.20160491225300214	0.18077354211323055
-0.00392461872137828	cosine	12.0	4.0	12.0	0.41871789467931214	0.02904431653896035
0.1875093523648763	cosine	12.0	4.0	8.0	0.1395726315597707	0.26379925819755046
-1.8387726387046703	cosine	12.0	8.0	0.0	0.34391796971439753	0.05979464037584733
0.16061443234989958	cosine	12.0	12.0	8.0	0.23262105259961785	0.14621780365458337
-0.687711869189658	cosine	12.0	12.0	4.0	0.04652421051992357	0.4166158148211466
1.0049277834533954	cosine	12.0	8.0	4.0	0.5117663157191593	0.010275152505006458
0.8665753257521729	cosine	12.0	4.0	12.0	0.325669473639465	0.07025277592236653
-1.1144194929978448	cosine	12.0	4.0	8.0	0.38770175433269644	0.03965908586713749
0.7694159513621087	cosine	12.0	8.0	0.0	0.31265269974036136	0.07853426938217861
-0.3852083130724217	cosine	12.0	4.0	8.0	0.07754035086653928	0.3628199843123999
0.3550720975365359	cosine	12.0	4.0	0.0	0.21885688981825296	0.16096491949833142
-1.4454111523299968	cosine	12.0	12.0	4.0	0.17058877190638644	0.22004281389555647
1.0955145551208485	cosine	12.0	4.0	8.0	0.1395726315597707	0.26379925819755046
1.071321495788489	cosine	12.0	8.0	0.0	0.34391796971439753	0.05979464037584733
0.6475259905191081	cosine	12.0	8.0	0.0	0.06253053994807227	0.38858842967327256
0.7679012064501969	cosine	12.0	0.0	8.0	0.12506107989614454	0.2856969100727392
-1.1749087252582142	cosine	12.0	8.0	4.0	0.41871789467931214	0.02904431653896035
-1.7206235647177202	cosine	12.0	4.0	12.0	0.26363719294623356	0.11640217218244758
-1.4598167548884224	cosine	12.0	4.0	8.0	0.325669473639465	0.07025277592236653
1.3647924625143517	cosine	12.0	4.0	0.0	0.2501221597922891	0.12881724171626302
0.008437824653998525	cosine	12.0	4.0	0.0	0.12506107989614454	0.2856969100727392
1.5208821561779122	cosine	12.0	12.0	8.0	0.325669473639465	0.07025277592236653
-0.13134056180085973	cosine	12.0	4.0	8.0	0.108556491213155	0.31160584178390943
0.44956842523549145	cosine	12.0	12.0	4.0	0.29465333329284926	0.09117756893125428
-0.932534074812097	cosine	12.0	4.0	8.0	0.1395726315597707	0.26379925819755046
-1.249820807684217	cosine	12.0	8.0	12.0	0.38770175433269644	0.03965908586713749
0.20390679078187202	cosine	12.0	12.0	4.0	0.38770175433269644	0.03965908586713749
-0.2974522361964958	cosine	12.0	12.0	4.0	0.26363719294623356	0.11640217218244758
-1.026491171635828	cosine	12.0	8.0	0.0	0.28138742976632525	0.10142035953841916
0.3674512039572034	cosine	12.0	8.0	0.0	0.18759161984421682	0.1979406704679717
-1.4869175429289794	cosine	12.0	0.0	4.0	0.21885688981825296	0.16096491949833142
-1.064801550658751	cosine	12.0	8.0	4.0	0.35668561398608073	0.053232974601062806
0.4052885210350134	cosine	12.0	4.0	8.0	0.325669473639465	0.07025277592236653
1.94804423840776	cosine	12.0	4.0	8.0	0.38770175433269644	0.03965908586713749
1.5491144668307073	cosine	12.0	12.0	4.0	0.325669473639465	0.07025277592236653
1.333145295513166	cosine	12.0	12.0	4.0	0.26363719294623356	0.11640217218244758
0.8285824929091326	cosine	12.0	8.0	12.0	0.23262105259961785	0.14621780365458337
-0.5914033297068471	cosine	12.0	8.0	12.0	0.17058877190638644	0.22004281389555647
0.06171298314931757	cosine	12.0	4.0	12.0	0.26363719294623356	0.11640217218244758
-0.19480296711640177	cosine	12.0	8.0	12.0	0.44973403502592785	0.02090527421057417
0.023612186584778823	cosine	12.0	8.0	4.0	0.325669473639465	0.07025277592236653
1.0289435940229616	cosine	12.0	0.0	4.0	0.21885688981825296	0.16096491949833142
0.541484487499376	cosine	12.0	8.0	4.0	0.325669473639465	0.07025277592236653
-1.2468451898036377	cosine	12.0	8.0	12.0	0.35668561398608073	0.053232974601062806
-0.8928448278921729	cosine	12.0	12.0	8.0	0.108556491213155	0.31160584178390943
0.2913573044052955	cosine	12.0	4.0	12.0	0.23262105259961785	0.14621780365458337
1.1618190871368494	cosine	12.0	8.0	4.0	0.1395726315597707	0.26379925819755046
2.7025682879947346	cosine	12.0	8.0	4.0	0.542782456065775	0.007014531725125648
0.2673359589341492	cosine	12.0	4.0	0.0	0.18759161984421682	0.1979406704679717
0.46320467805743404	cosine	12.0	0.0	8.0	0.18759161984421682	0.1979406704679717
-0.6461616116647173	cosine	12.0	12.0	4.0	0.23262105259961785	0.14621780365458337
0.2617290111629128	cosine	12.0	4.0	8.0	0.29465333329284926	0.09117756893125428
0.8374118939465992	cosine	12.0	0.0	8.0	0.15632634987018068	0.23962792898088553
0.47009624895508895	cosine	12.0	8.0	12.0	0.5737985964123907	0.004703590814103545
-1.485610189059747	cosine	12.0	4.0	0.0	0.5002443195845782	0.011787064559833655
-0.4263827941492027	cosine	12.0	8.0	12.0	0.325669473639465	0.07025277592236653
0.5112850049583884	cosine	12.0	8.0	4.0	0.41871789467931214	0.02904431653896035
0.4326282528490076	cosine	12.0	4.0	0.0	0.31265269974036136	0.07853426938217861
0.6767648905833212	cosine	12.0	12.0	8.0	0.23262105259961785	0.14621780365458337
0.3372116310021225	cosine	12.0	8.0	12.0	0.20160491225300214	0.18077354211323055
0.4239222731574377	cosine	12.0	4.0	0.0	0.21885688981825296	0.16096491949833142
-0.2260720632869994	cosine	12.0	8.0	4.0	0.325669473639465	0.07025277592236653
0.5003994302815314	cosine	12.0	8.0	12.0	0.17058877190638644	0.22004281389555647
0.7792710305481979	cosine	12.0	4.0	0.0	0.2501221597922891	0.12881724171626302
2.2121629249477253	cosine	12.0	12.0	8.0	0.20160491225300214	0.18077354211323055
0.12275320988740929	cosine	12.0	12.0	8.0	0.20160491225300214	0.18077354211323055
-1.004833937603588	cosine	12.0	8.0	4.0	0.35668561398608073	0.053232974601062806
-0.21810112835276096	cosine	12.0	0.0	8.0	0.37518323968843365	0.044753897420978433
0.9959799406411384	cosine	12.0	12.0	4.0	0.41871789467931214	0.02904431653896035
-0.8337766497274595	cosine	12.0	8.0	12.0	0.26363719294623356	0.11640217218244758
-0.13969509870245625	cosine	12.0	4.0	8.0	0.20160491225300214	0.18077354211323055
-0.1511701350895368	cosine	12.0	4.0	8.0	0.20160491225300214	0.18077354211323055
0.05441761615175333	cosine	12.0	8.0	12.0	0.44973403502592785	0.02090527421057417
0.1259497166404623	cosine	12.0	4.0	8.0	0.23262105259961785	0.14621780365458337
-0.16299791435898547	cosine	12.0	12.0	4.0	0.29465333329284926	0.09117756893125428
0.163506356632068	cosine	12.0	0.0	4.0	0.09379580992210841	0.3356006186019033
-2.4302548032936273	cosine	12.0	8.0	0.0	0.43771377963650593	0.02379564823412834
-1.0092307411506047	cosine	12.0	4.0	8.0	0.325669473639465	0.07025277592236653
0.17859355149735334	cosine	12.0	0.0	8.0	0.18759161984421682	0.1979406704679717
1.7522067211172712	cosine	12.0	0.0	4.0	0.34391796971439753	0.05979464037584733
-1.1040148126944538	cosine	12.0	8.0	4.0	0.35668561398608073	0.053232974601062806
-2.2850420605689155	cosine	12.0	12.0	4.0	0.26363719294623356	0.11640217218244758
1.9457462082722736	cosine	12.0	4.0	8.0	0.17058877190638644	0.22004281389555647
-0.4940557626601224	cosine	12.0	12.0	4.0	0.17058877190638644	0.22004281389555647
0.9087700243542125	cosine	12.0	12.0	8.0	0.325669473639465	0.07025277592236653
-2.7321127961640097	cosine	12.0	4.0	12.0	0.17058877190638644	0.22004281389555647
-0.16543655589117598	cosine	12.0	8.0	0.0	0.34391796971439753	0.05979464037584733
-2.0922311315946707	cosine	12.0	8.0	0.0	0.37518323968843365	0.044753897420978433
1.8480173036670224	cosine	12.0	8.0	4.0	0.17058877190638644	0.22004281389555647
-1.4562398865134016	cosine	12.0	0.0	8.0	0.37518323968843365	0.044753897420978433
-0.24008474394578344	cosine	12.0	4.0	0.0	0.2501221597922891	0.12881724171626302
-0.14756810692333153	cosine	12.0	8.0	0.0	0.21885688981825296	0.16096491949833142
1.022231461994402	cosine	12.0	8.0	12.0	0.17058877190638644	0.22004281389555647
1.426321530791587	cosine	12.0	8.0	4.0	0.20160491225300214	0.18077354211323055
-0.6563539571674543	cosine	12.0	4.0	8.0	0.325669473639465	0.07025277592236653
1.4478127851768117	cosine	12.0	4.0	8.0	0.38770175433269644	0.03965908586713749
-0.4923712638861901	cosine	12.0	4.0	0.0	0.37518323968843365	0.044753897420978433
0.5005231588640823	cosine	12.0	8.0	4.0	0.04652421051992357	0.4166158148211466
-2.1045717289299097	cosine	12.0	0.0	8.0	0.12506107989614454	0.2856969100727392
1.13047585816151	cosine	12.0	12.0	8.0	0.108556491213155	0.31160584178390943
-1.0059156973884362	cosine	12.0	8.0	12.0	0.26363719294623356	0.11640217218244758
-0.5897605533618907	cosine	12.0	12.0	8.0	0.108556491213155	0.31160584178390943
-0.9494525792956635	cosine	12.0	8.0	4.0	0.29465333329284926	0.09117756893125428
-0.26860392882197187	cosine	12.0	12.0	4.0	0.1395726315597707	0.26379925819755046
0.9604715286024936	cosine	12.0	8.0	12.0	0.38770175433269644	0.03965908586713749
-0.6141207087592884	cosine	12.0	4.0	8.0	0.17058877190638644	0.22004281389555647
0.4579445836784052	cosine	12.0	8.0	0.0	0.37518323968843365	0.044753897420978433
-0.3734581019811079	cosine	12.0	4.0	8.0	0.5117663157191593	0.010275152505006458
0.06706093692277307	cosine	12.0	8.0	4.0	0.35668561398608073	0.053232974601062806
0.2546329768583233	cosine	12.0	8.0	12.0	0.26363719294623356	0.11640217218244758
0.7327683359786494	cosine	12.0	4.0	12.0	0.23262105259961785	0.14621780365458337
-0.28817610744945427	cosine	12.0	4.0	0.0	0.46897904961054204	0.016897895516253123
1.7770003106303203	cosine	12.0	8.0	12.0	0.23262105259961785	0.14621780365458337
-0.09231888702083153	cosine	12.0	8.0	12.0	0.44973403502592785	0.02090527421057417
1.715975157954097	cosine	12.0	4.0	12.0	0.325669473639465	0.07025277592236653
-0.17736313326241784	cosine	12.0	4.0	0.0	0.12506107989614454	0.2856969100727392
0.27003771005100274	cosine	12.0	4.0	0.0	0.2501221597922891	0.12881724171626302
-1.0330917335922996	cosine	12.0	0.0	8.0	0.46897904961054204	0.016897895516253123
-0.5239839041202855	cosine	12.0	4.0	0.0	0.46897904961054204	0.016897895516253123
1.9181981442853773	cosine	12.0	4.0	0.0	0.28138742976632525	0.10142035953841916
-0.2984486469679478	cosine	12.0	4.0	0.0	0.21885688981825296	0.16096491949833142
0.6580507835808309	cosine	12.0	0.0	4.0	0.21885688981825296	0.16096491949833142
-1.7815927990059894	cosine	12.0	4.0	0.0	0.18759161984421682	0.1979406704679717
-0.980975457690732	cosine	12.0	4.0	0.0	0.2501221597922891	0.12881724171626302
-0.8793995742926746	cosine	12.0	0.0	8.0	0.40644850966246976	0.03292085287309089
-0.2532792637687999	cosine	12.0	12.0	8.0	0.5117663157191593	0.010275152505006458
0.20752513035872075	cosine	12.0	0.0	4.0	0.37518323968843365	0.044753897420978433
-1.3944935399697391	cosine	12.0	0.0	8.0	0.18759161984421682	0.1979406704679717
-1.656186332221137	cosine	12.0	12.0	4.0	0.44973403502592785	0.02090527421057417
0.3011524560272554	cosine	12.0	0.0	8.0	0.2501221597922891	0.12881724171626302
0.5748533233761536	cosine	12.0	8.0	12.0	0.542782456065775	0.007014531725125648
0.3781028697776852	cosine	12.0	8.0	0.0	0.31265269974036136	0.07853426938217861
-0.17758468486807874	cosine	12.0	4.0	12.0	0.26363719294623356	0.11640217218244758
-0.6737958653063211	cosine	12.0	8.0	4.0	0.35668561398608073	0.053232974601062806
1.047542777913049	cosine	12.0	0.0	4.0	0.18759161984421682	0.1979406704679717
0.05438731033392348	cosine	12.0	0.0	8.0	0.34391796971439753	0.05979464037584733
-0.17709260123314485	cosine	12.0	8.0	0.0	0.5315095895586144	0.008075181454718987
1.1035172267479785	cosine	12.0	0.0	8.0	0.21885688981825296	0.16096491949833142
-0.7762135545017509	cosine	12.0	12.0	4.0	0.26363719294623356	0.11640217218244758
0.6014096587973665	cosine	12.0	0.0	4.0	0.34391796971439753	0.05979464037584733
-0.880519787571875	cosine	12.0	0.0	4.0	0.12506107989614454	0.2856969100727392
-2.552224225935994	cosine	12.0	8.0	4.0	0.35668561398608073	0.053232974601062806
0.25553316036443585	cosine	12.0	4.0	12.0	0.35668561398608073	0.053232974601062806
-0.34189562703394333	cosine	12.0	4.0	8.0	0.48075017537254355	0.014786104244078217
0.13720930918351282	cosine	12.0	4.0	0.0	0.21885688981825296	0.16096491949833142
0.6543209095464111	cosine	12.0	8.0	4.0	0.5117663157191593	0.010275152505006458
-0.8190157779479539	cosine	12.0	4.0	0.0	0.09379580992210841	0.3356006186019033
-0.9510128935278046	cosine	12.0	12.0	8.0	0.325669473639465	0.07025277592236653
-0.7444034860206505	cosine	12.0	8.0	4.0	0.29465333329284926	0.09117756893125428
0.9221551292888289	cosine	12.0	8.0	0.0	0.21885688981825296	0.16096491949833142
-1.825024138163154	cosine	12.0	0.0	4.0	0.31265269974036136	0.07853426938217861
-0.3137919932812034	cosine	12.0	12.0	8.0	0.26363719294623356	0.11640217218244758
-0.5181592324907346	cosine	12.0	12.0	4.0	0.35668561398608073	0.053232974601062806
1.1314245097427715	cosine	12.0	0.0	8.0	0.37518323968843365	0.044753897420978433
-1.6145902010089392	cosine	12.0	8.0	4.0	0.20160491225300214	0.18077354211323055
-0.07877314782516759	cosine	12.0	8.0	4.0	0.20160491225300214	0.18077354211323055
-0.39075939830984974	cosine	12.0	0.0	8.0	0.18759161984421682	0.1979406704679717
-0.35425078744737515	cosine	12.0	12.0	4.0	0.1395726315597707	0.26379925819755046
1.1669571505290404	cosine	12.0	4.0	0.0	0.2501221597922891	0.12881724171626302
-1.906571557268636	cosine	12.0	12.0	4.0	0.38770175433269644	0.03965908586713749
-0.8611253052407879	cosine	12.0	0.0	8.0	0.31265269974036136	0.07853426938217861
1.1982320827709618	cosine	12.0	4.0	0.0	0.18759161984421682	0.1979406704679717
0.9217826038855106	cosine	12.0	0.0	4.0	0.28138742976632525	0.10142035953841916
-0.7691068699011175	cosine	12.0	8.0	12.0	0.325669473639465	0.07025277592236653
-0.0017508236661787743	cosine	12.0	8.0	12.0	0.41871789467931214	0.02904431653896035
0.21893847034074196	cosine	12.0	8.0	4.0	0.38770175433269644	0.03965908586713749
0.9625939187845531	cosine	12.0	0.0	4.0	0.15632634987018068	0.23962792898088553
0.459206806650606	cosine	12.0	12.0	8.0	0.20160491225300214	0.18077354211323055
1.5919603478037274	cosine	12.0	12.0	4.0	0.23262105259961785	0.14621780365458337
0.788197774433679	cosine	12.0	4.0	0.0	0.15632634987018068	0.23962792898088553
0.7812284982087367	cosine	12.0	12.0	4.0	0.29465333329284926	0.09117756893125428
2.38940749483792	cosine	12.0	12.0	8.0	0.108556491213155	0.31160584178390943
1.6625751996387943	cosine	12.0	12.0	4.0	0.44973403502592785	0.02090527421057417
0.41015714353714994	cosine	12.0	8.0	12.0	0.38770175433269644	0.03965908586713749
0.7490669359873247	cosine	12.0	12.0	8.0	0.20160491225300214	0.18077354211323055
-0.9120490265163999	cosine	12.0	8.0	0.0	0.5315095895586144	0.008075181454718987
1.2006909949909015	cosine	12.0	4.0	12.0	0.44973403502592785	0.02090527421057417
0.4380413174842614	cosine	12.0	0.0	4.0	0.15632634987018068	0.23962792898088553
0.575322142024247	cosine	12.0	4.0	0.0	0.28138742976632525	0.10142035953841916
-0.21527538357326964	cosine	12.0	12.0	8.0	0.1395726315597707	0.26379925819755046
0.2951536505708327	cosine	12.0	0.0	8.0	0.40644850966246976	0.03292085287309089
-0.06308302603585883	cosine	12.0	0.0	4.0	0.21885688981825296	0.16096491949833142
0.8911696955773017	cosine	12.0	12.0	4.0	0.29465333329284926	0.09117756893125428
0.3235289502750871	cosine	12.0	8.0	0.0	0.31265269974036136	0.07853426938217861
0.0963117347639192	cosine	12.0	4.0	8.0	0.35668561398608073	0.053232974601062806
-0.0047628124671929934	cosine	12.0	8.0	0.0	0.2501221597922891	0.12881724171626302
-0.6581443391579431	cosine	12.0	8.0	12.0	0.35668561398608073	0.053232974601062806
0.1477863310606385	cosine	12.0	8.0	0.0	0.09379580992210841	0.3356006186019033
0.9838329990949303	cosine	12.0	4.0	12.0	0.38770175433269644	0.03965908586713749
-1.1719330420740401	cosine	12.0	4.0	8.0	0.38770175433269644	0.03965908586713749
-0.8141554141535639	cosine	12.0	0.0	8.0	0.28138742976632525	0.10142035953841916
-0.35090444766703577	cosine	12.0	4.0	0.0	0.18759161984421682	0.1979406704679717
1.6403170687025936	cosine	12.0	8.0	12.0	0.23262105259961785	0.14621780365458337
-0.5438483864809773	cosine	12.0	8.0	0.0	0.2501221597922891	0.12881724171626302
0.15805224908006724	cosine	12.0	4.0	0.0	0.6253053994807227	0.0023274023270582257
2.2459025770382577	cosine	12.0	4.0	8.0	0.38770175433269644	0.03965908586713749
0.11772602446440344	cosine	12.0	12.0	4.0	0.1395726315597707	0.26379925819755046
-0.6155069803200831	cosine	12.0	8.0	0.0	0.18759161984421682	0.1979406704679717
-0.2918931403580441	cosine	12.0	4.0	12.0	0.38770175433269644	0.03965908586713749
-0.3789476492946156	cosine	12.0	0.0	4.0	0.18759161984421682	0.1979406704679717
-0.8224150422009329	cosine	12.0	8.0	4.0	0.20160491225300214	0.18077354211323055
-0.24346455106375745	cosine	12.0	12.0	4.0	0.38770175433269644	0.03965908586713749
0.5000051965990897	cosine	12.0	4.0	8.0	0.29465333329284926	0.09117756893125428
0.7410527679674216	cosine	12.0	8.0	0.0	0.5315095895586144	0.008075181454718987
-1.1039155970000203	cosine	12.0	0.0	4.0	0.15632634987018068	0.23962792898088553
0.9535404467740278	cosine	12.0	4.0	0.0	0.18759161984421682	0.1979406704679717
1.7478539236949755	cosine	12.0	12.0	8.0	0.20160491225300214	0.18077354211323055
-0.6869007696339192	cosine	12.0	0.0	4.0	0.40644850966246976	0.03292085287309089
1.0047203172653418	cosine	12.0	4.0	12.0	0.20160491225300214	0.18077354211323055
-0.0956028671414492	cosine	12.0	12.0	4.0	0.35668561398608073	0.053232974601062806
0.17752771654501423	cosine	12.0	0.0	8.0	0.34391796971439753	0.05979464037584733
0.8609579840432181	cosine	12.0	4.0	8.0	0.542782456065775	0.007014531725125648
-0.6229614802713527	cosine	12.0	4.0	8.0	0.48075017537254355	0.014786104244078217
-1.7754573244418255	cosine	12.0	12.0	8.0	0.1395726315597707	0.26379925819755046
-0.23490964526764893	cosine	12.0	8.0	12.0	0.29465333329284926	0.09117756893125428
-1.1621797946794177	cosine	12.0	8.0	4.0	0.108556491213155	0.31160584178390943
-0.08179368332135904	cosine	12.0	8.0	12.0	0.44973403502592785	0.02090527421057417
-0.7624572992488248	cosine	12.0	8.0	12.0	0.41871789467931214	0.02904431653896035
1.1773009388103355	cosine	12.0	8.0	0.0	0.15632634987018068	0.23962792898088553
-0.3395546866111227	cosine	12.0	12.0	8.0	0.07754035086653928	0.3628199843123999
0.7933950832712042	cosine	12.0	0.0	4.0	0.21885688981825296	0.16096491949833142
0.7376415058996569	cosine	12.0	0.0	4.0	0.12506107989614454	0.2856969100727392
0.03891841500174171	cosine	12.0	8.0	4.0	0.17058877190638644	0.22004281389555647
-0.2856706676586569	cosine	12.0	0.0	8.0	0.09379580992210841	0.3356006186019033
1.0501596900781092	cosine	12.0	4.0	12.0	0.35668561398608073	0.053232974601062806
0.2851605025548498	cosine	12.0	0.0	8.0	0.15632634987018068	0.23962792898088553
0.4154189897815646	cosine	12.0	0.0	8.0	0.12506107989614454	0.2856969100727392
1.3959970583254735	cosine	12.0	8.0	4.0	0.29465333329284926	0.09117756893125428
-2.142948018656468	cosine	12.0	4.0	8.0	0.23262105259961785	0.14621780365458337
-0.3167787381849591	cosine	12.0	0.0	4.0	0.12506107989614454	0.2856969100727392
0.806606123387607	cosine	12.0	12.0	4.0	0.07754035086653928	0.3628199843123999
-1.880862860066547	cosine	12.0	12.0	8.0	0.38770175433269644	0.03965908586713749
0.92739837169249	cosine	12.0	4.0	12.0	0.44973403502592785	0.02090527421057417
1.1146847305271794	cosine	12.0	4.0	0.0	0.37518323968843365	0.044753897420978433
-0.29518227523266766	cosine	12.0	12.0	4.0	0.29465333329284926	0.09117756893125428
-0.817582253463319	cosine	12.0	12.0	8.0	0.44973403502592785	0.02090527421057417
0.7314163650984922	cosine	12.0	4.0	12.0	0.38770175433269644	0.03965908586713749
-1.120071878624341	cosine	12.0	4.0	0.0	0.09379580992210841	0.3356006186019033
-2.193411636232158	cosine	12.0	4.0	12.0	0.48075017537254355	0.014786104244078217
1.3903386253127905	cosine	12.0	4.0	8.0	0.1395726315597707	0.26379925819755046
-0.053115005758800606	cosine	12.0	4.0	12.0	0.44973403502592785	0.02090527421057417
0.16127793948213032	cosine	12.0	8.0	0.0	0.37518323968843365	0.044753897420978433
0.5396526101553031	cosine	12.0	8.0	4.0	0.23262105259961785	0.14621780365458337
-0.7087552422990356	cosine	12.0	8.0	4.0	0.38770175433269644	0.03965908586713749
0.9480511972475536	cosine	12.0	0.0	8.0	0.09379580992210841	0.3356006186019033
1.2076866639381465	cosine	12.0	8.0	0.0	0.2501221597922891	0.12881724171626302
-0.29506031718036313	cosine	12.0	8.0	0.0	0.09379580992210841	0.3356006186019033
-0.8335783952464209	cosine	12.0	12.0	8.0	0.1395726315597707	0.26379925819755046
-1.1027718927056942	cosine	12.0	4.0	8.0	0.29465333329284926	0.09117756893125428
-0.5537937792470159	cosine	12.0	0.0	8.0	0.34391796971439753	0.05979464037584733
1.1747365063580777	cosine	12.0	0.0	4.0	0.18759161984421682	0.1979406704679717
-0.7281272429963644	cosine	12.0	12.0	4.0	0.26363719294623356	0.11640217218244758
0.3653757836522099	cosine	12.0	4.0	0.0	0.18759161984421682	0.1979406704679717
-0.13203799997961113	cosine	12.0	8.0	0.0	0.06253053994807227	0.38858842967327256
-2.980141903473943	cosine	12.0	8.0	4.0	0.38770175433269644	0.03965908586713749
-1.7894184564267526	cosine	12.0	0.0	4.0	0.40644850966246976	0.03292085287309089
-0.478234176130204	cosine	12.0	0.0	8.0	0.43771377963650593	0.02379564823412834
-1.271868765102297	cosine	12.0	0.0	4.0	0.37518323968843365	0.044753897420978433
-1.5454183954363407	cosine	12.0	8.0	12.0	0.26363719294623356	0.11640217218244758
-0.41741805270150595	cosine	12.0	12.0	4.0	0.17058877190638644	0.22004281389555647
-0.465764050385119	cosine	12.0	8.0	4.0	0.23262105259961785	0.14621780365458337
-0.03758375843445639	cosine	12.0	4.0	0.0	0.31265269974036136	0.07853426938217861
1.591214395954445	cosine	12.0	8.0	4.0	0.35668561398608073	0.053232974601062806
-0.5535647844347458	cosine	12.0	4.0	8.0	0.20160491225300214	0.18077354211323055
-1.0075081662487493	cosine	12.0	12.0	8.0	0.26363719294623356	0.11640217218244758
-0.751039330308706	cosine	12.0	12.0	4.0	0.23262105259961785	0.14621780365458337
-0.8863587504489552	cosine	12.0	0.0	8.0	0.40644850966246976	0.03292085287309089
0.7163002622699584	cosine	12.0	4.0	8.0	0.41871789467931214	0.02904431653896035
1.3191831581852027	cosine	12.0	8.0	4.0	0.48075017537254355	0.014786104244078217
-0.5020356358860135	cosine	12.0	8.0	4.0	0.6048147367590064	0.0030976341623523166
0.2994416911027823	cosine	12.0	0.0	8.0	0.06253053994807227	0.38858842967327256
-0.14441064762673608	cosine	12.0	8.0	0.0	0.37518323968843365	0.044753897420978433
-0.16582685496096664	cosine	12.0	12.0	8.0	0.20160491225300214	0.18077354211323055
-1.1950750516503554	cosine	12.0	8.0	4.0	0.04652421051992357	0.4166158148211466
-0.08938317386082004	cosine	12.0	4.0	8.0	0.17058877190638644	0.22004281389555647
-0.2709265917876308	cosine	12.0	4.0	8.0	0.38770175433269644	0.03965908586713749
2.6290232642709634	cosine	12.0	8.0	12.0	0.5117663157191593	0.010275152505006458
0.5411967103063811	cosine	12.0	12.0	8.0	0.26363719294623356	0.11640217218244758
0.047542443712882326	cosine	12.0	12.0	4.0	0.26363719294623356	0.11640217218244758
0.7291053397691398	cosine	12.0	8.0	4.0	0.20160491225300214	0.18077354211323055
2.1815088169137185	cosine	12.0	8.0	0.0	0.46897904961054204	0.016897895516253123
1.7726725822539524	cosine	12.0	8.0	4.0	0.38770175433269644	0.03965908586713749
-0.5186766091141047	cosine	12.0	8.0	12.0	0.23262105259961785	0.14621780365458337
0.6480323350773618	cosine	12.0	0.0	4.0	0.21885688981825296	0.16096491949833142
-0.3779420322922659	cosine	12.0	4.0	8.0	0.325669473639465	0.07025277592236653
0.03665608612686237	cosine	12.0	4.0	8.0	0.44973403502592785	0.02090527421057417
1.2580411405916734	cosine	12.0	4.0	12.0	0.20160491225300214	0.18077354211323055
-0.2326709668137938	cosine	12.0	12.0	4.0	0.26363719294623356	0.11640217218244758
0.7708230443178903	cosine	12.0	4.0	8.0	0.29465333329284926	0.09117756893125428
1.1936253251257183	cosine	12.0	8.0	4.0	0.1395726315597707	0.26379925819755046
2.44235359538844	cosine	12.0	4.0	0.0	0.21885688981825296	0.16096491949833142
0.632188524437054	cosine	12.0	8.0	4.0	0.325669473639465	0.07025277592236653
0.18569703388568645	cosine	12.0	4.0	12.0	0.35668561398608073	0.053232974601062806
0.07849950792781893	cosine	12.0	12.0	8.0	0.5117663157191593	0.010275152505006458
-0.38286811319297376	cosine	12.0	12.0	4.0	0.5117663157191593	0.010275152505006458
-1.5953489429987784	cosine	12.0	12.0	4.0	0.26363719294623356	0.11640217218244758
-3.058073009042543	cosine	12.0	12.0	8.0	0.07754035086653928	0.3628199843123999
-0.1473147846041209	cosine	12.0	4.0	0.0	0.34391796971439753	0.05979464037584733
-0.5201048281664515	cosine	12.0	8.0	0.0	0.31265269974036136	0.07853426938217861
-0.9697025918231297	cosine	12.0	8.0	12.0	0.26363719294623356	0.11640217218244758
0.9749812779294924	cosine	12.0	4.0	8.0	0.26363719294623356	0.11640217218244758
0.420006916763066	cosine	12.0	8.0	4.0	0.20160491225300214	0.18077354211323055
-0.31039010649075677	cosine	12.0	12.0	4.0	0.1395726315597707	0.26379925819755046
-0.8450652327883302	cosine	12.0	8.0	4.0	0.325669473639465	0.07025277592236653
0.5668719914058411	cosine	12.0	4.0	0.0	0.21885688981825296	0.16096491949833142
-0.5255587655157219	cosine	12.0	8.0	4.0	0.29465333329284926	0.09117756893125428
0.5964260208958084	cosine	12.0	4.0	12.0	0.29465333329284926	0.09117756893125428
0.0435543189179947	cosine	12.0	12.0	4.0	0.26363719294623356	0.11640217218244758
0.4762702353956041	cosine	12.0	8.0	4.0	0.29465333329284926	0.09117756893125428
1.3515997383039173	cosine	12.0	8.0	12.0	0.26363719294623356	0.11640217218244758
0.14953518816615902	cosine	12.0	8.0	4.0	0.17058877190638644	0.22004281389555647
-0.19621147889906848	cosine	12.0	0.0	4.0	0.2501221597922891	0.12881724171626302
0.8557954218320828	cosine	12.0	8.0	12.0	0.23262105259961785	0.14621780365458337
0.21553590876537432	cosine	12.0	12.0	8.0	0.44973403502592785	0.02090527421057417
1.270171109281676	cosine	12.0	8.0	0.0	0.21885688981825296	0.16096491949833142
-1.6311911062062914	cosine	12.0	4.0	8.0	0.108556491213155	0.31160584178390943
0.08142979233716877	cosine	12.0	4.0	12.0	0.26363719294623356	0.11640217218244758
-0.22589142741444465	cosine	12.0	12.0	8.0	0.26363719294623356	0.11640217218244758
0.6151686679830245	cosine	12.0	8.0	4.0	0.108556491213155	0.31160584178390943
-0.2217591384620108	cosine	12.0	4.0	0.0	0.031265269974036135	0.4437374857775104
-0.8534473386530507	cosine	12.0	12.0	4.0	0.41871789467931214	0.02904431653896035
0.5559128516669096	cosine	12.0	8.0	0.0	0.28138742976632525	0.10142035953841916
1.1566411706297255	cosine	12.0	8.0	0.0	0.2501221597922891	0.12881724171626302
-0.42740271260014495	cosine	12.0	8.0	4.0	0.26363719294623356	0.11640217218244758
0.08741335445343658	cosine	12.0	4.0	8.0	0.35668561398608073	0.053232974601062806
0.3449970733379189	cosine	12.0	8.0	4.0	0.41871789467931214	0.02904431653896035
1.3019012129163563	cosine	12.0	0.0	8.0	0.5002443195845782	0.011787064559833655
2.4222405024771394	cosine	12.0	8.0	12.0	0.07754035086653928	0.3628199843123999
0.13236153518375843	cosine	12.0	4.0	0.0	0.12506107989614454	0.2856969100727392
-0.4395366142884303	cosine	12.0	8.0	12.0	0.20160491225300214	0.18077354211323055
0.09504022182256225	cosine	12.0	4.0	12.0	0.44973403502592785	0.02090527421057417
1.3449608541437577	cosine	12.0	12.0	4.0	0.325669473639465	0.07025277592236653
-0.2279948780275896	cosine	12.0	4.0	8.0	0.26363719294623356	0.11640217218244758
-0.5446995987729285	cosine	12.0	0.0	8.0	0.37518323968843365	0.044753897420978433
-0.576057163770586	cosine	12.0	12.0	8.0	0.1395726315597707	0.26379925819755046
0.7513826986160902	cosine	12.0	12.0	8.0	0.17058877190638644	0.22004281389555647
1.427557255885816	cosine	12.0	4.0	12.0	0.41871789467931214	0.02904431653896035
-0.5386607180000651	cosine	12.0	12.0	8.0	0.17058877190638644	0.22004281389555647
0.8362405912359471	cosine	12.0	8.0	0.0	0.37518323968843365	0.044753897420978433
0.5498864783432875	cosine	12.0	4.0	8.0	0.48075017537254355	0.014786104244078217
-0.49155448532144463	cosine	12.0	8.0	12.0	0.41871789467931214	0.02904431653896035
-0.004119516929531999	cosine	12.0	12.0	4.0	0.48075017537254355	0.014786104244078217
0.7448070951954566	cosine	12.0	4.0	8.0	0.29465333329284926	0.09117756893125428
0.4571951584279636	cosine	12.0	0.0	4.0	0.09379580992210841	0.3356006186019033
0.8634322882868968	cosine	12.0	0.0	8.0	0.12506107989614454	0.2856969100727392
1.339911196592835	cosine	12.0	12.0	8.0	0.17058877190638644	0.22004281389555647
1.5756609113867046	cosine	12.0	4.0	12.0	0.35668561398608073	0.053232974601062806
0.6052060681196011	cosine	12.0	0.0	8.0	0.40644850966246976	0.03292085287309089
0.03240087083775571	cosine	12.0	0.0	8.0	0.09379580992210841	0.3356006186019033
1.0509301238915367	cosine	12.0	12.0	4.0	0.38770175433269644	0.03965908586713749
1.0974040614687248	cosine	12.0	12.0	4.0	0.23262105259961785	0.14621780365458337
-1.005940509409718	cosine	12.0	4.0	8.0	0.1395726315597707	0.26379925819755046
0.012109224747235312	cosine	12.0	12.0	4.0	0.44973403502592785	0.02090527421057417
0.0374951393137139	cosine	12.0	4.0	12.0	0.108556491213155	0.31160584178390943
-0.6593238025949001	cosine	12.0	4.0	12.0	0.38770175433269644	0.03965908586713749
0.17730996733406454	cosine	12.0	12.0	8.0	0.35668561398608073	0.053232974601062806
0.025851324145660753	cosine	12.0	4.0	0.0	0.12506107989614454	0.2856969100727392
-0.0860942991749167	cosine	12.0	0.0	4.0	0.21885688981825296	0.16096491949833142
0.7766988426669864	cosine	12.0	8.0	4.0	0.29465333329284926	0.09117756893125428
0.42501735851871875	cosine	12.0	12.0	8.0	0.23262105259961785	0.14621780365458337
-1.7417888806277402	cosine	12.0	0.0	8.0	0.031265269974036135	0.4437374857775104
0.7314579166251589	cosine	12.0	0.0	8.0	0.43771377963650593	0.02379564823412834
2.5546051528772633	cosine	12.0	8.0	0.0	0.2501221597922891	0.12881724171626302
-0.7992175930771832	cosine	12.0	0.0	4.0	0.12506107989614454	0.2856969100727392
-0.23910108783563794	cosine	12.0	4.0	12.0	0.20160491225300214	0.18077354211323055
-1.1186527196435696	cosine	12.0	4.0	8.0	0.325669473639465	0.07025277592236653
0.9232963480973708	cosine	12.0	8.0	12.0	0.6048147367590064	0.0030976341623523166
-0.587998992237901	cosine	12.0	4.0	8.0	0.38770175433269644	0.03965908586713749
-0.1672125012136902	cosine	12.0	0.0	4.0	0.12506107989614454	0.2856969100727392
-0.28367794760282555	cosine	12.0	4.0	8.0	0.23262105259961785	0.14621780365458337
-1.4580469926532365	cosine	12.0	4.0	0.0	0.21885688981825296	0.16096491949833142
0.8148602239344197	cosine	12.0	4.0	12.0	0.26363719294623356	0.11640217218244758
1.0660137477711105	cosine	12.0	0.0	4.0	0.34391796971439753	0.05979464037584733
-1.1815580297780581	cosine	12.0	8.0	0.0	0.5627748595326505	0.005432675743650132
0.47367579739528215	cosine	12.0	4.0	8.0	0.41871789467931214	0.02904431653896035
0.465591849917612	cosine	12.0	8.0	12.0	0.6358308771056221	0.0020033371474573332
1.2401242639985324	cosine	12.0	8.0	4.0	0.35668561398608073	0.053232974601062806
-0.6560579150795314	cosine	12.0	0.0	4.0	0.5627748595326505	0.005432675743650132
-0.18184354423221283	cosine	12.0	4.0	12.0	0.1395726315597707	0.26379925819755046
0.27626919562452057	cosine	12.0	12.0	4.0	0.17058877190638644	0.22004281389555647
0.21732684962816995	cosine	12.0	8.0	4.0	0.20160491225300214	0.18077354211323055
0.6242461218841987	cosine	12.0	4.0	0.0	0.15632634987018068	0.23962792898088553
1.008187873505952	cosine	12.0	12.0	8.0	0.26363719294623356	0.11640217218244758
-0.6654446487933223	cosine	12.0	8.0	12.0	0.17058877190638644	0.22004281389555647
-0.8289375149444179	cosine	12.0	0.0	8.0	0.28138742976632525	0.10142035953841916
1.3084205778945002	cosine	12.0	8.0	4.0	0.29465333329284926	0.09117756893125428
0.719463618105338	cosine	12.0	8.0	0.0	0.21885688981825296	0.16096491949833142
1.7855301986495293	cosine	12.0	4.0	12.0	0.38770175433269644	0.03965908586713749
-0.19249466511845892	cosine	12.0	12.0	4.0	0.325669473639465	0.07025277592236653
-0.8838616741831699	cosine	12.0	4.0	0.0	0.5940401295066866	0.0035886947605967253
0.43368739447831234	cosine	12.0	8.0	0.0	0.34391796971439753	0.05979464037584733
-0.9236237761457217	cosine	12.0	4.0	8.0	0.20160491225300214	0.18077354211323055
0.8931521388526295	cosine	12.0	4.0	12.0	0.1395726315597707	0.26379925819755046
-0.37226855853554547	cosine	12.0	8.0	0.0	0.40644850966246976	0.03292085287309089
-1.5913375853537801	cosine	12.0	0.0	4.0	0.15632634987018068	0.23962792898088553
-2.116405276506731	cosine	12.0	8.0	0.0	0.28138742976632525	0.10142035953841916
-0.023862197152985355	cosine	12.0	0.0	8.0	0.21885688981825296	0.16096491949833142
-0.9785565418045575	cosine	12.0	8.0	0.0	0.09379580992210841	0.3356006186019033
-0.9774882526096217	cosine	12.0	4.0	8.0	0.20160491225300214	0.18077354211323055
0.07728136667463414	cosine	12.0	8.0	4.0	0.26363719294623356	0.11640217218244758
0.15971212779873847	cosine	12.0	0.0	8.0	0.34391796971439753	0.05979464037584733
1.6017227890585868	cosine	12.0	12.0	4.0	0.20160491225300214	0.18077354211323055
-1.024789729436574	cosine	12.0	8.0	0.0	0.31265269974036136	0.07853426938217861
0.34257965415095476	cosine	12.0	4.0	0.0	0.5002443195845782	0.011787064559833655
2.775676150968732	cosine	12.0	8.0	0.0	0.40644850966246976	0.03292085287309089
0.684774762021653	cosine	12.0	4.0	0.0	0.43771377963650593	0.02379564823412834
0.5396996575509626	cosine	12.0	8.0	0.0	0.18759161984421682	0.1979406704679717
1.9093739833203023	cosine	12.0	12.0	4.0	0.07754035086653928	0.3628199843123999
1.0118896658394725	cosine	12.0	0.0	8.0	0.18759161984421682	0.1979406704679717
-1.7885168032306948	cosine	12.0	4.0	0.0	0.28138742976632525	0.10142035953841916
1.024303895854557	cosine	12.0	12.0	8.0	0.23262105259961785	0.14621780365458337
-0.2055349291642548	cosine	12.0	0.0	8.0	0.18759161984421682	0.1979406704679717
-1.4246606998859281	cosine	12.0	8.0	4.0	0.1395726315597707	0.26379925819755046
-0.7468112158251627	cosine	12.0	12.0	4.0	0.20160491225300214	0.18077354211323055
-1.509669337972695	cosine	12.0	8.0	4.0	0.20160491225300214	0.18077354211323055
-0.1392355609771708	cosine	12.0	8.0	12.0	0.38770175433269644	0.03965908586713749
-1.2254079726009641	cosine	12.0	8.0	12.0	0.35668561398608073	0.053232974601062806
0.8831815064950711	cosine	12.0	4.0	8.0	0.1395726315597707	0.26379925819755046
-0.9235266973846425	cosine	12.0	8.0	4.0	0.26363719294623356	0.11640217218244758
-0.8146471834270869	cosine	12.0	4.0	12.0	0.542782456065775	0.007014531725125648
1.2508934930695215	cosine	12.0	4.0	0.0	0.2501221597922891	0.12881724171626302
0.3016903896630142	cosine	12.0	4.0	12.0	0.35668561398608073	0.053232974601062806
0.4436074798480184	cosine	12.0	0.0	8.0	0.31265269974036136	0.07853426938217861
0.35506140074786663	cosine	12.0	4.0	8.0	0.325669473639465	0.07025277592236653
0.18673514081565204	cosine	12.0	4.0	12.0	0.41871789467931214	0.02904431653896035
-0.7871882211985515	cosine	12.0	8.0	4.0	0.5737985964123907	0.004703590814103545
0.9214746048993002	cosine	12.0	4.0	8.0	0.29465333329284926	0.09117756893125428
0.19460119064691123	cosine	12.0	0.0	4.0	0.37518323968843365	0.044753897420978433
-1.0239833251365489	cosine	12.0	0.0	8.0	0.12506107989614454	0.2856969100727392
-1.5989502452880273	cosine	12.0	8.0	0.0	0.12506107989614454	0.2856969100727392
1.4845135980733406	cosine	12.0	0.0	8.0	0.21885688981825296	0.16096491949833142
1.2758894883214602	cosine	12.0	4.0	12.0	0.325669473639465	0.07025277592236653
-0.1456932667329354	cosine	12.0	0.0	4.0	0.40644850966246976	0.03292085287309089
-1.02297679117463	cosine	12.0	8.0	4.0	0.44973403502592785	0.02090527421057417
0.5943460162724078	cosine	12.0	8.0	0.0	0.15632634987018068	0.23962792898088553
0.011039198237902718	cosine	12.0	8.0	12.0	0.23262105259961785	0.14621780365458337
-1.6208221524896709	cosine	12.0	12.0	8.0	0.1395726315597707	0.26379925819755046
0.6257785667056991	cosine	12.0	4.0	8.0	0.1395726315597707	0.26379925819755046
0.5805039261250173	cosine	12.0	4.0	8.0	0.07754035086653928	0.3628199843123999
-0.17908521489623	cosine	12.0	8.0	12.0	0.26363719294623356	0.11640217218244758
0.09087470211157843	cosine	12.0	8.0	4.0	0.38770175433269644	0.03965908586713749
-0.04827086377581165	cosine	12.0	4.0	8.0	0.29465333329284926	0.09117756893125428
-0.614282131358704	cosine	12.0	4.0	0.0	0.34391796971439753	0.05979464037584733
-0.09125706061765282	cosine	12.0	8.0	4.0	0.23262105259961785	0.14621780365458337
-0.08033243595933781	cosine	12.0	0.0	4.0	0.15632634987018068	0.23962792898088553
2.3832678084364316	cosine	12.0	12.0	8.0	0.04652421051992357	0.4166158148211466
0.849205214853709	cosine	12.0	12.0	8.0	0.26363719294623356	0.11640217218244758
1.1572037625237268	cosine	12.0	4.0	8.0	0.38770175433269644	0.03965908586713749
-0.46230400072465705	cosine	12.0	4.0	0.0	0.06253053994807227	0.38858842967327256
-0.1679799692823374	cosine	12.0	8.0	12.0	0.5117663157191593	0.010275152505006458
-0.0646962974962336	cosine	12.0	8.0	0.0	0.18759161984421682	0.1979406704679717
-0.4383650052769351	cosine	12.0	4.0	8.0	0.23262105259961785	0.14621780365458337
-0.9013031904255594	cosine	12.0	0.0	4.0	0.40644850966246976	0.03292085287309089
-0.6004705356449039	cosine	12.0	12.0	4.0	0.26363719294623356	0.11640217218244758
-1.714615786865419	cosine	12.0	12.0	4.0	0.29465333329284926	0.09117756893125428
-0.29937089136821887	cosine	12.0	4.0	12.0	0.23262105259961785	0.14621780365458337
-0.402673768657112	cosine	12.0	0.0	4.0	0.37518323968843365	0.044753897420978433
-0.8042381159582841	cosine	12.0	8.0	12.0	0.17058877190638644	0.22004281389555647
1.5144810836645521	cosine	12.0	4.0	0.0	0.21885688981825296	0.16096491949833142
1.4139418607792185	cosine	12.0	4.0	8.0	0.20160491225300214	0.18077354211323055
0.8259368665710725	cosine	12.0	4.0	12.0	0.04652421051992357	0.4166158148211466
0.007476564756406839	cosine	12.0	0.0	4.0	0.5002443195845782	0.011787064559833655
-1.4118600272747077	cosine	12.0	4.0	8.0	0.23262105259961785	0.14621780365458337
2.32797822728769	cosine	12.0	4.0	8.0	0.1395726315597707	0.26379925819755046
0.9442047293296323	cosine	12.0	8.0	4.0	0.29465333329284926	0.09117756893125428
-1.2858411828963445	cosine	12.0	4.0	8.0	0.6668470174522378	0.0012722098173665757
0.9823038540875489	cosine	12.0	12.0	8.0	0.26363719294623356	0.11640217218244758
0.03550412331454327	cosine	12.0	0.0	4.0	0.40644850966246976	0.03292085287309089
-0.4165552399102584	cosine	12.0	4.0	12.0	0.26363719294623356	0.11640217218244758
-1.4475834452007061	cosine	12.0	0.0	4.0	0.18759161984421682	0.1979406704679717
0.8465890289806658	cosine	12.0	12.0	4.0	0.325669473639465	0.07025277592236653
-0.899891805444237	cosine	12.0	12.0	4.0	0.48075017537254355	0.014786104244078217
0.6669339774506781	cosine	12.0	0.0	4.0	0.40644850966246976	0.03292085287309089
-0.28326882291863137	cosine	12.0	8.0	4.0	0.20160491225300214	0.18077354211323055
-0.5894461808674697	cosine	12.0	8.0	12.0	0.325669473639465	0.07025277592236653
-0.2667291778696083	cosine	12.0	8.0	4.0	0.20160491225300214	0.18077354211323055
-0.09023106491476957	cosine	12.0	8.0	0.0	0.34391796971439753	0.05979464037584733
0.5237952912300183	cosine	12.0	0.0	4.0	0.2501221597922891	0.12881724171626302
0.42637894797117554	cosine	12.0	4.0	0.0	0.12506107989614454	0.2856969100727392
-0.6561946537720188	cosine	12.0	0.0	4.0	0.18759161984421682	0.1979406704679717
0.6108179640160876	cosine	12.0	8.0	0.0	0.5002443195845782	0.011787064559833655
0.6651850229528804	cosine	12.0	8.0	0.0	0.5940401295066866	0.0035886947605967253
-0.1968126879501101	cosine	12.0	0.0	4.0	0.2501221597922891	0.12881724171626302
-1.0680819098747103	cosine	12.0	8.0	12.0	0.5117663157191593	0.010275152505006458
0.8827803203444082	cosine	12.0	8.0	12.0	0.1395726315597707	0.26379925819755046
-0.24324619852607057	cosine	12.0	4.0	8.0	0.17058877190638644	0.22004281389555647
-0.4448334698221323	cosine	12.0	4.0	12.0	0.35668561398608073	0.053232974601062806
0.9719748953836269	cosine	12.0	12.0	8.0	0.26363719294623356	0.11640217218244758
0.7205942409668888	cosine	12.0	8.0	12.0	0.17058877190638644	0.22004281389555647
0.42913092797171065	cosine	12.0	0.0	4.0	0.37518323968843365	0.044753897420978433
1.6708080081673509	cosine	12.0	0.0	4.0	0.37518323968843365	0.044753897420978433
-1.9457032332163013	cosine	12.0	8.0	0.0	0.28138742976632525	0.10142035953841916
0.061109284006423695	cosine	12.0	8.0	4.0	0.38770175433269644	0.03965908586713749
-0.008158425170582951	cosine	12.0	8.0	4.0	0.1395726315597707	0.26379925819755046
0.22692959152873882	cosine	12.0	8.0	4.0	0.44973403502592785	0.02090527421057417
-1.314825035823284	cosine	12.0	0.0	8.0	0.15632634987018068	0.23962792898088553
1.5523737283811776	cosine	12.0	0.0	4.0	0.28138742976632525	0.10142035953841916
-0.6264273332911012	cosine	12.0	0.0	8.0	0.34391796971439753	0.05979464037584733
-0.29864100338111016	cosine	12.0	8.0	0.0	0.31265269974036136	0.07853426938217861
0.406935689317961	cosine	12.0	8.0	4.0	0.26363719294623356	0.11640217218244758
1.9129693743347032	cosine	12.0	8.0	12.0	0.29465333329284926	0.09117756893125428
0.5608412631436871	cosine	12.0	0.0	8.0	0.34391796971439753	0.05979464037584733
-0.18700342944572984	cosine	12.0	4.0	12.0	0.35668561398608073	0.053232974601062806
-0.713648749263177	cosine	12.0	4.0	0.0	0.31265269974036136	0.07853426938217861
-0.042555086954677704	cosine	12.0	4.0	0.0	0.40644850966246976	0.03292085287309089
-0.813278773532861	cosine	12.0	8.0	4.0	0.29465333329284926	0.09117756893125428
-1.1624309072229004	cosine	12.0	4.0	0.0	0.40644850966246976	0.03292085287309089
-0.3492198508476034	cosine	12.0	8.0	4.0	0.07754035086653928	0.3628199843123999
1.0293506613576713	cosine	12.0	12.0	8.0	0.29465333329284926	0.09117756893125428
-0.6386514388881978	cosine	12.0	0.0	4.0	0.18759161984421682	0.1979406704679717
-1.492985030080871	cosine	12.0	4.0	0.0	0.18759161984421682	0.1979406704679717
-0.46243201147062096	cosine	12.0	12.0	4.0	0.41871789467931214	0.02904431653896035
0.9075440352758948	cosine	12.0	0.0	4.0	0.40644850966246976	0.03292085287309089
-0.07312995612739227	cosine	12.0	12.0	8.0	0.38770175433269644	0.03965908586713749
-0.9691542620432291	cosine	12.0	12.0	4.0	0.1395726315597707	0.26379925819755046
-0.4722739682220168	cosine	12.0	0.0	8.0	0.37518323968843365	0.044753897420978433
-1.523301940677588	cosine	12.0	0.0	8.0	0.31265269974036136	0.07853426938217861
-2.163904199454317	cosine	12.0	4.0	8.0	0.35668561398608073	0.053232974601062806
0.3673052839904169	cosine	12.0	12.0	4.0	0.23262105259961785	0.14621780365458337
-1.1928323483894459	cosine	12.0	8.0	0.0	0.21885688981825296	0.16096491949833142
0.4141614004347388	cosine	12.0	4.0	0.0	0.21885688981825296	0.16096491949833142
0.9010263509167213	cosine	12.0	4.0	0.0	0.18759161984421682	0.1979406704679717
-0.519516066910503	cosine	12.0	8.0	0.0	0.46897904961054204	0.016897895516253123
-0.4627201068356916	cosine	12.0	4.0	8.0	0.41871789467931214	0.02904431653896035
-0.2176054917500601	cosine	12.0	8.0	12.0	0.108556491213155	0.31160584178390943
1.813860315479859	cosine	12.0	4.0	8.0	0.17058877190638644	0.22004281389555647
0.3888395016246431	cosine	12.0	4.0	8.0	0.38770175433269644	0.03965908586713749
1.5869430209177198	cosine	12.0	4.0	8.0	0.35668561398608073	0.053232974601062806
-2.3626199380805755	cosine	12.0	4.0	8.0	0.17058877190638644	0.22004281389555647
0.6555371680264347	cosine	12.0	4.0	0.0	0.31265269974036136	0.07853426938217861
1.4258139121005975	cosine	12.0	12.0	8.0	0.38770175433269644	0.03965908586713749
0.429231781000504	cosine	12.0	4.0	8.0	0.20160491225300214	0.18077354211323055
-0.44658070646451725	cosine	12.0	0.0	4.0	0.31265269974036136	0.07853426938217861
-0.9915520650733775	cosine	12.0	12.0	4.0	0.6048147367590064	0.0030976341623523166
0.732581998865916	cosine	12.0	12.0	8.0	0.17058877190638644	0.22004281389555647
0.2193669488316071	cosine	12.0	8.0	0.0	0.09379580992210841	0.3356006186019033
1.3039943405232584	cosine	12.0	4.0	0.0	0.18759161984421682	0.1979406704679717
1.4075167813124774	cosine	12.0	4.0	8.0	0.23262105259961785	0.14621780365458337
-1.2903154059412918	cosine	12.0	12.0	4.0	0.38770175433269644	0.03965908586713749
-0.25910112891638154	cosine	12.0	8.0	4.0	0.17058877190638644	0.22004281389555647
-0.28012212584871293	cosine	12.0	8.0	4.0	0.35668561398608073	0.053232974601062806
-0.7557050567326621	cosine	12.0	4.0	0.0	0.2501221597922891	0.12881724171626302
0.6706631899416635	cosine	12.0	8.0	12.0	0.20160491225300214	0.18077354211323055
0.2474678033399357	cosine	12.0	4.0	8.0	0.23262105259961785	0.14621780365458337
0.11858605708348448	cosine	12.0	4.0	12.0	0.29465333329284926	0.09117756893125428
-0.781503163666996	cosine	12.0	12.0	4.0	0.07754035086653928	0.3628199843123999
1.3536242994980674	cosine	12.0	4.0	8.0	0.38770175433269644	0.03965908586713749
-0.8536114784450836	cosine	12.0	4.0	12.0	0.44973403502592785	0.02090527421057417
-0.137183795739272	cosine	12.0	8.0	0.0	0.40644850966246976	0.03292085287309089
1.2279834231959508	cosine	12.0	4.0	0.0	0.34391796971439753	0.05979464037584733
0.1947425313037515	cosine	12.0	12.0	4.0	0.35668561398608073	0.053232974601062806
1.8474892735867625	cosine	12.0	8.0	12.0	0.41871789467931214	0.02904431653896035
0.44430218595299037	cosine	12.0	8.0	4.0	0.07754035086653928	0.3628199843123999
0.4961040773499253	cosine	12.0	0.0	4.0	0.28138742976632525	0.10142035953841916
-0.31231284757332756	cosine	12.0	4.0	12.0	0.20160491225300214	0.18077354211323055
0.7095562143123798	cosine	12.0	4.0	12.0	0.41871789467931214	0.02904431653896035
0.692556380763452	cosine	12.0	8.0	12.0	0.5117663157191593	0.010275152505006458
-1.0054926242204543	cosine	12.0	4.0	8.0	0.20160491225300214	0.18077354211323055
-0.045988361417411215	cosine	12.0	12.0	4.0	0.04652421051992357	0.4166158148211466
0.24939679232512038	cosine	12.0	8.0	4.0	0.5737985964123907	0.004703590814103545
-1.0404162791053961	cosine	12.0	8.0	4.0	0.23262105259961785	0.14621780365458337
-0.28193744762455686	cosine	12.0	4.0	8.0	0.07754035086653928	0.3628199843123999
0.3452652282789299	cosine	12.0	8.0	4.0	0.1395726315597707	0.26379925819755046
-0.1896978321236689	cosine	12.0	8.0	4.0	0.44973403502592785	0.02090527421057417
0.022771997738325188	cosine	12.0	4.0	8.0	0.04652421051992357	0.4166158148211466
-0.2285046210598375	cosine	12.0	12.0	8.0	0.29465333329284926	0.09117756893125428
0.019408210183846634	cosine	12.0	12.0	4.0	0.325669473639465	0.07025277592236653
-0.6917166403002142	cosine	12.0	8.0	4.0	0.29465333329284926	0.09117756893125428
-2.243995945068651	cosine	12.0	4.0	0.0	0.2501221597922891	0.12881724171626302
1.3941515280734997	cosine	12.0	8.0	4.0	0.35668561398608073	0.053232974601062806
-1.355087158617433	cosine	12.0	8.0	12.0	0.07754035086653928	0.3628199843123999
-0.8183246894734112	cosine	12.0	0.0	8.0	0.21885688981825296	0.16096491949833142
-0.06406616278709396	cosine	12.0	4.0	8.0	0.35668561398608073	0.053232974601062806
0.3051828394760344	cosine	12.0	12.0	8.0	0.542782456065775	0.007014531725125648
-0.1786057138140184	cosine	12.0	4.0	0.0	0.12506107989614454	0.2856969100727392
-0.6471991736256242	cosine	12.0	8.0	0.0	0.6565706694547588	0.001481745846560898
6.89571752400696e-05	cosine	12.0	8.0	4.0	0.29465333329284926	0.09117756893125428
1.608228268684749	cosine	12.0	4.0	0.0	0.28138742976632525	0.10142035953841916
1.1088499740561066	cosine	12.0	12.0	8.0	0.325669473639465	0.07025277592236653
-0.15721919750679167	cosine	12.0	12.0	4.0	0.17058877190638644	0.22004281389555647
-1.6226284589877977	cosine	12.0	8.0	4.0	0.29465333329284926	0.09117756893125428
-0.17670774856828084	cosine	12.0	8.0	0.0	0.12506107989614454	0.2856969100727392
0.36168773217991335	cosine	12.0	4.0	8.0	0.108556491213155	0.31160584178390943
-0.5169268836178902	cosine	12.0	12.0	8.0	0.23262105259961785	0.14621780365458337
-0.028146416151985244	cosine	12.0	0.0	4.0	0.28138742976632525	0.10142035953841916
2.146910600042651	cosine	12.0	8.0	0.0	0.18759161984421682	0.1979406704679717
-0.6544285402821365	cosine	12.0	8.0	4.0	0.26363719294623356	0.11640217218244758
0.1890420199612409	cosine	12.0	4.0	8.0	0.41871789467931214	0.02904431653896035
0.20786087771236755	cosine	12.0	4.0	8.0	0.35668561398608073	0.053232974601062806
0.5991979721458242	cosine	12.0	4.0	12.0	0.44973403502592785	0.02090527421057417
-0.2143243703576693	cosine	12.0	4.0	0.0	0.40644850966246976	0.03292085287309089
0.9457931109503518	cosine	12.0	12.0	8.0	0.38770175433269644	0.03965908586713749
0.12383375565624798	cosine	12.0	12.0	4.0	0.48075017537254355	0.014786104244078217
0.9982682015268257	cosine	12.0	0.0	8.0	0.12506107989614454	0.2856969100727392
0.02806239219609744	cosine	12.0	4.0	12.0	0.20160491225300214	0.18077354211323055
0.6468898870397733	cosine	12.0	4.0	8.0	0.38770175433269644	0.03965908586713749
0.4622565969458803	cosine	12.0	8.0	4.0	0.325669473639465	0.07025277592236653
-1.2537803128959872	cosine	12.0	0.0	4.0	0.2501221597922891	0.12881724171626302
-0.14541950263489847	cosine	12.0	12.0	4.0	0.41871789467931214	0.02904431653896035
-0.05515441732339933	cosine	12.0	8.0	0.0	0.28138742976632525	0.10142035953841916
-0.14004467648493693	cosine	12.0	8.0	12.0	0.20160491225300214	0.18077354211323055
0.10246718637161246	cosine	12.0	0.0	8.0	0.18759161984421682	0.1979406704679717
0.07609539740905596	cosine	12.0	4.0	8.0	0.26363719294623356	0.11640217218244758
-1.4539477350442511	cosine	12.0	0.0	8.0	0.40644850966246976	0.03292085287309089
0.17949269643733257	cosine	12.0	8.0	4.0	0.04652421051992357	0.4166158148211466
0.20815224101946828	cosine	12.0	4.0	8.0	0.1395726315597707	0.26379925819755046
1.1487640046898204	cosine	12.0	0.0	4.0	0.5002443195845782	0.011787064559833655
1.0621352064369851	cosine	12.0	0.0	4.0	0.18759161984421682	0.1979406704679717
-0.7010531212716246	cosine	12.0	8.0	4.0	0.48075017537254355	0.014786104244078217
-0.028346492652335013	cosine	12.0	8.0	12.0	0.35668561398608073	0.053232974601062806
0.2719615586153695	cosine	12.0	4.0	12.0	0.41871789467931214	0.02904431653896035
1.2058319868280127	cosine	12.0	8.0	0.0	0.12506107989614454	0.2856969100727392
-0.6137620791090928	cosine	12.0	8.0	12.0	0.325669473639465	0.07025277592236653
-0.9816771857128712	cosine	12.0	8.0	4.0	0.35668561398608073	0.053232974601062806
-1.3832618883103798	cosine	12.0	8.0	0.0	0.18759161984421682	0.1979406704679717
-0.6259718851703634	cosine	12.0	8.0	4.0	0.325669473639465	0.07025277592236653
1.9590395374919052	cosine	12.0	0.0	8.0	0.21885688981825296	0.16096491949833142
1.7182526711377444	cosine	12.0	8.0	12.0	0.29465333329284926	0.09117756893125428
0.9532545823090512	cosine	12.0	4.0	8.0	0.325669473639465	0.07025277592236653
0.7297277815017582	cosine	12.0	12.0	8.0	0.41871789467931214	0.02904431653896035
2.155779386650685	cosine	12.0	4.0	8.0	0.07754035086653928	0.3628199843123999
-1.147430396507381	cosine	12.0	4.0	8.0	0.29465333329284926	0.09117756893125428
-1.1192858674284196	cosine	12.0	8.0	0.0	0.09379580992210841	0.3356006186019033
-1.6896486484506483	cosine	12.0	0.0	4.0	0.18759161984421682	0.1979406704679717
-1.8308516091435152	cosine	12.0	4.0	0.0	0.21885688981825296	0.16096491949833142
-1.643891345658547	cosine	12.0	0.0	8.0	0.09379580992210841	0.3356006186019033
0.0503354641609055	cosine	12.0	4.0	12.0	0.23262105259961785	0.14621780365458337
1.882814192302606	cosine	12.0	4.0	8.0	0.35668561398608073	0.053232974601062806
-0.4825013091930767	cosine	12.0	8.0	12.0	0.26363719294623356	0.11640217218244758
1.4734315821892234	cosine	12.0	0.0	4.0	0.34391796971439753	0.05979464037584733
0.13346752973836895	cosine	12.0	0.0	8.0	0.31265269974036136	0.07853426938217861
-0.08624597792621065	cosine	12.0	12.0	8.0	0.1395726315597707	0.26379925819755046
2.0429984334926155	cosine	12.0	8.0	4.0	0.542782456065775	0.007014531725125648
-1.6137748456893217	cosine	12.0	8.0	12.0	0.17058877190638644	0.22004281389555647
0.24764336296899056	cosine	12.0	4.0	8.0	0.23262105259961785	0.14621780365458337
0.34083334939300375	cosine	12.0	12.0	4.0	0.07754035086653928	0.3628199843123999
1.0045299231011637	cosine	12.0	4.0	8.0	0.41871789467931214	0.02904431653896035
0.7338873557188235	cosine	12.0	4.0	12.0	0.325669473639465	0.07025277592236653
0.6629073757731726	cosine	12.0	8.0	12.0	0.38770175433269644	0.03965908586713749
0.5966788102585079	cosine	12.0	12.0	4.0	0.325669473639465	0.07025277592236653
0.2694951824833868	cosine	12.0	8.0	12.0	0.108556491213155	0.31160584178390943
-0.26348735095118	cosine	12.0	0.0	4.0	0.2501221597922891	0.12881724171626302
-0.8724322987563781	cosine	12.0	8.0	4.0	0.29465333329284926	0.09117756893125428
0.28086799366007975	cosine	12.0	4.0	12.0	0.26363719294623356	0.11640217218244758
0.10536456210046796	cosine	12.0	0.0	8.0	0.31265269974036136	0.07853426938217861
-1.0516698254021222	cosine	12.0	4.0	12.0	0.41871789467931214	0.02904431653896035
-1.571773193197992	cosine	12.0	8.0	0.0	0.12506107989614454	0.2856969100727392
-0.4691062571799784	cosine	12.0	12.0	8.0	0.325669473639465	0.07025277592236653
-0.048154269577857456	cosine	12.0	8.0	4.0	0.38770175433269644	0.03965908586713749
1.436113725491436	cosine	12.0	4.0	8.0	0.1395726315597707	0.26379925819755046
0.4571459297745001	cosine	12.0	4.0	12.0	0.6048147367590064	0.0030976341623523166
1.662636077945129	cosine	12.0	0.0	4.0	0.40644850966246976	0.03292085287309089
0.19466941931844425	cosine	12.0	8.0	0.0	0.40644850966246976	0.03292085287309089
-0.5854279726076598	cosine	12.0	4.0	12.0	0.29465333329284926	0.09117756893125428
0.9480362307613013	cosine	12.0	0.0	4.0	0.2501221597922891	0.12881724171626302
2.1492831464292546	cosine	12.0	12.0	4.0	0.20160491225300214	0.18077354211323055
0.5112427168021774	cosine	12.0	8.0	4.0	0.29465333329284926	0.09117756893125428
-0.06045705451896736	cosine	12.0	12.0	8.0	0.20160491225300214	0.18077354211323055
-1.0494232575156266	cosine	12.0	8.0	4.0	0.35668561398608073	0.053232974601062806
-0.16417296539870038	cosine	12.0	8.0	4.0	0.23262105259961785	0.14621780365458337
0.86762608407074	cosine	12.0	4.0	0.0	0.37518323968843365	0.044753897420978433
-0.023054790537883358	cosine	12.0	4.0	0.0	0.34391796971439753	0.05979464037584733
-0.8473192519552778	cosine	12.0	0.0	4.0	0.40644850966246976	0.03292085287309089
0.04544355933692036	cosine	12.0	4.0	0.0	0.34391796971439753	0.05979464037584733
-0.4885901654759095	cosine	12.0	4.0	0.0	0.5315095895586144	0.008075181454718987
-0.6058756620026001	cosine	12.0	4.0	8.0	0.41871789467931214	0.02904431653896035
-0.6360914675706112	cosine	12.0	4.0	12.0	0.17058877190638644	0.22004281389555647
0.6766933687195773	cosine	12.0	8.0	4.0	0.542782456065775	0.007014531725125648
-0.1385275028856491	cosine	12.0	4.0	8.0	0.35668561398608073	0.053232974601062806
-0.7928683219759194	cosine	12.0	8.0	4.0	0.17058877190638644	0.22004281389555647
0.7434131613562814	cosine	12.0	4.0	12.0	0.17058877190638644	0.22004281389555647
0.18010832811600405	cosine	12.0	0.0	4.0	0.5002443195845782	0.011787064559833655
-0.35462425244340684	cosine	12.0	8.0	12.0	0.29465333329284926	0.09117756893125428
1.3993735192492431	cosine	12.0	12.0	8.0	0.325669473639465	0.07025277592236653
0.5745593013526843	cosine	12.0	8.0	0.0	0.40644850966246976	0.03292085287309089
0.36058704934464575	cosine	12.0	12.0	4.0	0.23262105259961785	0.14621780365458337
0.12394599748410426	cosine	12.0	0.0	4.0	0.2501221597922891	0.12881724171626302
0.7312803233334334	cosine	12.0	4.0	12.0	0.17058877190638644	0.22004281389555647
0.3104334044420017	cosine	12.0	12.0	8.0	0.1395726315597707	0.26379925819755046
1.9111923008190923	cosine	12.0	8.0	4.0	0.26363719294623356	0.11640217218244758
-0.17214412629404022	cosine	12.0	4.0	8.0	0.1395726315597707	0.26379925819755046
-0.2668767293125187	cosine	12.0	8.0	4.0	0.325669473639465	0.07025277592236653
0.6902234409848154	cosine	12.0	4.0	8.0	0.23262105259961785	0.14621780365458337
-0.08198052644231789	cosine	12.0	8.0	4.0	0.20160491225300214	0.18077354211323055
-0.2689097040586771	cosine	12.0	8.0	4.0	0.108556491213155	0.31160584178390943
0.28460781734147717	cosine	12.0	4.0	12.0	0.23262105259961785	0.14621780365458337
-0.8303596140501117	cosine	12.0	8.0	0.0	0.15632634987018068	0.23962792898088553
0.17057187733614004	cosine	12.0	8.0	0.0	0.28138742976632525	0.10142035953841916
1.1164402921653247	cosine	12.0	12.0	8.0	0.23262105259961785	0.14621780365458337
-1.5991841284172152	cosine	12.0	8.0	4.0	0.35668561398608073	0.053232974601062806
0.7967995840618698	cosine	12.0	12.0	4.0	0.38770175433269644	0.03965908586713749
0.07905981253545402	cosine	12.0	4.0	0.0	0.15632634987018068	0.23962792898088553
0.241679224902742	cosine	12.0	12.0	4.0	0.26363719294623356	0.11640217218244758
0.8650383780587455	cosine	12.0	12.0	8.0	0.20160491225300214	0.18077354211323055
0.3854967178820364	cosine	12.0	8.0	4.0	0.44973403502592785	0.02090527421057417
-1.0149476399595017	cosine	12.0	12.0	8.0	0.35668561398608073	0.053232974601062806
-1.158837417110353	cosine	12.0	4.0	0.0	0.12506107989614454	0.2856969100727392
-1.098706548122663	cosine	12.0	8.0	12.0	0.29465333329284926	0.09117756893125428
-0.1620400727625206	cosine	12.0	0.0	4.0	0.21885688981825296	0.16096491949833142
0.09020993011641854	cosine	12.0	0.0	8.0	0.5002443195845782	0.011787064559833655
-0.9643492866298907	cosine	12.0	8.0	12.0	0.17058877190638644	0.22004281389555647
-0.6625261853450682	cosine	12.0	12.0	8.0	0.20160491225300214	0.18077354211323055
-0.8573278537129909	cosine	12.0	12.0	4.0	0.17058877190638644	0.22004281389555647
1.1731923166976816	cosine	12.0	0.0	4.0	0.40644850966246976	0.03292085287309089
0.853042416555169	cosine	12.0	4.0	8.0	0.23262105259961785	0.14621780365458337
-0.29055651902945584	cosine	12.0	12.0	8.0	0.17058877190638644	0.22004281389555647
-0.7248469033932075	cosine	12.0	12.0	4.0	0.29465333329284926	0.09117756893125428
0.5394072830117815	cosine	12.0	8.0	12.0	0.07754035086653928	0.3628199843123999
-0.28778870144682467	cosine	12.0	4.0	0.0	0.5002443195845782	0.011787064559833655
-0.4148001567975319	cosine	12.0	4.0	8.0	0.26363719294623356	0.11640217218244758
0.7003948262955593	cosine	12.0	4.0	12.0	0.23262105259961785	0.14621780365458337
-1.6057714581054958	cosine	12.0	12.0	4.0	0.29465333329284926	0.09117756893125428
-0.4867970390004739	cosine	12.0	0.0	4.0	0.21885688981825296	0.16096491949833142
-0.2792732736610699	cosine	12.0	4.0	8.0	0.108556491213155	0.31160584178390943
0.6201216230088483	cosine	12.0	4.0	12.0	0.35668561398608073	0.053232974601062806
0.9102245470744094	cosine	12.0	4.0	12.0	0.07754035086653928	0.3628199843123999
-0.5126280050678002	cosine	12.0	8.0	4.0	0.20160491225300214	0.18077354211323055
1.164493801372533	cosine	12.0	8.0	12.0	0.26363719294623356	0.11640217218244758
-1.0416769628015128	cosine	12.0	8.0	12.0	0.04652421051992357	0.4166158148211466
-0.984852557961859	cosine	12.0	4.0	8.0	0.17058877190638644	0.22004281389555647
0.08510174372629974	cosine	12.0	4.0	12.0	0.20160491225300214	0.18077354211323055
0.8392591246977995	cosine	12.0	12.0	8.0	0.44973403502592785	0.02090527421057417
-0.609620808626599	cosine	12.0	4.0	0.0	0.21885688981825296	0.16096491949833142
1.7469120819807136	cosine	12.0	0.0	4.0	0.43771377963650593	0.02379564823412834
0.24382144542258052	cosine	12.0	8.0	4.0	0.23262105259961785	0.14621780365458337
1.0821706437190655	cosine	12.0	4.0	8.0	0.20160491225300214	0.18077354211323055
-0.6976873195528204	cosine	12.0	4.0	8.0	0.325669473639465	0.07025277592236653
-0.003750430528061578	cosine	12.0	8.0	12.0	0.20160491225300214	0.18077354211323055
-0.1261050282559491	cosine	12.0	8.0	4.0	0.44973403502592785	0.02090527421057417
1.7011818949753907	cosine	12.0	8.0	4.0	0.17058877190638644	0.22004281389555647
1.1366389904158436	cosine	12.0	12.0	4.0	0.23262105259961785	0.14621780365458337
-1.0780414213567653	cosine	12.0	8.0	0.0	0.12506107989614454	0.2856969100727392
1.5109434438422966	cosine	12.0	8.0	4.0	0.26363719294623356	0.11640217218244758
2.745594256087008	cosine	12.0	8.0	0.0	0.2501221597922891	0.12881724171626302
-0.6306355261383577	cosine	12.0	8.0	4.0	0.1395726315597707	0.26379925819755046
0.004434247231721054	cosine	12.0	8.0	0.0	0.2501221597922891	0.12881724171626302
2.1923279800304054	cosine	12.0	12.0	8.0	0.35668561398608073	0.053232974601062806
-1.607646207489385	cosine	12.0	12.0	8.0	0.1395726315597707	0.26379925819755046
0.8985973778202677	cosine	12.0	4.0	0.0	0.46897904961054204	0.016897895516253123
-0.8346914090720808	cosine	12.0	4.0	8.0	0.108556491213155	0.31160584178390943
-0.7066206708620879	cosine	12.0	8.0	12.0	0.38770175433269644	0.03965908586713749
-1.532562605737648	cosine	12.0	0.0	8.0	0.12506107989614454	0.2856969100727392
0.3563345879282554	cosine	12.0	12.0	8.0	0.1395726315597707	0.26379925819755046
-0.8103107616520605	cosine	12.0	8.0	4.0	0.48075017537254355	0.014786104244078217
-0.37073143746436227	cosine	12.0	8.0	4.0	0.48075017537254355	0.014786104244078217
-0.08693510488248093	cosine	12.0	8.0	4.0	0.41871789467931214	0.02904431653896035
1.204094762924211	cosine	12.0	4.0	8.0	0.38770175433269644	0.03965908586713749
-1.5924903489280227	cosine	12.0	12.0	8.0	0.108556491213155	0.31160584178390943
-0.9143534710751787	cosine	12.0	8.0	12.0	0.44973403502592785	0.02090527421057417
1.1456724590629581	cosine	12.0	4.0	8.0	0.5737985964123907	0.004703590814103545
0.26005246666015847	cosine	12.0	4.0	12.0	0.35668561398608073	0.053232974601062806
0.26704496259923466	cosine	12.0	8.0	0.0	0.31265269974036136	0.07853426938217861
0.3097869608289474	cosine	12.0	12.0	8.0	0.325669473639465	0.07025277592236653
0.4095037237046563	cosine	12.0	12.0	4.0	0.20160491225300214	0.18077354211323055
0.11489705995158542	cosine	12.0	0.0	8.0	0.5315095895586144	0.008075181454718987
-0.25095011756165897	cosine	12.0	4.0	8.0	0.325669473639465	0.07025277592236653
-0.25347519802675017	cosine	12.0	12.0	8.0	0.38770175433269644	0.03965908586713749
-0.09073727416286803	cosine	12.0	0.0	4.0	0.09379580992210841	0.3356006186019033
1.3297524614352034	cosine	12.0	0.0	4.0	0.21885688981825296	0.16096491949833142
0.16812745082153302	cosine	12.0	0.0	4.0	0.15632634987018068	0.23962792898088553
-1.560774917672285	cosine	12.0	4.0	0.0	0.15632634987018068	0.23962792898088553
-0.32117016930508346	cosine	12.0	8.0	4.0	0.29465333329284926	0.09117756893125428
0.03745751467251865	cosine	12.0	8.0	12.0	0.35668561398608073	0.053232974601062806
-1.6570019529288653	cosine	12.0	8.0	12.0	0.26363719294623356	0.11640217218244758
-0.22630195955957555	cosine	12.0	0.0	4.0	0.46897904961054204	0.016897895516253123
0.3256584981298013	cosine	12.0	4.0	8.0	0.6358308771056221	0.0020033371474573332
-0.13156748823747696	cosine	12.0	4.0	0.0	0.43771377963650593	0.02379564823412834
-0.4317630014865498	cosine	12.0	8.0	0.0	0.06253053994807227	0.38858842967327256
-1.2874952617189925	cosine	12.0	4.0	0.0	0.15632634987018068	0.23962792898088553
0.9206086686614103	cosine	12.0	0.0	4.0	0.28138742976632525	0.10142035953841916
0.06206123754822799	cosine	12.0	4.0	8.0	0.26363719294623356	0.11640217218244758
-0.11470571979787754	cosine	12.0	12.0	4.0	0.542782456065775	0.007014531725125648
-0.4118841253735361	cosine	12.0	4.0	8.0	0.23262105259961785	0.14621780365458337
-1.3206703984375958	cosine	12.0	4.0	8.0	0.35668561398608073	0.053232974601062806
0.6379000173555038	cosine	12.0	8.0	12.0	0.325669473639465	0.07025277592236653
-0.2691652394927661	cosine	12.0	4.0	12.0	0.23262105259961785	0.14621780365458337
0.823707644851714	cosine	12.0	12.0	8.0	0.29465333329284926	0.09117756893125428
-0.6531178331965755	cosine	12.0	4.0	8.0	0.20160491225300214	0.18077354211323055
0.3358120193398473	cosine	12.0	8.0	0.0	0.18759161984421682	0.1979406704679717
0.6662675643378202	cosine	12.0	12.0	8.0	0.26363719294623356	0.11640217218244758
-1.369590443796338	cosine	12.0	8.0	12.0	0.23262105259961785	0.14621780365458337
-0.9050257337880739	cosine	12.0	12.0	4.0	0.23262105259961785	0.14621780365458337
0.7236410827908483	cosine	12.0	8.0	12.0	0.38770175433269644	0.03965908586713749
-0.5969125171033948	cosine	12.0	0.0	8.0	0.5627748595326505	0.005432675743650132
-0.4265927737240537	cosine	12.0	8.0	12.0	0.29465333329284926	0.09117756893125428
-0.6588070454072127	cosine	12.0	8.0	4.0	0.5117663157191593	0.010275152505006458
0.37221166297222374	cosine	12.0	4.0	0.0	0.15632634987018068	0.23962792898088553
-0.3590055608662705	cosine	12.0	4.0	0.0	0.28138742976632525	0.10142035953841916
-0.11551232864135381	cosine	12.0	8.0	4.0	0.1395726315597707	0.26379925819755046
0.8925482759483888	cosine	12.0	4.0	12.0	0.108556491213155	0.31160584178390943
0.6438020121900452	cosine	12.0	8.0	4.0	0.17058877190638644	0.22004281389555647
0.16296011102126068	cosine	12.0	4.0	0.0	0.28138742976632525	0.10142035953841916
-1.5976599198116086	cosine	12.0	0.0	8.0	0.43771377963650593	0.02379564823412834
0.8785510901085514	cosine	12.0	0.0	8.0	0.15632634987018068	0.23962792898088553
-0.39047838651049577	cosine	12.0	8.0	0.0	0.21885688981825296	0.16096491949833142
1.6452830403147038	cosine	12.0	8.0	4.0	0.542782456065775	0.007014531725125648
-0.4578436473155533	cosine	12.0	4.0	0.0	0.43771377963650593	0.02379564823412834
-2.0164960687018603	cosine	12.0	0.0	4.0	0.31265269974036136	0.07853426938217861
0.6703445527336611	cosine	12.0	8.0	4.0	0.20160491225300214	0.18077354211323055
0.11887449786968393	cosine	12.0	4.0	8.0	0.26363719294623356	0.11640217218244758
-0.1348625710150348	cosine	12.0	12.0	4.0	0.26363719294623356	0.11640217218244758
0.13968474299804748	cosine	12.0	4.0	12.0	0.38770175433269644	0.03965908586713749
