ID	Waveform	Period	Phase	Nadir	Tau	P
-0.7482189404286664	cosine	24.0	0.0	20.0	0.45454545454545475	0.019834630913749846
-0.1641451436975972	cosine	24.0	20.0	16.0	0.6363636363636367	0.001988079806063042
1.6362361398715888	cosine	24.0	4.0	0.0	0.5151515151515154	0.00986438530634296
-1.1342087523362159	cosine	24.0	20.0	0.0	0.24242424242424254	0.1362855657955242
-2.194309566821891	cosine	24.0	20.0	0.0	0.2727272727272728	0.10854448149943507
1.8150356840279112	cosine	24.0	0.0	4.0	0.3333333333333335	0.06570102610411901
-2.907926676770889	cosine	24.0	20.0	0.0	0.5454545454545456	0.0067819162397311575
0.03499225435640349	cosine	24.0	12.0	4.0	0.24242424242424254	0.1362855657955242
-2.100594697472262	cosine	24.0	16.0	20.0	0.24242424242424254	0.1362855657955242
-1.795771307431871	cosine	24.0	12.0	8.0	0.3939393939393941	0.037302414641954044
-0.5083067200830435	cosine	24.0	12.0	0.0	0.45454545454545475	0.019834630913749846
-0.7068060194181948	cosine	24.0	4.0	8.0	0.2121212121212122	0.16852366968754684
0.7782257245035276	cosine	24.0	20.0	16.0	0.5454545454545456	0.0067819162397311575
1.3168547642949382	cosine	24.0	4.0	8.0	0.4848484848484851	0.014106153084401886
2.6687446052144663	cosine	24.0	16.0	20.0	0.30303030303030315	0.08511721571435177
-0.5186290712728951	cosine	24.0	0.0	8.0	0.24242424242424254	0.1362855657955242
-0.5038067054623764	cosine	24.0	4.0	20.0	0.3333333333333335	0.06570102610411901
-0.2057616629022127	cosine	24.0	8.0	16.0	0.1818181818181819	0.20529080418760415
-1.4482668826330638	cosine	24.0	4.0	0.0	0.5151515151515154	0.00986438530634296
1.0393661662535407	cosine	24.0	20.0	16.0	0.24242424242424254	0.1362855657955242
0.4809248712370473	cosine	24.0	8.0	4.0	0.3636363636363638	0.04990853551146973
-0.028220863770134514	cosine	24.0	12.0	16.0	0.5151515151515154	0.00986438530634296
-0.9179049084500858	cosine	24.0	0.0	20.0	0.3636363636363638	0.04990853551146973
0.6077387803878346	cosine	24.0	16.0	8.0	0.2727272727272728	0.10854448149943507
0.26504468149975824	cosine	24.0	20.0	16.0	0.4242424242424244	0.02742697317621316
-2.6023211432893265	cosine	24.0	8.0	0.0	0.6060606060606063	0.003044944233852819
-1.6770208499509274	cosine	24.0	12.0	16.0	0.6969696969696972	0.0008043156973336818
-2.908831270398711	cosine	24.0	8.0	0.0	0.3939393939393941	0.037302414641954044
0.8690427726096819	cosine	24.0	20.0	12.0	0.4242424242424244	0.02742697317621316
1.7998005048264751	cosine	24.0	8.0	4.0	0.3636363636363638	0.04990853551146973
0.5858930543272365	cosine	24.0	16.0	8.0	0.4242424242424244	0.02742697317621316
0.1856429801493196	cosine	24.0	16.0	12.0	0.4242424242424244	0.02742697317621316
-0.8303553436910301	cosine	24.0	0.0	12.0	0.5454545454545456	0.0067819162397311575
-1.79085646382932	cosine	24.0	8.0	0.0	0.666666666666667	0.0012756406460599887
2.4373254365925456	cosine	24.0	12.0	8.0	0.30303030303030315	0.08511721571435177
-0.3015640537726154	cosine	24.0	0.0	16.0	0.5454545454545456	0.0067819162397311575
-0.6628466165352168	cosine	24.0	4.0	12.0	0.3636363636363638	0.04990853551146973
-0.8495450996083823	cosine	24.0	0.0	12.0	0.3333333333333335	0.06570102610411901
-1.0186155604210596	cosine	24.0	20.0	16.0	0.3333333333333335	0.06570102610411901
-0.359965729992078	cosine	24.0	8.0	4.0	0.45454545454545475	0.019834630913749846
0.037579664070297364	cosine	24.0	12.0	8.0	0.3333333333333335	0.06570102610411901
-0.631935404378346	cosine	24.0	20.0	0.0	0.5151515151515154	0.00986438530634296
-1.254726045984393	cosine	24.0	8.0	12.0	0.666666666666667	0.0012756406460599887
-1.0024276282359785	cosine	24.0	16.0	8.0	0.2121212121212122	0.16852366968754684
-0.06854087980035128	cosine	24.0	20.0	12.0	0.24242424242424254	0.1362855657955242
0.05027684119529486	cosine	24.0	8.0	12.0	0.2121212121212122	0.16852366968754684
0.8222565123641667	cosine	24.0	12.0	20.0	0.3939393939393941	0.037302414641954044
0.26393536420080715	cosine	24.0	16.0	12.0	0.5454545454545456	0.0067819162397311575
0.5775720491590122	cosine	24.0	16.0	12.0	0.1818181818181819	0.20529080418760415
-0.05578814429993114	cosine	24.0	8.0	20.0	0.3333333333333335	0.06570102610411901
-3.6325120855583846	cosine	24.0	8.0	12.0	0.3333333333333335	0.06570102610411901
-0.9828514827687128	cosine	24.0	8.0	4.0	0.2727272727272728	0.10854448149943507
-1.6742587255795578	cosine	24.0	20.0	16.0	0.2121212121212122	0.16852366968754684
-1.6972412833647128	cosine	24.0	8.0	12.0	0.4848484848484851	0.014106153084401886
0.5285611309959195	cosine	24.0	8.0	16.0	0.2727272727272728	0.10854448149943507
0.897234949798495	cosine	24.0	0.0	20.0	0.30303030303030315	0.08511721571435177
-0.22710324204483964	cosine	24.0	8.0	4.0	0.5454545454545456	0.0067819162397311575
0.14891626968082616	cosine	24.0	16.0	12.0	0.575757575757576	0.004583576838638997
0.8675944634876583	cosine	24.0	20.0	4.0	0.4242424242424244	0.02742697317621316
1.639350929153351	cosine	24.0	8.0	16.0	0.3939393939393941	0.037302414641954044
0.006255946470347077	cosine	24.0	0.0	12.0	0.1818181818181819	0.20529080418760415
-0.16280366644422395	cosine	24.0	20.0	12.0	0.575757575757576	0.004583576838638997
1.5306182025239792	cosine	24.0	12.0	4.0	0.3333333333333335	0.06570102610411901
0.7564487150907983	cosine	24.0	4.0	12.0	0.575757575757576	0.004583576838638997
-1.327838966450648	cosine	24.0	8.0	4.0	0.2121212121212122	0.16852366968754684
-0.17485750792443303	cosine	24.0	4.0	16.0	0.45454545454545475	0.019834630913749846
0.5586367803032198	cosine	24.0	8.0	4.0	0.575757575757576	0.004583576838638997
0.7359412299103137	cosine	24.0	8.0	20.0	0.3636363636363638	0.04990853551146973
1.501220553029612	cosine	24.0	16.0	0.0	0.24242424242424254	0.1362855657955242
0.7273436501205238	cosine	24.0	4.0	8.0	0.1818181818181819	0.20529080418760415
1.0541650438895989	cosine	24.0	8.0	12.0	0.5151515151515154	0.00986438530634296
-0.477090579803138	cosine	24.0	4.0	8.0	0.575757575757576	0.004583576838638997
1.325747397552417	cosine	24.0	8.0	12.0	0.2121212121212122	0.16852366968754684
-0.8327075729513418	cosine	24.0	8.0	0.0	0.5151515151515154	0.00986438530634296
0.7489980380470662	cosine	24.0	12.0	8.0	0.45454545454545475	0.019834630913749846
1.9622897787985059	cosine	24.0	12.0	16.0	0.4242424242424244	0.02742697317621316
0.6035636440323747	cosine	24.0	4.0	0.0	0.24242424242424254	0.1362855657955242
-0.4334624415794226	cosine	24.0	8.0	4.0	0.24242424242424254	0.1362855657955242
-0.231508852553445	cosine	24.0	16.0	8.0	0.3333333333333335	0.06570102610411901
0.6399655852261571	cosine	24.0	0.0	4.0	0.666666666666667	0.0012756406460599887
0.7141167641654085	cosine	24.0	12.0	16.0	0.4242424242424244	0.02742697317621316
-0.7201052208691172	cosine	24.0	16.0	12.0	0.3333333333333335	0.06570102610411901
-1.1027258002246827	cosine	24.0	16.0	12.0	0.5454545454545456	0.0067819162397311575
-1.8099183171005977	cosine	24.0	0.0	4.0	0.3636363636363638	0.04990853551146973
1.3824808772717645	cosine	24.0	0.0	20.0	0.2727272727272728	0.10854448149943507
-0.6925129273052877	cosine	24.0	12.0	16.0	0.2121212121212122	0.16852366968754684
-0.3429289027539536	cosine	24.0	0.0	12.0	0.15151515151515157	0.24644312334002483
-0.27494738779038375	cosine	24.0	4.0	8.0	0.2121212121212122	0.16852366968754684
-0.1893226732666768	cosine	24.0	12.0	20.0	0.3333333333333335	0.06570102610411901
-0.5214787034076052	cosine	24.0	12.0	0.0	0.12121212121212127	0.29164672996678775
-0.09409804853178251	cosine	24.0	0.0	20.0	0.2727272727272728	0.10854448149943507
-0.03107948504371473	cosine	24.0	0.0	16.0	0.4242424242424244	0.02742697317621316
-0.483596038741617	cosine	24.0	16.0	12.0	0.24242424242424254	0.1362855657955242
0.6370864695719141	cosine	24.0	4.0	8.0	0.45454545454545475	0.019834630913749846
0.02643599339579484	cosine	24.0	12.0	8.0	0.4848484848484851	0.014106153084401886
0.9403397661085101	cosine	24.0	0.0	8.0	0.45454545454545475	0.019834630913749846
-0.3147750185871033	cosine	24.0	8.0	0.0	0.30303030303030315	0.08511721571435177
0.7576510515810831	cosine	24.0	4.0	0.0	0.45454545454545475	0.019834630913749846
1.440164671971461	cosine	24.0	4.0	0.0	0.30303030303030315	0.08511721571435177
-0.20395178946594475	cosine	24.0	0.0	16.0	0.4848484848484851	0.014106153084401886
-0.10468586153875299	cosine	24.0	20.0	0.0	0.15151515151515157	0.24644312334002483
-2.0408198009601115	cosine	24.0	16.0	12.0	0.45454545454545475	0.019834630913749846
1.3078027092185756	cosine	24.0	4.0	20.0	0.5454545454545456	0.0067819162397311575
0.618784765258788	cosine	24.0	8.0	12.0	0.30303030303030315	0.08511721571435177
1.0749741786696816	cosine	24.0	12.0	4.0	0.4242424242424244	0.02742697317621316
1.8180426719793008	cosine	24.0	20.0	16.0	0.3636363636363638	0.04990853551146973
0.4863603373842291	cosine	24.0	8.0	20.0	0.5454545454545456	0.0067819162397311575
1.0065361254620937	cosine	24.0	20.0	16.0	0.4242424242424244	0.02742697317621316
-1.2176623317888478	cosine	24.0	20.0	16.0	0.3939393939393941	0.037302414641954044
0.9546870409976622	cosine	24.0	4.0	12.0	0.24242424242424254	0.1362855657955242
-0.39636446376873674	cosine	24.0	20.0	16.0	0.30303030303030315	0.08511721571435177
0.2012400800745831	cosine	24.0	12.0	4.0	0.30303030303030315	0.08511721571435177
0.961534387218686	cosine	24.0	8.0	4.0	0.3333333333333335	0.06570102610411901
-0.9503030613260461	cosine	24.0	4.0	16.0	0.30303030303030315	0.08511721571435177
0.8041777796692196	cosine	24.0	0.0	16.0	0.3333333333333335	0.06570102610411901
-0.18289646567237572	cosine	24.0	8.0	12.0	0.30303030303030315	0.08511721571435177
-2.5559635197611965	cosine	24.0	16.0	20.0	0.24242424242424254	0.1362855657955242
2.3176015265274597	cosine	24.0	4.0	20.0	0.2727272727272728	0.10854448149943507
-0.4072847806265569	cosine	24.0	12.0	16.0	0.24242424242424254	0.1362855657955242
-0.10417986171951867	cosine	24.0	16.0	12.0	0.2727272727272728	0.10854448149943507
-0.11996834342522848	cosine	24.0	20.0	16.0	0.30303030303030315	0.08511721571435177
-1.0628426965981865	cosine	24.0	12.0	8.0	0.30303030303030315	0.08511721571435177
0.4811291614791124	cosine	24.0	4.0	16.0	0.4848484848484851	0.014106153084401886
0.1486989118519281	cosine	24.0	12.0	20.0	0.4242424242424244	0.02742697317621316
0.421335787204993	cosine	24.0	0.0	20.0	0.2727272727272728	0.10854448149943507
0.6974832374940257	cosine	24.0	20.0	16.0	0.5151515151515154	0.00986438530634296
-0.9223278031493801	cosine	24.0	12.0	4.0	0.5151515151515154	0.00986438530634296
1.3062359558818109	cosine	24.0	4.0	20.0	0.45454545454545475	0.019834630913749846
-0.7935704700742008	cosine	24.0	12.0	0.0	0.4848484848484851	0.014106153084401886
0.3079506581328196	cosine	24.0	16.0	12.0	0.1818181818181819	0.20529080418760415
0.016871643925911988	cosine	24.0	4.0	12.0	0.45454545454545475	0.019834630913749846
-0.7021387362925297	cosine	24.0	16.0	8.0	0.30303030303030315	0.08511721571435177
-1.1684303980786244	cosine	24.0	20.0	8.0	0.30303030303030315	0.08511721571435177
-0.23478650020291233	cosine	24.0	8.0	4.0	0.15151515151515157	0.24644312334002483
-0.3155858346479338	cosine	24.0	4.0	16.0	0.3333333333333335	0.06570102610411901
-0.03937453521148917	cosine	24.0	4.0	12.0	0.4242424242424244	0.02742697317621316
-0.0707570971891854	cosine	24.0	16.0	12.0	0.24242424242424254	0.1362855657955242
-0.9185992560330528	cosine	24.0	0.0	12.0	0.30303030303030315	0.08511721571435177
-1.3580057915505601	cosine	24.0	20.0	16.0	0.45454545454545475	0.019834630913749846
0.2325281000426396	cosine	24.0	4.0	8.0	0.4242424242424244	0.02742697317621316
0.430533701461059	cosine	24.0	20.0	16.0	0.4848484848484851	0.014106153084401886
1.401033929973255	cosine	24.0	8.0	4.0	0.24242424242424254	0.1362855657955242
1.5672461353130163	cosine	24.0	16.0	4.0	0.3333333333333335	0.06570102610411901
-1.9964243641207844	cosine	24.0	8.0	4.0	0.2121212121212122	0.16852366968754684
0.835694092447689	cosine	24.0	16.0	20.0	0.30303030303030315	0.08511721571435177
1.592421565236778	cosine	24.0	12.0	16.0	0.45454545454545475	0.019834630913749846
-0.2164212571954659	cosine	24.0	0.0	20.0	0.24242424242424254	0.1362855657955242
0.3583864146604398	cosine	24.0	16.0	12.0	0.30303030303030315	0.08511721571435177
0.5980218326413954	cosine	24.0	4.0	8.0	0.3939393939393941	0.037302414641954044
-0.6281438171376065	cosine	24.0	0.0	20.0	0.2121212121212122	0.16852366968754684
-0.7948944523606124	cosine	24.0	16.0	12.0	0.12121212121212127	0.29164672996678775
1.320559971309044	cosine	24.0	16.0	0.0	0.15151515151515157	0.24644312334002483
-0.308991061746123	cosine	24.0	0.0	8.0	0.3939393939393941	0.037302414641954044
0.5205731884179363	cosine	24.0	12.0	16.0	0.30303030303030315	0.08511721571435177
2.020766126719979	cosine	24.0	0.0	4.0	0.1818181818181819	0.20529080418760415
1.050577496529287	cosine	24.0	4.0	12.0	0.1818181818181819	0.20529080418760415
0.473950602208745	cosine	24.0	8.0	12.0	0.3333333333333335	0.06570102610411901
-0.23176969523390845	cosine	24.0	12.0	20.0	0.24242424242424254	0.1362855657955242
-0.6728520901163456	cosine	24.0	12.0	16.0	0.3636363636363638	0.04990853551146973
-1.0068279312748638	cosine	24.0	4.0	0.0	0.3333333333333335	0.06570102610411901
2.303320073518932	cosine	24.0	8.0	4.0	0.2121212121212122	0.16852366968754684
0.577597698166971	cosine	24.0	16.0	20.0	0.3939393939393941	0.037302414641954044
-0.810515401365687	cosine	24.0	12.0	16.0	0.2727272727272728	0.10854448149943507
-0.9203943798740761	cosine	24.0	16.0	8.0	0.3939393939393941	0.037302414641954044
0.3460914539754032	cosine	24.0	20.0	0.0	0.3939393939393941	0.037302414641954044
-1.8570058505792097	cosine	24.0	4.0	16.0	0.2727272727272728	0.10854448149943507
-1.8493657900832434	cosine	24.0	4.0	8.0	0.3333333333333335	0.06570102610411901
0.5419667135038518	cosine	24.0	8.0	4.0	0.2121212121212122	0.16852366968754684
1.0147474632538231	cosine	24.0	8.0	12.0	0.2121212121212122	0.16852366968754684
-0.7404826624440947	cosine	24.0	4.0	12.0	0.30303030303030315	0.08511721571435177
-0.5341590953615722	cosine	24.0	4.0	8.0	0.2727272727272728	0.10854448149943507
2.3785118355093373	cosine	24.0	20.0	16.0	0.3636363636363638	0.04990853551146973
-0.6696328654770822	cosine	24.0	20.0	16.0	0.4242424242424244	0.02742697317621316
-0.5821840176423821	cosine	24.0	0.0	4.0	0.1818181818181819	0.20529080418760415
-2.082818279429393	cosine	24.0	12.0	4.0	0.45454545454545475	0.019834630913749846
-1.6178201046094518	cosine	24.0	12.0	8.0	0.30303030303030315	0.08511721571435177
1.4104331320323191	cosine	24.0	8.0	16.0	0.5151515151515154	0.00986438530634296
0.21204329686969497	cosine	24.0	16.0	12.0	0.2727272727272728	0.10854448149943507
0.7841041801603421	cosine	24.0	0.0	16.0	0.3939393939393941	0.037302414641954044
-0.4862309325610568	cosine	24.0	20.0	12.0	0.12121212121212127	0.29164672996678775
0.12271458165257136	cosine	24.0	16.0	8.0	0.45454545454545475	0.019834630913749846
-0.014439284859377685	cosine	24.0	16.0	8.0	0.12121212121212127	0.29164672996678775
-0.7445362785096707	cosine	24.0	16.0	8.0	0.575757575757576	0.004583576838638997
1.3842486201757191	cosine	24.0	20.0	16.0	0.2727272727272728	0.10854448149943507
-1.0574103699485518	cosine	24.0	16.0	20.0	0.4242424242424244	0.02742697317621316
-1.0714496806499805	cosine	24.0	20.0	12.0	0.2121212121212122	0.16852366968754684
0.41062702517824196	cosine	24.0	4.0	8.0	0.3333333333333335	0.06570102610411901
-0.5931634329338173	cosine	24.0	12.0	4.0	0.45454545454545475	0.019834630913749846
-0.4489972030622377	cosine	24.0	8.0	16.0	0.45454545454545475	0.019834630913749846
0.03029382025185501	cosine	24.0	16.0	4.0	0.24242424242424254	0.1362855657955242
0.2629965344551578	cosine	24.0	16.0	12.0	0.2727272727272728	0.10854448149943507
0.047526312174052045	cosine	24.0	12.0	16.0	0.4848484848484851	0.014106153084401886
-0.9376834323340643	cosine	24.0	16.0	12.0	0.24242424242424254	0.1362855657955242
1.52650106026646	cosine	24.0	0.0	4.0	0.1818181818181819	0.20529080418760415
0.06275814781737257	cosine	24.0	0.0	16.0	0.575757575757576	0.004583576838638997
-1.4749966493990063	cosine	24.0	4.0	8.0	0.1818181818181819	0.20529080418760415
1.4085993701199424	cosine	24.0	0.0	8.0	0.5151515151515154	0.00986438530634296
1.381344848394891	cosine	24.0	12.0	8.0	0.30303030303030315	0.08511721571435177
1.3132682516490675	cosine	24.0	0.0	4.0	0.5454545454545456	0.0067819162397311575
-0.7792832941866139	cosine	24.0	12.0	8.0	0.4242424242424244	0.02742697317621316
-0.11194037216798126	cosine	24.0	16.0	12.0	0.24242424242424254	0.1362855657955242
-1.516797018996795	cosine	24.0	16.0	20.0	0.4848484848484851	0.014106153084401886
-0.9808426137436536	cosine	24.0	20.0	16.0	0.575757575757576	0.004583576838638997
-0.21046353808782226	cosine	24.0	12.0	16.0	0.3636363636363638	0.04990853551146973
-0.629459453894109	cosine	24.0	0.0	20.0	0.2727272727272728	0.10854448149943507
-0.9978431199478981	cosine	24.0	8.0	4.0	0.1818181818181819	0.20529080418760415
-0.4895700503406021	cosine	24.0	12.0	8.0	0.1818181818181819	0.20529080418760415
1.3769024891460242	cosine	24.0	0.0	20.0	0.2121212121212122	0.16852366968754684
0.7661434625283198	cosine	24.0	4.0	8.0	0.2727272727272728	0.10854448149943507
0.7381547006618254	cosine	24.0	16.0	20.0	0.24242424242424254	0.1362855657955242
0.789609954282679	cosine	24.0	16.0	20.0	0.575757575757576	0.004583576838638997
-1.3693925246318281	cosine	24.0	4.0	20.0	0.24242424242424254	0.1362855657955242
0.5760563835537692	cosine	24.0	4.0	20.0	0.45454545454545475	0.019834630913749846
1.3845773136174466	cosine	24.0	8.0	4.0	0.3333333333333335	0.06570102610411901
1.1349584517334474	cosine	24.0	20.0	0.0	0.4848484848484851	0.014106153084401886
0.5976116473393915	cosine	24.0	0.0	16.0	0.3333333333333335	0.06570102610411901
1.3542821284493076	cosine	24.0	8.0	20.0	0.3636363636363638	0.04990853551146973
-0.6728593330755519	cosine	24.0	16.0	0.0	0.1818181818181819	0.20529080418760415
-0.7579951332398602	cosine	24.0	8.0	4.0	0.575757575757576	0.004583576838638997
2.3321107778827623	cosine	24.0	4.0	8.0	0.3333333333333335	0.06570102610411901
1.4345460811070503	cosine	24.0	12.0	4.0	0.6060606060606063	0.003044944233852819
-0.5709765196059063	cosine	24.0	20.0	12.0	0.6060606060606063	0.003044944233852819
0.5324000107885126	cosine	24.0	0.0	20.0	0.4848484848484851	0.014106153084401886
-0.6101228503439641	cosine	24.0	0.0	16.0	0.24242424242424254	0.1362855657955242
-0.36418738551543356	cosine	24.0	12.0	8.0	0.24242424242424254	0.1362855657955242
0.22771864967299885	cosine	24.0	20.0	8.0	0.3333333333333335	0.06570102610411901
1.6505650636682228	cosine	24.0	20.0	0.0	0.3636363636363638	0.04990853551146973
0.29169100399897757	cosine	24.0	4.0	8.0	0.30303030303030315	0.08511721571435177
0.3098386597813046	cosine	24.0	16.0	0.0	0.5151515151515154	0.00986438530634296
0.10387740693010206	cosine	24.0	8.0	12.0	0.12121212121212127	0.29164672996678775
-1.2142599702830792	cosine	24.0	0.0	20.0	0.15151515151515157	0.24644312334002483
-0.927793167940474	cosine	24.0	12.0	16.0	0.3636363636363638	0.04990853551146973
-1.3695257861545505	cosine	24.0	20.0	16.0	0.45454545454545475	0.019834630913749846
0.9217869767359678	cosine	24.0	16.0	12.0	0.3939393939393941	0.037302414641954044
0.25180759112925355	cosine	24.0	0.0	4.0	0.4848484848484851	0.014106153084401886
-0.16616184671498516	cosine	24.0	12.0	4.0	0.2727272727272728	0.10854448149943507
-1.910968146428991	cosine	24.0	8.0	16.0	0.24242424242424254	0.1362855657955242
-0.527569558376371	cosine	24.0	8.0	12.0	0.2727272727272728	0.10854448149943507
0.3162914436086363	cosine	24.0	20.0	0.0	0.3333333333333335	0.06570102610411901
-2.4792907366761185	cosine	24.0	16.0	20.0	0.3333333333333335	0.06570102610411901
0.5889613370291826	cosine	24.0	4.0	20.0	0.4848484848484851	0.014106153084401886
-0.24802665176858998	cosine	24.0	8.0	12.0	0.24242424242424254	0.1362855657955242
0.5262098255505455	cosine	24.0	8.0	12.0	0.2727272727272728	0.10854448149943507
-0.47193127246890393	cosine	24.0	12.0	8.0	0.24242424242424254	0.1362855657955242
0.19891086508328135	cosine	24.0	12.0	4.0	0.5454545454545456	0.0067819162397311575
-0.09693250206434119	cosine	24.0	16.0	8.0	0.4848484848484851	0.014106153084401886
-0.9818034146989874	cosine	24.0	12.0	20.0	0.2121212121212122	0.16852366968754684
-0.22229230856130838	cosine	24.0	20.0	12.0	0.1818181818181819	0.20529080418760415
-0.36953232224941684	cosine	24.0	12.0	16.0	0.3939393939393941	0.037302414641954044
-1.2266351301042395	cosine	24.0	12.0	16.0	0.15151515151515157	0.24644312334002483
-0.06303837963321184	cosine	24.0	4.0	8.0	0.3636363636363638	0.04990853551146973
-1.6827552394225767	cosine	24.0	16.0	20.0	0.4848484848484851	0.014106153084401886
-0.009620358617654092	cosine	24.0	0.0	4.0	0.6969696969696972	0.0008043156973336818
0.06361235887467244	cosine	24.0	16.0	0.0	0.3939393939393941	0.037302414641954044
0.49196968239006156	cosine	24.0	0.0	20.0	0.1818181818181819	0.20529080418760415
-0.7725499224340852	cosine	24.0	12.0	0.0	0.3333333333333335	0.06570102610411901
0.0933641123485815	cosine	24.0	16.0	0.0	0.45454545454545475	0.019834630913749846
0.7685748105075078	cosine	24.0	16.0	4.0	0.2727272727272728	0.10854448149943507
-0.24048989973369736	cosine	24.0	12.0	4.0	0.4848484848484851	0.014106153084401886
1.027593843324496	cosine	24.0	20.0	12.0	0.1818181818181819	0.20529080418760415
0.1542422515341685	cosine	24.0	16.0	8.0	0.3636363636363638	0.04990853551146973
0.0023117560441933927	cosine	24.0	16.0	12.0	0.30303030303030315	0.08511721571435177
-0.6212999199967324	cosine	24.0	16.0	0.0	0.3333333333333335	0.06570102610411901
-0.12217283726588171	cosine	24.0	12.0	8.0	0.3333333333333335	0.06570102610411901
0.5374919437978539	cosine	24.0	12.0	16.0	0.30303030303030315	0.08511721571435177
0.10718487122989204	cosine	24.0	20.0	0.0	0.3333333333333335	0.06570102610411901
-1.1920673530362358	cosine	24.0	16.0	20.0	0.4242424242424244	0.02742697317621316
-1.656569055998732	cosine	24.0	4.0	8.0	0.6363636363636367	0.001988079806063042
0.31826060463784117	cosine	24.0	20.0	12.0	0.30303030303030315	0.08511721571435177
-0.49630873638517753	cosine	24.0	8.0	4.0	0.4848484848484851	0.014106153084401886
-0.10222847096696927	cosine	24.0	0.0	12.0	0.12121212121212127	0.29164672996678775
1.3787837784682413	cosine	24.0	12.0	8.0	0.4848484848484851	0.014106153084401886
-0.19347989339175306	cosine	24.0	16.0	12.0	0.4242424242424244	0.02742697317621316
0.18151207960458807	cosine	24.0	8.0	20.0	0.2121212121212122	0.16852366968754684
-1.1043434957268037	cosine	24.0	0.0	4.0	0.2727272727272728	0.10854448149943507
-0.4202552047836007	cosine	24.0	12.0	16.0	0.45454545454545475	0.019834630913749846
1.0608684758538072	cosine	24.0	8.0	0.0	0.3939393939393941	0.037302414641954044
-0.2772202180098161	cosine	24.0	16.0	0.0	0.3333333333333335	0.06570102610411901
1.639343837166649	cosine	24.0	12.0	8.0	0.575757575757576	0.004583576838638997
-0.03423899857241525	cosine	24.0	20.0	12.0	0.6060606060606063	0.003044944233852819
1.8473910198966486	cosine	24.0	12.0	16.0	0.3333333333333335	0.06570102610411901
0.3258382966049882	cosine	24.0	16.0	8.0	0.3939393939393941	0.037302414641954044
-0.5591946833630905	cosine	24.0	20.0	16.0	0.2727272727272728	0.10854448149943507
-0.1299528411171069	cosine	24.0	0.0	16.0	0.30303030303030315	0.08511721571435177
0.039213652198104375	cosine	24.0	0.0	20.0	0.30303030303030315	0.08511721571435177
-0.4150162950841631	cosine	24.0	16.0	20.0	0.24242424242424254	0.1362855657955242
-0.2837456577736748	cosine	24.0	4.0	0.0	0.3333333333333335	0.06570102610411901
0.054770270338705886	cosine	24.0	16.0	12.0	0.4848484848484851	0.014106153084401886
1.7341252564048741	cosine	24.0	20.0	0.0	0.2121212121212122	0.16852366968754684
-1.5442516152504298	cosine	24.0	20.0	0.0	0.3636363636363638	0.04990853551146973
-1.1734571402767937	cosine	24.0	12.0	0.0	0.6060606060606063	0.003044944233852819
-0.3558683326199053	cosine	24.0	12.0	8.0	0.30303030303030315	0.08511721571435177
0.8458362953172935	cosine	24.0	4.0	16.0	0.2121212121212122	0.16852366968754684
-0.2757555441845552	cosine	24.0	16.0	12.0	0.3333333333333335	0.06570102610411901
-1.0892307068072409	cosine	24.0	12.0	20.0	0.5151515151515154	0.00986438530634296
-0.7919830402070356	cosine	24.0	20.0	0.0	0.24242424242424254	0.1362855657955242
0.3926045476800748	cosine	24.0	8.0	12.0	0.3333333333333335	0.06570102610411901
-0.9199259246456459	cosine	24.0	20.0	4.0	0.3333333333333335	0.06570102610411901
0.02691040035115287	cosine	24.0	20.0	16.0	0.3333333333333335	0.06570102610411901
0.3635817076736899	cosine	24.0	0.0	12.0	0.2727272727272728	0.10854448149943507
0.0012550498256136682	cosine	24.0	8.0	12.0	0.2727272727272728	0.10854448149943507
1.1662627845154219	cosine	24.0	20.0	12.0	0.45454545454545475	0.019834630913749846
-2.0718484290245205	cosine	24.0	16.0	12.0	0.3333333333333335	0.06570102610411901
-0.3820111107984265	cosine	24.0	8.0	4.0	0.24242424242424254	0.1362855657955242
0.7771643036831781	cosine	24.0	0.0	4.0	0.1818181818181819	0.20529080418760415
-0.42990066029872326	cosine	24.0	8.0	4.0	0.2727272727272728	0.10854448149943507
0.8037447051731099	cosine	24.0	4.0	0.0	0.3333333333333335	0.06570102610411901
0.5642202869918052	cosine	24.0	4.0	16.0	0.5151515151515154	0.00986438530634296
1.9006002910132338	cosine	24.0	0.0	20.0	0.3939393939393941	0.037302414641954044
1.3652765163114047	cosine	24.0	16.0	12.0	0.3636363636363638	0.04990853551146973
1.3624241743674343	cosine	24.0	8.0	0.0	0.45454545454545475	0.019834630913749846
0.3133630621609501	cosine	24.0	4.0	8.0	0.2727272727272728	0.10854448149943507
-1.010224024262695	cosine	24.0	8.0	4.0	0.3939393939393941	0.037302414641954044
0.13166815564845522	cosine	24.0	16.0	0.0	0.2727272727272728	0.10854448149943507
-0.2132115736932462	cosine	24.0	20.0	16.0	0.4242424242424244	0.02742697317621316
-1.4821247810575848	cosine	24.0	4.0	16.0	0.4242424242424244	0.02742697317621316
0.20856572185558092	cosine	24.0	16.0	20.0	0.30303030303030315	0.08511721571435177
0.5740664262515531	cosine	24.0	12.0	20.0	0.24242424242424254	0.1362855657955242
-0.016215340376211623	cosine	24.0	0.0	4.0	0.4242424242424244	0.02742697317621316
-0.6470048193775996	cosine	24.0	4.0	16.0	0.45454545454545475	0.019834630913749846
-1.5353830366656236	cosine	24.0	12.0	16.0	0.3636363636363638	0.04990853551146973
1.1090013797146936	cosine	24.0	20.0	16.0	0.3333333333333335	0.06570102610411901
1.0541944972027433	cosine	24.0	12.0	8.0	0.24242424242424254	0.1362855657955242
-0.3671465249629107	cosine	24.0	20.0	0.0	0.3636363636363638	0.04990853551146973
0.9230124042023121	cosine	24.0	20.0	16.0	0.4242424242424244	0.02742697317621316
0.7147106813702646	cosine	24.0	20.0	4.0	0.4242424242424244	0.02742697317621316
0.8298215102987502	cosine	24.0	20.0	0.0	0.3636363636363638	0.04990853551146973
-0.11207995705150182	cosine	24.0	4.0	12.0	0.2727272727272728	0.10854448149943507
1.552586390510345	cosine	24.0	20.0	4.0	0.2121212121212122	0.16852366968754684
0.9053452248982682	cosine	24.0	0.0	4.0	0.4848484848484851	0.014106153084401886
-0.5759998659347562	cosine	24.0	16.0	8.0	0.2727272727272728	0.10854448149943507
-1.5773588122914004	cosine	24.0	16.0	20.0	0.6969696969696972	0.0008043156973336818
1.6700940078724533	cosine	24.0	0.0	20.0	0.4242424242424244	0.02742697317621316
0.2511682460647713	cosine	24.0	0.0	4.0	0.5454545454545456	0.0067819162397311575
-1.477035982164134	cosine	24.0	12.0	8.0	0.5151515151515154	0.00986438530634296
-0.7486465136586724	cosine	24.0	12.0	4.0	0.3636363636363638	0.04990853551146973
-1.017102085889162	cosine	24.0	8.0	4.0	0.1818181818181819	0.20529080418760415
0.5841525776526236	cosine	24.0	0.0	4.0	0.24242424242424254	0.1362855657955242
0.9782486033581899	cosine	24.0	8.0	20.0	0.3636363636363638	0.04990853551146973
1.129957537879817	cosine	24.0	20.0	8.0	0.3333333333333335	0.06570102610411901
0.8065416128371978	cosine	24.0	20.0	16.0	0.4848484848484851	0.014106153084401886
-0.3567109074866106	cosine	24.0	16.0	12.0	0.45454545454545475	0.019834630913749846
-1.3497928041455762	cosine	24.0	20.0	0.0	0.5151515151515154	0.00986438530634296
-0.9569315862914	cosine	24.0	4.0	16.0	0.6363636363636367	0.001988079806063042
0.585747054320483	cosine	24.0	0.0	20.0	0.4242424242424244	0.02742697317621316
0.28717663670822946	cosine	24.0	16.0	8.0	0.2121212121212122	0.16852366968754684
1.2524205210953563	cosine	24.0	20.0	0.0	0.4848484848484851	0.014106153084401886
1.160109259021274	cosine	24.0	20.0	8.0	0.2727272727272728	0.10854448149943507
1.3706545051134864	cosine	24.0	8.0	16.0	0.5151515151515154	0.00986438530634296
0.4071751089563913	cosine	24.0	0.0	4.0	0.24242424242424254	0.1362855657955242
-0.8515573228412939	cosine	24.0	4.0	8.0	0.45454545454545475	0.019834630913749846
-1.4754123820308764	cosine	24.0	12.0	4.0	0.2121212121212122	0.16852366968754684
-0.9183206191721984	cosine	24.0	4.0	12.0	0.15151515151515157	0.24644312334002483
-1.054970067980814	cosine	24.0	0.0	16.0	0.15151515151515157	0.24644312334002483
0.06183230079818056	cosine	24.0	16.0	20.0	0.4242424242424244	0.02742697317621316
-1.7093934066782708	cosine	24.0	16.0	8.0	0.3636363636363638	0.04990853551146973
0.7456063365432225	cosine	24.0	4.0	0.0	0.7272727272727276	0.0004983045770249599
1.3929362381800843	cosine	24.0	12.0	8.0	0.1818181818181819	0.20529080418760415
0.26080997926240074	cosine	24.0	4.0	8.0	0.3939393939393941	0.037302414641954044
0.4904596204596713	cosine	24.0	8.0	20.0	0.4848484848484851	0.014106153084401886
-1.3703399738979125	cosine	24.0	4.0	0.0	0.4242424242424244	0.02742697317621316
0.06494398748097006	cosine	24.0	20.0	16.0	0.30303030303030315	0.08511721571435177
-1.0035946809432308	cosine	24.0	12.0	16.0	0.2727272727272728	0.10854448149943507
0.7127513502135505	cosine	24.0	20.0	16.0	0.4242424242424244	0.02742697317621316
-0.40772364971807495	cosine	24.0	4.0	12.0	0.2727272727272728	0.10854448149943507
0.7692408576386318	cosine	24.0	4.0	0.0	0.45454545454545475	0.019834630913749846
-2.039643761225065	cosine	24.0	12.0	0.0	0.2727272727272728	0.10854448149943507
-0.25883550778401454	cosine	24.0	20.0	12.0	0.15151515151515157	0.24644312334002483
0.7411524765253555	cosine	24.0	0.0	4.0	0.30303030303030315	0.08511721571435177
0.7554993612129015	cosine	24.0	16.0	12.0	0.2121212121212122	0.16852366968754684
0.6114017188104867	cosine	24.0	12.0	16.0	0.3636363636363638	0.04990853551146973
0.0094811906843524	cosine	24.0	16.0	4.0	0.3333333333333335	0.06570102610411901
1.3397630889196883	cosine	24.0	16.0	20.0	0.4848484848484851	0.014106153084401886
-1.6934872980803857	cosine	24.0	16.0	4.0	0.2727272727272728	0.10854448149943507
-0.9236470370159655	cosine	24.0	8.0	16.0	0.4242424242424244	0.02742697317621316
0.3830399876675674	cosine	24.0	16.0	20.0	0.3636363636363638	0.04990853551146973
0.983939184368184	cosine	24.0	20.0	16.0	0.24242424242424254	0.1362855657955242
-0.10021252065684667	cosine	24.0	0.0	20.0	0.3636363636363638	0.04990853551146973
0.06598068518057504	cosine	24.0	8.0	12.0	0.24242424242424254	0.1362855657955242
-0.5491884875162695	cosine	24.0	0.0	8.0	0.3939393939393941	0.037302414641954044
0.8583620768361595	cosine	24.0	16.0	20.0	0.24242424242424254	0.1362855657955242
0.3831952283365768	cosine	24.0	16.0	8.0	0.4242424242424244	0.02742697317621316
1.7587881442922242	cosine	24.0	4.0	0.0	0.3333333333333335	0.06570102610411901
-0.9164866215780983	cosine	24.0	0.0	4.0	0.4848484848484851	0.014106153084401886
-0.1496195608328277	cosine	24.0	12.0	8.0	0.30303030303030315	0.08511721571435177
1.4673017044614092	cosine	24.0	8.0	4.0	0.15151515151515157	0.24644312334002483
0.7200399079983258	cosine	24.0	20.0	4.0	0.3939393939393941	0.037302414641954044
-1.110265973779366	cosine	24.0	20.0	16.0	0.6060606060606063	0.003044944233852819
-0.14519986122263104	cosine	24.0	16.0	8.0	0.24242424242424254	0.1362855657955242
-0.7833218746424597	cosine	24.0	16.0	8.0	0.3333333333333335	0.06570102610411901
1.9225088279707576	cosine	24.0	20.0	4.0	0.1818181818181819	0.20529080418760415
0.7615318889261771	cosine	24.0	8.0	4.0	0.30303030303030315	0.08511721571435177
0.47918116032613683	cosine	24.0	20.0	12.0	0.575757575757576	0.004583576838638997
-1.7064317006997916	cosine	24.0	0.0	4.0	0.575757575757576	0.004583576838638997
0.19368742749696202	cosine	24.0	8.0	12.0	0.24242424242424254	0.1362855657955242
0.5733596079320785	cosine	24.0	12.0	0.0	0.666666666666667	0.0012756406460599887
1.4089103460865329	cosine	24.0	4.0	8.0	0.4848484848484851	0.014106153084401886
-1.2570371775576494	cosine	24.0	4.0	8.0	0.2121212121212122	0.16852366968754684
1.262242640505629	cosine	24.0	12.0	0.0	0.4242424242424244	0.02742697317621316
-1.3492299069584741	cosine	24.0	16.0	4.0	0.2121212121212122	0.16852366968754684
0.5561560442408109	cosine	24.0	4.0	20.0	0.3939393939393941	0.037302414641954044
0.8411587654804278	cosine	24.0	20.0	0.0	0.3939393939393941	0.037302414641954044
-0.9236932301516565	cosine	24.0	20.0	16.0	0.1818181818181819	0.20529080418760415
-2.2052112479504147	cosine	24.0	8.0	0.0	0.45454545454545475	0.019834630913749846
0.48904372724048495	cosine	24.0	0.0	20.0	0.24242424242424254	0.1362855657955242
-0.07027799001890349	cosine	24.0	4.0	12.0	0.2727272727272728	0.10854448149943507
0.6033732408399013	cosine	24.0	8.0	12.0	0.3333333333333335	0.06570102610411901
-0.8130231203123777	cosine	24.0	12.0	16.0	0.2121212121212122	0.16852366968754684
0.3741019153655982	cosine	24.0	16.0	0.0	0.45454545454545475	0.019834630913749846
-2.2669267810645124	cosine	24.0	20.0	16.0	0.1818181818181819	0.20529080418760415
-1.694416292861912	cosine	24.0	16.0	12.0	0.3333333333333335	0.06570102610411901
-0.10488449961741192	cosine	24.0	16.0	0.0	0.15151515151515157	0.24644312334002483
-0.7943073317525896	cosine	24.0	8.0	20.0	0.4242424242424244	0.02742697317621316
-1.2454607545485814	cosine	24.0	20.0	12.0	0.2121212121212122	0.16852366968754684
-1.7535665630706445	cosine	24.0	0.0	20.0	0.2727272727272728	0.10854448149943507
0.5997671055277346	cosine	24.0	8.0	4.0	0.3636363636363638	0.04990853551146973
2.020091790287443	cosine	24.0	16.0	8.0	0.6060606060606063	0.003044944233852819
0.8290880008832073	cosine	24.0	20.0	0.0	0.3939393939393941	0.037302414641954044
0.19260896662053947	cosine	24.0	4.0	0.0	0.5454545454545456	0.0067819162397311575
-0.9232065732947637	cosine	24.0	12.0	8.0	0.5151515151515154	0.00986438530634296
-1.5793839602796207	cosine	24.0	8.0	20.0	0.575757575757576	0.004583576838638997
0.059821546712803195	cosine	24.0	8.0	4.0	0.3333333333333335	0.06570102610411901
0.7076649324690254	cosine	24.0	0.0	4.0	0.5454545454545456	0.0067819162397311575
0.34325991448397686	cosine	24.0	4.0	16.0	0.6969696969696972	0.0008043156973336818
0.7001548376316906	cosine	24.0	0.0	20.0	0.45454545454545475	0.019834630913749846
-0.9188980364753346	cosine	24.0	16.0	12.0	0.6363636363636367	0.001988079806063042
0.0564358755730481	cosine	24.0	12.0	4.0	0.3939393939393941	0.037302414641954044
-1.18691852355557	cosine	24.0	4.0	8.0	0.30303030303030315	0.08511721571435177
-0.18747608128737067	cosine	24.0	8.0	4.0	0.3333333333333335	0.06570102610411901
0.3976686733456618	cosine	24.0	20.0	8.0	0.4242424242424244	0.02742697317621316
1.3069698042647688	cosine	24.0	4.0	0.0	0.3939393939393941	0.037302414641954044
-0.19103519474682465	cosine	24.0	4.0	0.0	0.2121212121212122	0.16852366968754684
2.1229143487187025	cosine	24.0	4.0	8.0	0.3333333333333335	0.06570102610411901
1.9554234513969155	cosine	24.0	4.0	12.0	0.2727272727272728	0.10854448149943507
-0.4361026969403611	cosine	24.0	12.0	20.0	0.3333333333333335	0.06570102610411901
0.3758452692677985	cosine	24.0	16.0	20.0	0.24242424242424254	0.1362855657955242
0.6478560902633156	cosine	24.0	8.0	12.0	0.2121212121212122	0.16852366968754684
0.011775297863392622	cosine	24.0	4.0	8.0	0.4848484848484851	0.014106153084401886
-0.22089891242379847	cosine	24.0	8.0	16.0	0.24242424242424254	0.1362855657955242
1.1102091915689911	cosine	24.0	16.0	0.0	0.4848484848484851	0.014106153084401886
-1.6448336548800586	cosine	24.0	0.0	20.0	0.24242424242424254	0.1362855657955242
-0.3753912887393993	cosine	24.0	0.0	20.0	0.2727272727272728	0.10854448149943507
0.5588349028585355	cosine	24.0	0.0	20.0	0.45454545454545475	0.019834630913749846
-0.43696942017939744	cosine	24.0	16.0	8.0	0.4242424242424244	0.02742697317621316
-1.1219989223581328	cosine	24.0	8.0	4.0	0.15151515151515157	0.24644312334002483
0.06462088690249883	cosine	24.0	0.0	4.0	0.5454545454545456	0.0067819162397311575
-1.7329063611245332	cosine	24.0	16.0	8.0	0.4242424242424244	0.02742697317621316
1.451846394787046	cosine	24.0	12.0	8.0	0.5454545454545456	0.0067819162397311575
0.7255737091141131	cosine	24.0	0.0	20.0	0.3636363636363638	0.04990853551146973
-0.1750943065009277	cosine	24.0	16.0	8.0	0.15151515151515157	0.24644312334002483
-1.5413875352656028	cosine	24.0	8.0	12.0	0.24242424242424254	0.1362855657955242
0.5329145874473212	cosine	24.0	8.0	12.0	0.3333333333333335	0.06570102610411901
0.6360204865691481	cosine	24.0	20.0	4.0	0.24242424242424254	0.1362855657955242
-0.05262134323539644	cosine	24.0	12.0	16.0	0.2727272727272728	0.10854448149943507
0.6137993757176131	cosine	24.0	16.0	0.0	0.3636363636363638	0.04990853551146973
-1.129158678147763	cosine	24.0	16.0	12.0	0.15151515151515157	0.24644312334002483
-1.0413391935380785	cosine	24.0	16.0	8.0	0.45454545454545475	0.019834630913749846
0.7110408156197165	cosine	24.0	12.0	0.0	0.3636363636363638	0.04990853551146973
0.6281244722455663	cosine	24.0	20.0	0.0	0.4242424242424244	0.02742697317621316
-0.07150149330467206	cosine	24.0	0.0	4.0	0.2121212121212122	0.16852366968754684
-0.05562405743332385	cosine	24.0	20.0	16.0	0.3636363636363638	0.04990853551146973
1.679080477181848	cosine	24.0	8.0	4.0	0.5454545454545456	0.0067819162397311575
-0.1802010495956714	cosine	24.0	12.0	20.0	0.30303030303030315	0.08511721571435177
-0.6367476729446155	cosine	24.0	0.0	8.0	0.3333333333333335	0.06570102610411901
-0.07651914283132083	cosine	24.0	16.0	4.0	0.3333333333333335	0.06570102610411901
-0.06032132994230795	cosine	24.0	8.0	16.0	0.3333333333333335	0.06570102610411901
-0.22999199265611456	cosine	24.0	4.0	0.0	0.3939393939393941	0.037302414641954044
-0.6035018078706196	cosine	24.0	12.0	8.0	0.3939393939393941	0.037302414641954044
1.644446738958046	cosine	24.0	4.0	20.0	0.3636363636363638	0.04990853551146973
-0.2617721687721405	cosine	24.0	16.0	20.0	0.4242424242424244	0.02742697317621316
-0.09166026725018306	cosine	24.0	20.0	12.0	0.060606060606060635	0.39193081321983003
0.11644757682932479	cosine	24.0	0.0	4.0	0.45454545454545475	0.019834630913749846
0.04238739420560039	cosine	24.0	8.0	0.0	0.5454545454545456	0.0067819162397311575
1.1597302240589231	cosine	24.0	4.0	8.0	0.3636363636363638	0.04990853551146973
-1.3537399140403006	cosine	24.0	20.0	4.0	0.4848484848484851	0.014106153084401886
2.4019120887797456	cosine	24.0	8.0	20.0	0.1818181818181819	0.20529080418760415
0.0865852177349522	cosine	24.0	8.0	16.0	0.3939393939393941	0.037302414641954044
0.5289251338436957	cosine	24.0	0.0	4.0	0.3636363636363638	0.04990853551146973
-1.0527681612581463	cosine	24.0	16.0	12.0	0.24242424242424254	0.1362855657955242
-1.1113818233798052	cosine	24.0	4.0	0.0	0.5151515151515154	0.00986438530634296
-1.9029752769965742	cosine	24.0	16.0	4.0	0.30303030303030315	0.08511721571435177
0.04141593137596114	cosine	24.0	8.0	12.0	0.3939393939393941	0.037302414641954044
0.06686521348969783	cosine	24.0	12.0	4.0	0.12121212121212127	0.29164672996678775
1.7204963939616948	cosine	24.0	20.0	0.0	0.4242424242424244	0.02742697317621316
0.628550415008328	cosine	24.0	12.0	4.0	0.2727272727272728	0.10854448149943507
-0.025138447578103604	cosine	24.0	12.0	8.0	0.1818181818181819	0.20529080418760415
0.6884882971184516	cosine	24.0	20.0	16.0	0.6060606060606063	0.003044944233852819
0.2456794874229121	cosine	24.0	20.0	12.0	0.4848484848484851	0.014106153084401886
0.8343869261734346	cosine	24.0	8.0	4.0	0.2121212121212122	0.16852366968754684
-0.1455522064614291	cosine	24.0	12.0	8.0	0.30303030303030315	0.08511721571435177
-1.1421679492374137	cosine	24.0	8.0	20.0	0.3333333333333335	0.06570102610411901
-1.0213754820338286	cosine	24.0	16.0	12.0	0.2727272727272728	0.10854448149943507
0.8684613009346605	cosine	24.0	20.0	0.0	0.1818181818181819	0.20529080418760415
0.21800094023790503	cosine	24.0	20.0	16.0	0.3333333333333335	0.06570102610411901
1.0505166958050394	cosine	24.0	8.0	4.0	0.2727272727272728	0.10854448149943507
-0.8081547568106501	cosine	24.0	16.0	4.0	0.4242424242424244	0.02742697317621316
-0.6033410638520555	cosine	24.0	20.0	0.0	0.3636363636363638	0.04990853551146973
0.6525968254863364	cosine	24.0	0.0	16.0	0.2121212121212122	0.16852366968754684
-1.305735644791666	cosine	24.0	20.0	8.0	0.15151515151515157	0.24644312334002483
0.18090645550334503	cosine	24.0	12.0	20.0	0.4848484848484851	0.014106153084401886
0.22501053614689406	cosine	24.0	4.0	8.0	0.2727272727272728	0.10854448149943507
-1.6850322372615494	cosine	24.0	16.0	20.0	0.30303030303030315	0.08511721571435177
1.5970722852196935	cosine	24.0	0.0	4.0	0.2727272727272728	0.10854448149943507
-0.8830345943451543	cosine	24.0	0.0	20.0	0.45454545454545475	0.019834630913749846
0.86708102169219	cosine	24.0	12.0	8.0	0.3636363636363638	0.04990853551146973
0.3452899994694291	cosine	24.0	8.0	20.0	0.5454545454545456	0.0067819162397311575
0.19039577005704936	cosine	24.0	0.0	20.0	0.5151515151515154	0.00986438530634296
-0.6257565791164182	cosine	24.0	0.0	8.0	0.45454545454545475	0.019834630913749846
0.5570057654905557	cosine	24.0	4.0	8.0	0.3333333333333335	0.06570102610411901
-0.2765055385545015	cosine	24.0	12.0	8.0	0.45454545454545475	0.019834630913749846
-0.6529135369654209	cosine	24.0	8.0	20.0	0.24242424242424254	0.1362855657955242
-0.6012540426502885	cosine	24.0	0.0	4.0	0.3939393939393941	0.037302414641954044
-0.4722926643110122	cosine	24.0	4.0	12.0	0.3333333333333335	0.06570102610411901
-0.8243546337765636	cosine	24.0	0.0	16.0	0.4848484848484851	0.014106153084401886
-1.4312832318529567	cosine	24.0	12.0	4.0	0.15151515151515157	0.24644312334002483
0.9772577742465692	cosine	24.0	8.0	20.0	0.2121212121212122	0.16852366968754684
0.3395180396263795	cosine	24.0	4.0	8.0	0.24242424242424254	0.1362855657955242
-0.4233000605346735	cosine	24.0	0.0	4.0	0.24242424242424254	0.1362855657955242
0.6621747344182177	cosine	24.0	12.0	0.0	0.6363636363636367	0.001988079806063042
-0.7831938772317336	cosine	24.0	16.0	8.0	0.24242424242424254	0.1362855657955242
0.8683532594180013	cosine	24.0	12.0	8.0	0.1818181818181819	0.20529080418760415
-0.7112722142015991	cosine	24.0	20.0	16.0	0.1818181818181819	0.20529080418760415
-1.891447492008565	cosine	24.0	4.0	0.0	0.5151515151515154	0.00986438530634296
-1.0271758054003228	cosine	24.0	16.0	0.0	0.2121212121212122	0.16852366968754684
-0.4815544106398232	cosine	24.0	0.0	20.0	0.7878787878787882	0.0001813930547667903
-1.7155325439268123	cosine	24.0	0.0	16.0	0.5151515151515154	0.00986438530634296
-0.7699781011747757	cosine	24.0	16.0	20.0	0.30303030303030315	0.08511721571435177
-0.6825145867649476	cosine	24.0	12.0	8.0	0.2727272727272728	0.10854448149943507
-0.4485162243622796	cosine	24.0	20.0	4.0	0.30303030303030315	0.08511721571435177
-0.9915908572884846	cosine	24.0	16.0	0.0	0.3939393939393941	0.037302414641954044
0.7952578594003512	cosine	24.0	8.0	12.0	0.2121212121212122	0.16852366968754684
-0.5915673177490245	cosine	24.0	12.0	8.0	0.5454545454545456	0.0067819162397311575
-0.8272275184469667	cosine	24.0	20.0	12.0	0.15151515151515157	0.24644312334002483
-0.37026344150071383	cosine	24.0	20.0	8.0	0.5151515151515154	0.00986438530634296
0.9316019230952376	cosine	24.0	0.0	4.0	0.45454545454545475	0.019834630913749846
-0.3925446860382017	cosine	24.0	12.0	16.0	0.3333333333333335	0.06570102610411901
-0.5839846316413042	cosine	24.0	12.0	16.0	0.5151515151515154	0.00986438530634296
0.9322403021120776	cosine	24.0	12.0	16.0	0.4848484848484851	0.014106153084401886
1.1418103894076288	cosine	24.0	12.0	16.0	0.15151515151515157	0.24644312334002483
-0.6025629112567142	cosine	24.0	0.0	20.0	0.5151515151515154	0.00986438530634296
0.13864957764361202	cosine	24.0	20.0	16.0	0.3636363636363638	0.04990853551146973
1.4692485986507866	cosine	24.0	20.0	4.0	0.2727272727272728	0.10854448149943507
-0.5849302775287719	cosine	24.0	20.0	12.0	0.4242424242424244	0.02742697317621316
0.32811005500300594	cosine	24.0	20.0	0.0	0.666666666666667	0.0012756406460599887
0.8280720796934619	cosine	24.0	16.0	12.0	0.3333333333333335	0.06570102610411901
0.8092140050355033	cosine	24.0	0.0	16.0	0.2727272727272728	0.10854448149943507
0.0933391173200943	cosine	24.0	4.0	12.0	0.30303030303030315	0.08511721571435177
0.2779979611925627	cosine	24.0	20.0	12.0	0.24242424242424254	0.1362855657955242
-0.936259536831352	cosine	24.0	16.0	20.0	0.2121212121212122	0.16852366968754684
0.6901631594551138	cosine	24.0	8.0	12.0	0.3939393939393941	0.037302414641954044
-0.12557885319730724	cosine	24.0	16.0	12.0	0.3939393939393941	0.037302414641954044
-0.9002520168452811	cosine	24.0	20.0	4.0	0.5151515151515154	0.00986438530634296
-0.17816083157230989	cosine	24.0	20.0	16.0	0.3636363636363638	0.04990853551146973
0.3500458662647422	cosine	24.0	0.0	16.0	0.2727272727272728	0.10854448149943507
1.287892188171273	cosine	24.0	12.0	0.0	0.4848484848484851	0.014106153084401886
-0.03719063315386073	cosine	24.0	0.0	4.0	0.2121212121212122	0.16852366968754684
-0.01590123897122891	cosine	24.0	16.0	0.0	0.6060606060606063	0.003044944233852819
-0.16114930243880105	cosine	24.0	20.0	16.0	0.1818181818181819	0.20529080418760415
-0.6784934046891189	cosine	24.0	0.0	20.0	0.3939393939393941	0.037302414641954044
0.14665404927680123	cosine	24.0	4.0	8.0	0.2727272727272728	0.10854448149943507
-0.17989122279766886	cosine	24.0	0.0	20.0	0.3333333333333335	0.06570102610411901
-1.6315110855860004	cosine	24.0	20.0	0.0	0.4242424242424244	0.02742697317621316
0.31213335179032053	cosine	24.0	4.0	0.0	0.4242424242424244	0.02742697317621316
0.20731072396901715	cosine	24.0	16.0	20.0	0.575757575757576	0.004583576838638997
-0.5493936368321797	cosine	24.0	8.0	20.0	0.575757575757576	0.004583576838638997
0.6322020216264931	cosine	24.0	8.0	4.0	0.3333333333333335	0.06570102610411901
0.6491270919092624	cosine	24.0	20.0	16.0	0.5151515151515154	0.00986438530634296
-2.484857296438487	cosine	24.0	20.0	4.0	0.4242424242424244	0.02742697317621316
0.17995002828953902	cosine	24.0	4.0	8.0	0.45454545454545475	0.019834630913749846
0.41707457054136876	cosine	24.0	8.0	12.0	0.4848484848484851	0.014106153084401886
0.7932014434295961	cosine	24.0	16.0	12.0	0.3636363636363638	0.04990853551146973
1.6827668889563832	cosine	24.0	8.0	12.0	0.2727272727272728	0.10854448149943507
-0.465627698169609	cosine	24.0	16.0	8.0	0.4848484848484851	0.014106153084401886
1.649249524502019	cosine	24.0	8.0	12.0	0.1818181818181819	0.20529080418760415
-0.03729489774295462	cosine	24.0	0.0	20.0	0.6969696969696972	0.0008043156973336818
1.6522072119698799	cosine	24.0	0.0	20.0	0.2121212121212122	0.16852366968754684
1.3377753490230604	cosine	24.0	4.0	0.0	0.2727272727272728	0.10854448149943507
1.2597832785139904	cosine	24.0	0.0	16.0	0.3333333333333335	0.06570102610411901
1.0272934687036008	cosine	24.0	20.0	16.0	0.2727272727272728	0.10854448149943507
2.1619185863875883	cosine	24.0	20.0	0.0	0.2121212121212122	0.16852366968754684
0.2856869810955383	cosine	24.0	16.0	20.0	0.3333333333333335	0.06570102610411901
-0.5452253990690572	cosine	24.0	20.0	0.0	0.2121212121212122	0.16852366968754684
-1.731281044059216	cosine	24.0	4.0	0.0	0.3636363636363638	0.04990853551146973
0.9067169355525457	cosine	24.0	12.0	8.0	0.3333333333333335	0.06570102610411901
-0.9522211851707425	cosine	24.0	20.0	16.0	0.30303030303030315	0.08511721571435177
-1.0537379682840329	cosine	24.0	4.0	12.0	0.24242424242424254	0.1362855657955242
1.5374068877505935	cosine	24.0	4.0	0.0	0.666666666666667	0.0012756406460599887
0.9171527820624074	cosine	24.0	16.0	12.0	0.24242424242424254	0.1362855657955242
1.6876908353608222	cosine	24.0	0.0	20.0	0.4242424242424244	0.02742697317621316
0.320452541963409	cosine	24.0	16.0	0.0	0.6060606060606063	0.003044944233852819
0.748889860491545	cosine	24.0	8.0	20.0	0.24242424242424254	0.1362855657955242
0.5920999740691167	cosine	24.0	8.0	20.0	0.666666666666667	0.0012756406460599887
-0.02546900194625784	cosine	24.0	16.0	12.0	0.45454545454545475	0.019834630913749846
1.3800274981569267	cosine	24.0	4.0	0.0	0.12121212121212127	0.29164672996678775
2.0738164163960726	cosine	24.0	4.0	8.0	0.3939393939393941	0.037302414641954044
-0.24977613758862224	cosine	24.0	20.0	8.0	0.30303030303030315	0.08511721571435177
-0.06546899336838967	cosine	24.0	12.0	16.0	0.24242424242424254	0.1362855657955242
-0.09443326985774965	cosine	24.0	12.0	4.0	0.5151515151515154	0.00986438530634296
0.6434091849893957	cosine	24.0	16.0	12.0	0.4242424242424244	0.02742697317621316
-0.48672073394856763	cosine	24.0	12.0	0.0	0.4242424242424244	0.02742697317621316
-0.8212306549565578	cosine	24.0	4.0	8.0	0.4242424242424244	0.02742697317621316
0.21831950641054632	cosine	24.0	20.0	16.0	0.3333333333333335	0.06570102610411901
-1.5269099178799788	cosine	24.0	16.0	4.0	0.5151515151515154	0.00986438530634296
-0.5596623330741578	cosine	24.0	0.0	20.0	0.3333333333333335	0.06570102610411901
-0.7204928887003234	cosine	24.0	20.0	4.0	0.3636363636363638	0.04990853551146973
-0.49232414175127936	cosine	24.0	4.0	8.0	0.45454545454545475	0.019834630913749846
-1.6128221501912305	cosine	24.0	20.0	16.0	0.2121212121212122	0.16852366968754684
1.3537966136534674	cosine	24.0	4.0	0.0	0.30303030303030315	0.08511721571435177
2.0992527673808894	cosine	24.0	4.0	8.0	0.3636363636363638	0.04990853551146973
-1.1176865895041117	cosine	24.0	12.0	8.0	0.3333333333333335	0.06570102610411901
-0.8894236098059991	cosine	24.0	8.0	4.0	0.2727272727272728	0.10854448149943507
-0.5419566990016622	cosine	24.0	12.0	16.0	0.1818181818181819	0.20529080418760415
-0.9898414478091571	cosine	24.0	0.0	8.0	0.4242424242424244	0.02742697317621316
1.0282939172445065	cosine	24.0	0.0	16.0	0.4242424242424244	0.02742697317621316
0.26683239810487086	cosine	24.0	20.0	8.0	0.6060606060606063	0.003044944233852819
-0.2330566181908437	cosine	24.0	12.0	8.0	0.3333333333333335	0.06570102610411901
0.12087076647766018	cosine	24.0	16.0	20.0	0.4242424242424244	0.02742697317621316
-1.0055028499474854	cosine	24.0	20.0	16.0	0.6363636363636367	0.001988079806063042
0.3403182598807431	cosine	24.0	20.0	4.0	0.3939393939393941	0.037302414641954044
-1.9641366774821145	cosine	24.0	8.0	16.0	0.30303030303030315	0.08511721571435177
-0.11566535189328882	cosine	24.0	0.0	16.0	0.45454545454545475	0.019834630913749846
1.1525004298320307	cosine	24.0	16.0	20.0	0.3333333333333335	0.06570102610411901
-0.505992124687939	cosine	24.0	0.0	4.0	0.1818181818181819	0.20529080418760415
-0.9362352972271958	cosine	24.0	12.0	8.0	0.30303030303030315	0.08511721571435177
2.694837439615403	cosine	24.0	20.0	12.0	0.30303030303030315	0.08511721571435177
0.7135406732088653	cosine	24.0	16.0	20.0	0.2121212121212122	0.16852366968754684
-0.9045513535535357	cosine	24.0	0.0	4.0	0.3939393939393941	0.037302414641954044
0.8827617664266507	cosine	24.0	8.0	12.0	0.6363636363636367	0.001988079806063042
-0.13979392238436922	cosine	24.0	8.0	12.0	0.2121212121212122	0.16852366968754684
1.5834600278325623	cosine	24.0	20.0	8.0	0.45454545454545475	0.019834630913749846
-0.12882165843812807	cosine	24.0	12.0	8.0	0.3333333333333335	0.06570102610411901
-2.3235673037823603	cosine	24.0	8.0	12.0	0.24242424242424254	0.1362855657955242
0.4171235590148153	cosine	24.0	20.0	16.0	0.2121212121212122	0.16852366968754684
0.041789585839352154	cosine	24.0	4.0	8.0	0.3636363636363638	0.04990853551146973
0.38032147645076625	cosine	24.0	20.0	12.0	0.6060606060606063	0.003044944233852819
1.9083126117945401	cosine	24.0	20.0	12.0	0.45454545454545475	0.019834630913749846
0.2476491130205557	cosine	24.0	4.0	12.0	0.5151515151515154	0.00986438530634296
-0.43114844066634045	cosine	24.0	4.0	20.0	0.2121212121212122	0.16852366968754684
-0.41755625607766894	cosine	24.0	8.0	16.0	0.4242424242424244	0.02742697317621316
-1.537766568781622	cosine	24.0	0.0	12.0	0.4242424242424244	0.02742697317621316
-1.7125698094720094	cosine	24.0	20.0	0.0	0.4242424242424244	0.02742697317621316
-0.47150029542341776	cosine	24.0	8.0	0.0	0.6060606060606063	0.003044944233852819
-0.4914934602322205	cosine	24.0	12.0	16.0	0.3939393939393941	0.037302414641954044
-0.7589356140455165	cosine	24.0	16.0	4.0	0.3939393939393941	0.037302414641954044
-0.39300378935841285	cosine	24.0	16.0	12.0	0.3333333333333335	0.06570102610411901
-1.439320903704445	cosine	24.0	20.0	4.0	0.5151515151515154	0.00986438530634296
-1.4643562138770634	cosine	24.0	4.0	8.0	0.3636363636363638	0.04990853551146973
2.0836659121816803	cosine	24.0	0.0	8.0	0.24242424242424254	0.1362855657955242
-0.8730233538283513	cosine	24.0	4.0	8.0	0.2727272727272728	0.10854448149943507
-0.3418536010060588	cosine	24.0	12.0	8.0	0.2121212121212122	0.16852366968754684
0.7733125180705331	cosine	24.0	8.0	4.0	0.1818181818181819	0.20529080418760415
0.2860871944916709	cosine	24.0	0.0	12.0	0.1818181818181819	0.20529080418760415
0.3591489474368315	cosine	24.0	4.0	8.0	0.4848484848484851	0.014106153084401886
0.02456009608827131	cosine	24.0	16.0	20.0	0.24242424242424254	0.1362855657955242
0.046680465752524374	cosine	24.0	4.0	8.0	0.2727272727272728	0.10854448149943507
-1.3570914225412536	cosine	24.0	0.0	4.0	0.30303030303030315	0.08511721571435177
0.9988855087530845	cosine	24.0	20.0	16.0	0.30303030303030315	0.08511721571435177
-0.040073688572137424	cosine	24.0	4.0	0.0	0.3939393939393941	0.037302414641954044
-0.6832248234139701	cosine	24.0	8.0	20.0	0.24242424242424254	0.1362855657955242
-1.0296288190759286	cosine	24.0	20.0	0.0	0.45454545454545475	0.019834630913749846
0.5204852701374308	cosine	24.0	12.0	16.0	0.2727272727272728	0.10854448149943507
-1.415125638214572	cosine	24.0	16.0	12.0	0.45454545454545475	0.019834630913749846
0.22214266110303768	cosine	24.0	20.0	8.0	0.45454545454545475	0.019834630913749846
0.12601320827600854	cosine	24.0	20.0	16.0	0.30303030303030315	0.08511721571435177
-1.9908629781503395	cosine	24.0	8.0	16.0	0.24242424242424254	0.1362855657955242
-1.7326352453685778	cosine	24.0	0.0	16.0	0.3636363636363638	0.04990853551146973
-1.1284800999103843	cosine	24.0	4.0	0.0	0.5454545454545456	0.0067819162397311575
-1.0397247210708795	cosine	24.0	8.0	20.0	0.4242424242424244	0.02742697317621316
0.6480830587985851	cosine	24.0	20.0	0.0	0.3333333333333335	0.06570102610411901
-1.739003824778645	cosine	24.0	20.0	0.0	0.575757575757576	0.004583576838638997
-1.5870742754275582	cosine	24.0	16.0	20.0	0.6969696969696972	0.0008043156973336818
-1.7306371741524504	cosine	24.0	16.0	12.0	0.3333333333333335	0.06570102610411901
0.5932900439378732	cosine	24.0	0.0	4.0	0.6363636363636367	0.001988079806063042
1.3312556120986618	cosine	24.0	20.0	0.0	0.2121212121212122	0.16852366968754684
-2.078192133597329	cosine	24.0	16.0	8.0	0.45454545454545475	0.019834630913749846
-0.4266174259132067	cosine	24.0	16.0	12.0	0.30303030303030315	0.08511721571435177
0.6427405244551271	cosine	24.0	0.0	4.0	0.24242424242424254	0.1362855657955242
1.2524038306028484	cosine	24.0	4.0	8.0	0.2727272727272728	0.10854448149943507
-0.7734298251163203	cosine	24.0	4.0	0.0	0.5151515151515154	0.00986438530634296
1.289467162496232	cosine	24.0	0.0	8.0	0.4848484848484851	0.014106153084401886
-0.2249818241692396	cosine	24.0	16.0	8.0	0.15151515151515157	0.24644312334002483
0.042225226975793166	cosine	24.0	4.0	8.0	0.2121212121212122	0.16852366968754684
0.22765524284639047	cosine	24.0	4.0	0.0	0.3636363636363638	0.04990853551146973
-1.093843071935662	cosine	24.0	12.0	0.0	0.30303030303030315	0.08511721571435177
0.8404227339967131	cosine	24.0	4.0	0.0	0.2121212121212122	0.16852366968754684
-0.8345070414315973	cosine	24.0	20.0	4.0	0.5454545454545456	0.0067819162397311575
1.0452371857604545	cosine	24.0	8.0	12.0	0.2121212121212122	0.16852366968754684
-2.143999906093177	cosine	24.0	16.0	4.0	0.3939393939393941	0.037302414641954044
-1.099636804765792	cosine	24.0	4.0	0.0	0.12121212121212127	0.29164672996678775
0.5632011120122126	cosine	24.0	16.0	8.0	0.4848484848484851	0.014106153084401886
0.5573516472746527	cosine	24.0	12.0	20.0	0.3636363636363638	0.04990853551146973
-0.08262769126459704	cosine	24.0	16.0	0.0	0.2727272727272728	0.10854448149943507
-1.6694930954166733	cosine	24.0	16.0	0.0	0.3333333333333335	0.06570102610411901
0.04525395981855658	cosine	24.0	16.0	4.0	0.30303030303030315	0.08511721571435177
-1.4485161463983673	cosine	24.0	12.0	16.0	0.3939393939393941	0.037302414641954044
1.3593782366092821	cosine	24.0	16.0	20.0	0.4848484848484851	0.014106153084401886
-1.4042245048775384	cosine	24.0	4.0	12.0	0.30303030303030315	0.08511721571435177
-0.6766083319966201	cosine	24.0	0.0	4.0	0.30303030303030315	0.08511721571435177
1.4196706903475427	cosine	24.0	0.0	20.0	0.2727272727272728	0.10854448149943507
1.1005296146451222	cosine	24.0	8.0	4.0	0.2727272727272728	0.10854448149943507
1.0806253492061022	cosine	24.0	0.0	20.0	0.24242424242424254	0.1362855657955242
-0.0105643155763051	cosine	24.0	20.0	16.0	0.3939393939393941	0.037302414641954044
0.7270435152205208	cosine	24.0	8.0	16.0	0.6363636363636367	0.001988079806063042
1.3911897214957116	cosine	24.0	8.0	20.0	0.24242424242424254	0.1362855657955242
1.2794907902077475	cosine	24.0	8.0	0.0	0.2727272727272728	0.10854448149943507
-1.4941250055628277	cosine	24.0	8.0	4.0	0.5151515151515154	0.00986438530634296
-0.8838635011751587	cosine	24.0	4.0	8.0	0.2727272727272728	0.10854448149943507
0.6516675699081271	cosine	24.0	0.0	8.0	0.3636363636363638	0.04990853551146973
1.0047930660878859	cosine	24.0	20.0	0.0	0.4848484848484851	0.014106153084401886
1.4324382008732508	cosine	24.0	0.0	20.0	0.2727272727272728	0.10854448149943507
1.0508101308683766	cosine	24.0	4.0	0.0	0.5454545454545456	0.0067819162397311575
0.46980729223467277	cosine	24.0	16.0	12.0	0.3333333333333335	0.06570102610411901
-0.08498223970354972	cosine	24.0	12.0	4.0	0.24242424242424254	0.1362855657955242
0.7538753108742245	cosine	24.0	4.0	0.0	0.3333333333333335	0.06570102610411901
-0.21451540240847036	cosine	24.0	20.0	4.0	0.3636363636363638	0.04990853551146973
-0.05893014215972995	cosine	24.0	0.0	4.0	0.3636363636363638	0.04990853551146973
-0.7204757880267578	cosine	24.0	20.0	12.0	0.575757575757576	0.004583576838638997
0.19100150178924374	cosine	24.0	8.0	12.0	0.3636363636363638	0.04990853551146973
-1.0321693837776904	cosine	24.0	16.0	4.0	0.575757575757576	0.004583576838638997
-1.6257511796332103	cosine	24.0	20.0	0.0	0.2727272727272728	0.10854448149943507
0.6808122088106358	cosine	24.0	4.0	8.0	0.6969696969696972	0.0008043156973336818
-0.6493201790545918	cosine	24.0	20.0	16.0	0.6060606060606063	0.003044944233852819
1.5956495639321968	cosine	24.0	20.0	16.0	0.3636363636363638	0.04990853551146973
-0.30136997392957704	cosine	24.0	0.0	20.0	0.3333333333333335	0.06570102610411901
0.408597378052143	cosine	24.0	12.0	0.0	0.3636363636363638	0.04990853551146973
0.09494065812174599	cosine	24.0	20.0	16.0	0.1818181818181819	0.20529080418760415
-0.5541486130510714	cosine	24.0	4.0	0.0	0.15151515151515157	0.24644312334002483
0.22630081103085534	cosine	24.0	4.0	16.0	0.3333333333333335	0.06570102610411901
0.35973614320035685	cosine	24.0	8.0	16.0	0.5151515151515154	0.00986438530634296
0.5934123376867371	cosine	24.0	16.0	12.0	0.4242424242424244	0.02742697317621316
0.5176359223511943	cosine	24.0	4.0	0.0	0.3333333333333335	0.06570102610411901
0.37721258427411397	cosine	24.0	4.0	8.0	0.1818181818181819	0.20529080418760415
-0.6910305590536658	cosine	24.0	20.0	0.0	0.3939393939393941	0.037302414641954044
0.1783055465053567	cosine	24.0	4.0	8.0	0.6363636363636367	0.001988079806063042
-0.5664083059536502	cosine	24.0	12.0	20.0	0.5151515151515154	0.00986438530634296
-0.25476686738537374	cosine	24.0	20.0	0.0	0.2727272727272728	0.10854448149943507
-0.48156869190660584	cosine	24.0	0.0	12.0	0.24242424242424254	0.1362855657955242
0.753363417860201	cosine	24.0	8.0	4.0	0.5151515151515154	0.00986438530634296
0.8814044490751373	cosine	24.0	8.0	4.0	0.4848484848484851	0.014106153084401886
-1.0340756743860655	cosine	24.0	12.0	0.0	0.3636363636363638	0.04990853551146973
0.013514898274232317	cosine	24.0	4.0	0.0	0.7272727272727276	0.0004983045770249599
-0.22903252806079072	cosine	24.0	0.0	12.0	0.2727272727272728	0.10854448149943507
-0.21921361364079572	cosine	24.0	8.0	12.0	0.6969696969696972	0.0008043156973336818
0.36255827209224817	cosine	24.0	12.0	16.0	0.2727272727272728	0.10854448149943507
-0.5159850737855718	cosine	24.0	20.0	0.0	0.30303030303030315	0.08511721571435177
1.6427698572453182	cosine	24.0	16.0	20.0	0.15151515151515157	0.24644312334002483
-0.2816854244025414	cosine	24.0	16.0	20.0	0.24242424242424254	0.1362855657955242
-2.3618298142589835	cosine	24.0	12.0	20.0	0.4242424242424244	0.02742697317621316
-0.13365626102097872	cosine	24.0	8.0	12.0	0.4848484848484851	0.014106153084401886
2.675619949425343	cosine	24.0	8.0	16.0	0.24242424242424254	0.1362855657955242
1.2324685167314158	cosine	24.0	8.0	20.0	0.5151515151515154	0.00986438530634296
-1.124497512155039	cosine	24.0	8.0	16.0	0.30303030303030315	0.08511721571435177
-0.5217440159848246	cosine	24.0	8.0	0.0	0.45454545454545475	0.019834630913749846
-0.6888631569610403	cosine	24.0	20.0	0.0	0.3333333333333335	0.06570102610411901
0.4592379106657484	cosine	24.0	16.0	20.0	0.3939393939393941	0.037302414641954044
-0.6846589514333085	cosine	24.0	16.0	4.0	0.09090909090909095	0.3403766952212308
0.20162137793636115	cosine	24.0	16.0	20.0	0.15151515151515157	0.24644312334002483
-0.12609166922930065	cosine	24.0	4.0	12.0	0.1818181818181819	0.20529080418760415
0.3184582080523666	cosine	24.0	20.0	0.0	0.3333333333333335	0.06570102610411901
-0.6532747292160822	cosine	24.0	20.0	4.0	0.2121212121212122	0.16852366968754684
0.5185199210186577	cosine	24.0	12.0	8.0	0.3333333333333335	0.06570102610411901
0.09926154101136306	cosine	24.0	12.0	16.0	0.30303030303030315	0.08511721571435177
1.2527216674916024	cosine	24.0	8.0	4.0	0.3939393939393941	0.037302414641954044
0.9604520804818477	cosine	24.0	12.0	20.0	0.2727272727272728	0.10854448149943507
-0.7134862082750139	cosine	24.0	20.0	16.0	0.5151515151515154	0.00986438530634296
0.5719714870552572	cosine	24.0	8.0	12.0	0.3333333333333335	0.06570102610411901
-0.024646894863387336	cosine	24.0	4.0	12.0	0.3636363636363638	0.04990853551146973
-0.218659247093431	cosine	24.0	4.0	0.0	0.5151515151515154	0.00986438530634296
1.164478954993457	cosine	24.0	0.0	20.0	0.24242424242424254	0.1362855657955242
1.3592534532399418	cosine	24.0	4.0	0.0	0.3636363636363638	0.04990853551146973
-0.6360622168732926	cosine	24.0	4.0	12.0	0.5151515151515154	0.00986438530634296
1.7693711305212798	cosine	24.0	12.0	8.0	0.4242424242424244	0.02742697317621316
-0.6548858074731952	cosine	24.0	12.0	16.0	0.3636363636363638	0.04990853551146973
-0.8893434167966773	cosine	24.0	16.0	20.0	0.30303030303030315	0.08511721571435177
1.0071267165144944	cosine	24.0	16.0	20.0	0.4848484848484851	0.014106153084401886
-1.7192616974088135	cosine	24.0	0.0	8.0	0.6363636363636367	0.001988079806063042
0.1272379253462743	cosine	24.0	12.0	20.0	0.5151515151515154	0.00986438530634296
0.6197292667483738	cosine	24.0	4.0	8.0	0.45454545454545475	0.019834630913749846
-0.9920165650973345	cosine	24.0	16.0	20.0	0.3333333333333335	0.06570102610411901
-0.9968821947494889	cosine	24.0	16.0	20.0	0.3333333333333335	0.06570102610411901
-1.1027449289296856	cosine	24.0	20.0	16.0	0.3939393939393941	0.037302414641954044
-2.4576278645395293	cosine	24.0	0.0	20.0	0.15151515151515157	0.24644312334002483
1.741531493235033	cosine	24.0	12.0	16.0	0.3939393939393941	0.037302414641954044
0.14729108022852755	cosine	24.0	16.0	0.0	0.45454545454545475	0.019834630913749846
-1.320699927385536	cosine	24.0	4.0	12.0	0.24242424242424254	0.1362855657955242
2.1264576759142604	cosine	24.0	12.0	20.0	0.45454545454545475	0.019834630913749846
1.1460988211692973	cosine	24.0	20.0	16.0	0.30303030303030315	0.08511721571435177
0.9474154420092883	cosine	24.0	16.0	8.0	0.4848484848484851	0.014106153084401886
-0.7511375187699346	cosine	24.0	20.0	8.0	0.2727272727272728	0.10854448149943507
0.27191254018031025	cosine	24.0	20.0	16.0	0.1818181818181819	0.20529080418760415
-0.9563231482966716	cosine	24.0	0.0	20.0	0.24242424242424254	0.1362855657955242
0.0035152377355943242	cosine	24.0	20.0	12.0	0.4242424242424244	0.02742697317621316
-0.5543370231433599	cosine	24.0	12.0	4.0	0.4242424242424244	0.02742697317621316
-0.1498215690124743	cosine	24.0	20.0	4.0	0.3636363636363638	0.04990853551146973
0.5983845366597933	cosine	24.0	0.0	4.0	0.2727272727272728	0.10854448149943507
-1.3129135214524088	cosine	24.0	8.0	0.0	0.45454545454545475	0.019834630913749846
0.5207278069049532	cosine	24.0	0.0	8.0	0.45454545454545475	0.019834630913749846
0.7923850202084118	cosine	24.0	0.0	20.0	0.3333333333333335	0.06570102610411901
0.993383938446982	cosine	24.0	20.0	16.0	0.45454545454545475	0.019834630913749846
-1.1325688108430412	cosine	24.0	20.0	16.0	0.1818181818181819	0.20529080418760415
-0.435441957121875	cosine	24.0	12.0	4.0	0.3333333333333335	0.06570102610411901
0.6628733338806693	cosine	24.0	4.0	0.0	0.8181818181818186	0.00010656710346223243
-0.6695983907255882	cosine	24.0	16.0	20.0	0.3939393939393941	0.037302414641954044
0.3104487385114843	cosine	24.0	16.0	4.0	0.4848484848484851	0.014106153084401886
-0.9643578456876534	cosine	24.0	0.0	4.0	0.3636363636363638	0.04990853551146973
0.2555070760451176	cosine	24.0	20.0	12.0	0.575757575757576	0.004583576838638997
0.49262980696540204	cosine	24.0	12.0	4.0	0.6060606060606063	0.003044944233852819
0.09077128948440043	cosine	24.0	8.0	4.0	0.3939393939393941	0.037302414641954044
0.7597289488412273	cosine	24.0	20.0	4.0	0.3939393939393941	0.037302414641954044
2.221178735231925	cosine	24.0	16.0	12.0	0.3636363636363638	0.04990853551146973
-0.7956774981912673	cosine	24.0	8.0	4.0	0.2121212121212122	0.16852366968754684
0.25328101627169936	cosine	24.0	8.0	12.0	0.2121212121212122	0.16852366968754684
-0.03965366771762483	cosine	24.0	16.0	20.0	0.3636363636363638	0.04990853551146973
0.05945415909864755	cosine	24.0	20.0	0.0	0.12121212121212127	0.29164672996678775
2.2383863495523384	cosine	24.0	0.0	4.0	0.1818181818181819	0.20529080418760415
1.0515673115196176	cosine	24.0	16.0	20.0	0.3333333333333335	0.06570102610411901
1.2529567453605828	cosine	24.0	20.0	16.0	0.3939393939393941	0.037302414641954044
0.58515882354564	cosine	24.0	20.0	4.0	0.3333333333333335	0.06570102610411901
2.7783722750010695	cosine	24.0	0.0	16.0	0.30303030303030315	0.08511721571435177
-0.4143602057845353	cosine	24.0	20.0	0.0	0.2121212121212122	0.16852366968754684
0.10865237966074381	cosine	24.0	16.0	12.0	0.30303030303030315	0.08511721571435177
0.1419643255958512	cosine	24.0	20.0	16.0	0.30303030303030315	0.08511721571435177
0.6693540605202968	cosine	24.0	16.0	8.0	0.3939393939393941	0.037302414641954044
-1.4836774944231967	cosine	24.0	0.0	16.0	0.575757575757576	0.004583576838638997
-2.13076984999567	cosine	24.0	20.0	0.0	0.5454545454545456	0.0067819162397311575
-1.2198299122897438	cosine	24.0	0.0	20.0	0.3636363636363638	0.04990853551146973
1.7630065367103551	cosine	24.0	16.0	4.0	0.3636363636363638	0.04990853551146973
0.813776316676134	cosine	24.0	12.0	16.0	0.45454545454545475	0.019834630913749846
0.8948429330565901	cosine	24.0	16.0	12.0	0.30303030303030315	0.08511721571435177
0.5171223211010462	cosine	24.0	4.0	8.0	0.24242424242424254	0.1362855657955242
-1.3639394722521658	cosine	24.0	8.0	20.0	0.666666666666667	0.0012756406460599887
1.9884468066347025	cosine	24.0	8.0	12.0	0.4242424242424244	0.02742697317621316
-0.3892426198698983	cosine	24.0	12.0	16.0	0.3939393939393941	0.037302414641954044
1.0145963724871547	cosine	24.0	8.0	4.0	0.5151515151515154	0.00986438530634296
-0.11846059498667905	cosine	24.0	20.0	16.0	0.30303030303030315	0.08511721571435177
-1.2822559349973632	cosine	24.0	8.0	12.0	0.2727272727272728	0.10854448149943507
-0.3944167106532839	cosine	24.0	12.0	16.0	0.1818181818181819	0.20529080418760415
-0.07037270540254537	cosine	24.0	8.0	20.0	0.3333333333333335	0.06570102610411901
1.412138788907884	cosine	24.0	0.0	20.0	0.2727272727272728	0.10854448149943507
-1.4931404874858434	cosine	24.0	8.0	12.0	0.5454545454545456	0.0067819162397311575
0.8255106514232117	cosine	24.0	12.0	20.0	0.1818181818181819	0.20529080418760415
-0.08293642015454816	cosine	24.0	12.0	20.0	0.2727272727272728	0.10854448149943507
-1.6328545436558835	cosine	24.0	0.0	20.0	0.3333333333333335	0.06570102610411901
0.4528340531902239	cosine	24.0	16.0	0.0	0.2121212121212122	0.16852366968754684
-0.02343420827632389	cosine	24.0	12.0	16.0	0.1818181818181819	0.20529080418760415
-0.7898035052192969	cosine	24.0	8.0	12.0	0.24242424242424254	0.1362855657955242
-0.40417748652875135	cosine	24.0	8.0	16.0	0.3333333333333335	0.06570102610411901
-1.339821371621311	cosine	24.0	4.0	0.0	0.6060606060606063	0.003044944233852819
0.16103717730389439	cosine	24.0	20.0	0.0	0.4242424242424244	0.02742697317621316
1.1150062006178056	cosine	24.0	12.0	4.0	0.666666666666667	0.0012756406460599887
0.3123939753821504	cosine	24.0	20.0	16.0	0.2727272727272728	0.10854448149943507
0.7370728522270976	cosine	24.0	16.0	20.0	0.2727272727272728	0.10854448149943507
0.04881499551054424	cosine	24.0	20.0	12.0	0.45454545454545475	0.019834630913749846
-0.9060210088463793	cosine	24.0	0.0	8.0	0.24242424242424254	0.1362855657955242
-0.42043928457818674	cosine	24.0	0.0	4.0	0.6060606060606063	0.003044944233852819
0.44128809768702115	cosine	24.0	12.0	0.0	0.5151515151515154	0.00986438530634296
-0.07682968483969779	cosine	24.0	12.0	8.0	0.30303030303030315	0.08511721571435177
-0.5783591518146737	cosine	24.0	16.0	20.0	0.3333333333333335	0.06570102610411901
1.5683333054884612	cosine	24.0	4.0	8.0	0.45454545454545475	0.019834630913749846
0.6737766137979718	cosine	24.0	4.0	0.0	0.1818181818181819	0.20529080418760415
0.6745763263866321	cosine	24.0	0.0	20.0	0.12121212121212127	0.29164672996678775
-0.8728717306593614	cosine	24.0	8.0	12.0	0.30303030303030315	0.08511721571435177
0.23328441190596083	cosine	24.0	16.0	12.0	0.1818181818181819	0.20529080418760415
-0.45940455103061967	cosine	24.0	8.0	12.0	0.3939393939393941	0.037302414641954044
-1.2882366717355553	cosine	24.0	0.0	20.0	0.3939393939393941	0.037302414641954044
0.9276028771644357	cosine	24.0	16.0	12.0	0.3333333333333335	0.06570102610411901
0.9559777820699371	cosine	24.0	0.0	16.0	0.45454545454545475	0.019834630913749846
-0.8515660991167459	cosine	24.0	12.0	16.0	0.5151515151515154	0.00986438530634296
-0.4305689689661763	cosine	24.0	16.0	20.0	0.2727272727272728	0.10854448149943507
1.649767579147037	cosine	24.0	4.0	16.0	0.6060606060606063	0.003044944233852819
-1.363333817444047	cosine	24.0	16.0	20.0	0.4242424242424244	0.02742697317621316
-1.1819079402081356	cosine	24.0	8.0	16.0	0.3333333333333335	0.06570102610411901
1.6920730513326525	cosine	24.0	4.0	0.0	0.7272727272727276	0.0004983045770249599
0.7567703220654182	cosine	24.0	0.0	20.0	0.2121212121212122	0.16852366968754684
1.894951940869822	cosine	24.0	4.0	16.0	0.30303030303030315	0.08511721571435177
0.13967052337971828	cosine	24.0	4.0	8.0	0.15151515151515157	0.24644312334002483
0.9035849372640014	cosine	24.0	0.0	12.0	0.5454545454545456	0.0067819162397311575
1.0582049205251751	cosine	24.0	12.0	0.0	0.3333333333333335	0.06570102610411901
-0.6697562967577616	cosine	24.0	12.0	16.0	0.575757575757576	0.004583576838638997
0.43525947937387255	cosine	24.0	0.0	20.0	0.3333333333333335	0.06570102610411901
-0.957247100303467	cosine	24.0	8.0	4.0	0.3333333333333335	0.06570102610411901
-0.6558232479990436	cosine	24.0	4.0	8.0	0.2727272727272728	0.10854448149943507
-0.07852624026617751	cosine	24.0	20.0	16.0	0.3939393939393941	0.037302414641954044
0.1480708183473461	cosine	24.0	4.0	20.0	0.30303030303030315	0.08511721571435177
-0.2362746926492064	cosine	24.0	4.0	0.0	0.3636363636363638	0.04990853551146973
-0.8197874456169298	cosine	24.0	4.0	8.0	0.3333333333333335	0.06570102610411901
1.1356067003272219	cosine	24.0	12.0	8.0	0.24242424242424254	0.1362855657955242
0.5683174091060778	cosine	24.0	16.0	4.0	0.3939393939393941	0.037302414641954044
-0.2934615239584506	cosine	24.0	0.0	20.0	0.5454545454545456	0.0067819162397311575
0.9252854627464026	cosine	24.0	12.0	16.0	0.4242424242424244	0.02742697317621316
-0.2623808887165537	cosine	24.0	16.0	8.0	0.4848484848484851	0.014106153084401886
-2.0505570050026205	cosine	24.0	16.0	8.0	0.12121212121212127	0.29164672996678775
0.44843556733857254	cosine	24.0	4.0	20.0	0.5454545454545456	0.0067819162397311575
-0.812347847129897	cosine	24.0	8.0	12.0	0.3333333333333335	0.06570102610411901
0.5701693981320829	cosine	24.0	20.0	4.0	0.3333333333333335	0.06570102610411901
0.9388207719428937	cosine	24.0	0.0	20.0	0.1818181818181819	0.20529080418760415
0.6169040425752363	cosine	24.0	0.0	20.0	0.45454545454545475	0.019834630913749846
1.4631075762924952	cosine	24.0	4.0	0.0	0.3333333333333335	0.06570102610411901
1.4190826328453785	cosine	24.0	8.0	12.0	0.24242424242424254	0.1362855657955242
-0.38692749823681505	cosine	24.0	0.0	8.0	0.4848484848484851	0.014106153084401886
0.728144997739587	cosine	24.0	8.0	16.0	0.2727272727272728	0.10854448149943507
1.1389670642569798	cosine	24.0	16.0	12.0	0.15151515151515157	0.24644312334002483
1.266427782865615	cosine	24.0	20.0	0.0	0.5151515151515154	0.00986438530634296
-0.41830904860177437	cosine	24.0	20.0	16.0	0.3333333333333335	0.06570102610411901
-1.7301338580223486	cosine	24.0	16.0	0.0	0.30303030303030315	0.08511721571435177
0.7326922166782347	cosine	24.0	4.0	0.0	0.3939393939393941	0.037302414641954044
0.5340282731126291	cosine	24.0	8.0	12.0	0.30303030303030315	0.08511721571435177
1.0134601341571445	cosine	24.0	20.0	0.0	0.2727272727272728	0.10854448149943507
-0.40260591912729643	cosine	24.0	16.0	4.0	0.30303030303030315	0.08511721571435177
-1.6728357531616536	cosine	24.0	16.0	8.0	0.3636363636363638	0.04990853551146973
-2.30737146926298	cosine	24.0	16.0	12.0	0.24242424242424254	0.1362855657955242
-0.7964226154441749	cosine	24.0	16.0	0.0	0.3636363636363638	0.04990853551146973
0.48045323772338167	cosine	24.0	12.0	0.0	0.4848484848484851	0.014106153084401886
-0.7333314168911426	cosine	24.0	0.0	8.0	0.5151515151515154	0.00986438530634296
0.9468681550443364	cosine	24.0	20.0	0.0	0.5454545454545456	0.0067819162397311575
1.325391947362417	cosine	24.0	16.0	4.0	0.3939393939393941	0.037302414641954044
-0.41174805710911977	cosine	24.0	12.0	8.0	0.30303030303030315	0.08511721571435177
-0.8895188064661425	cosine	24.0	8.0	12.0	0.3939393939393941	0.037302414641954044
0.006712316586061755	cosine	24.0	12.0	20.0	0.3333333333333335	0.06570102610411901
1.2610116101396185	cosine	24.0	4.0	8.0	0.1818181818181819	0.20529080418760415
1.262027302796519	cosine	24.0	20.0	0.0	0.1818181818181819	0.20529080418760415
0.6145893232218398	cosine	24.0	20.0	0.0	0.2727272727272728	0.10854448149943507
-0.00599976941105609	cosine	24.0	8.0	16.0	0.2727272727272728	0.10854448149943507
-0.10841359057444004	cosine	24.0	12.0	8.0	0.3636363636363638	0.04990853551146973
-0.13529487707518928	cosine	24.0	0.0	4.0	0.45454545454545475	0.019834630913749846
-1.84359709781904	cosine	24.0	8.0	4.0	0.3333333333333335	0.06570102610411901
0.8874972023968096	cosine	24.0	4.0	0.0	0.2727272727272728	0.10854448149943507
0.5632186072723694	cosine	24.0	4.0	8.0	0.2121212121212122	0.16852366968754684
-0.39421142265238723	cosine	24.0	16.0	8.0	0.24242424242424254	0.1362855657955242
-0.40543016041721414	cosine	24.0	8.0	12.0	0.12121212121212127	0.29164672996678775
-0.5531731566653976	cosine	24.0	16.0	8.0	0.6363636363636367	0.001988079806063042
0.6744578460089613	cosine	24.0	16.0	20.0	0.2121212121212122	0.16852366968754684
-1.6313291734995943	cosine	24.0	4.0	12.0	0.4242424242424244	0.02742697317621316
-1.321065276062488	cosine	24.0	4.0	16.0	0.5151515151515154	0.00986438530634296
0.39422967076657606	cosine	24.0	16.0	20.0	0.3333333333333335	0.06570102610411901
0.9605902537983617	cosine	24.0	12.0	4.0	0.7878787878787882	0.0001813930547667903
0.3649335904792803	cosine	24.0	16.0	0.0	0.7272727272727276	0.0004983045770249599
0.8545578713624824	cosine	24.0	8.0	4.0	0.3333333333333335	0.06570102610411901
0.5697120385967261	cosine	24.0	0.0	20.0	0.3939393939393941	0.037302414641954044
0.5800051983611497	cosine	24.0	0.0	8.0	0.15151515151515157	0.24644312334002483
1.7338882416542665	cosine	24.0	8.0	20.0	0.30303030303030315	0.08511721571435177
-0.09819489226785544	cosine	24.0	12.0	16.0	0.2727272727272728	0.10854448149943507
-1.188508204719093	cosine	24.0	8.0	16.0	0.3636363636363638	0.04990853551146973
-0.7676754231761206	cosine	24.0	8.0	16.0	0.3939393939393941	0.037302414641954044
0.7895824368178753	cosine	24.0	4.0	12.0	0.2727272727272728	0.10854448149943507
0.2907535228955567	cosine	24.0	4.0	16.0	0.3636363636363638	0.04990853551146973
0.0666428851722389	cosine	24.0	16.0	8.0	0.3333333333333335	0.06570102610411901
0.47432056161793573	cosine	24.0	16.0	12.0	0.1818181818181819	0.20529080418760415
-0.4123154721287009	cosine	24.0	16.0	4.0	0.3636363636363638	0.04990853551146973
-1.4972390792172456	cosine	24.0	4.0	12.0	0.30303030303030315	0.08511721571435177
0.6727123944575322	cosine	24.0	20.0	8.0	0.6060606060606063	0.003044944233852819
0.07759422074232229	cosine	24.0	16.0	8.0	0.3333333333333335	0.06570102610411901
-0.00026405771959950937	cosine	24.0	0.0	8.0	0.45454545454545475	0.019834630913749846
-0.7169692618717043	cosine	24.0	0.0	20.0	0.15151515151515157	0.24644312334002483
0.545926383563965	cosine	24.0	12.0	20.0	0.15151515151515157	0.24644312334002483
0.38952267232066046	cosine	24.0	16.0	8.0	0.3636363636363638	0.04990853551146973
-1.4923554760806703	cosine	24.0	4.0	12.0	0.2121212121212122	0.16852366968754684
-0.9202599626830571	cosine	24.0	12.0	8.0	0.45454545454545475	0.019834630913749846
-0.010626085157377108	cosine	24.0	0.0	4.0	0.5454545454545456	0.0067819162397311575
2.0824814521026047	cosine	24.0	8.0	16.0	0.575757575757576	0.004583576838638997
0.13144919375875821	cosine	24.0	20.0	16.0	0.45454545454545475	0.019834630913749846
0.012413275766791064	cosine	24.0	16.0	4.0	0.3636363636363638	0.04990853551146973
-1.0475833831093708	cosine	24.0	8.0	0.0	0.4848484848484851	0.014106153084401886
-1.4889243527514477	cosine	24.0	20.0	0.0	0.1818181818181819	0.20529080418760415
0.10391111343839274	cosine	24.0	0.0	20.0	0.1818181818181819	0.20529080418760415
0.19483589822820133	cosine	24.0	4.0	8.0	0.2727272727272728	0.10854448149943507
-0.9243676311073741	cosine	24.0	20.0	12.0	0.3939393939393941	0.037302414641954044
1.1224387685585582	cosine	24.0	16.0	4.0	0.3939393939393941	0.037302414641954044
-0.006831593739184107	cosine	24.0	4.0	20.0	0.24242424242424254	0.1362855657955242
-1.3657396016914718	cosine	24.0	12.0	20.0	0.30303030303030315	0.08511721571435177
-0.470942350893933	cosine	24.0	20.0	16.0	0.1818181818181819	0.20529080418760415
-0.04063980487761024	cosine	24.0	4.0	0.0	0.5151515151515154	0.00986438530634296
0.9162232792514239	cosine	24.0	8.0	12.0	0.6060606060606063	0.003044944233852819
0.264114466418932	cosine	24.0	0.0	8.0	0.3939393939393941	0.037302414641954044
-0.6146961194060822	cosine	24.0	8.0	4.0	0.24242424242424254	0.1362855657955242
-0.946453003989799	cosine	24.0	0.0	4.0	0.24242424242424254	0.1362855657955242
0.33126032232989805	cosine	24.0	8.0	20.0	0.45454545454545475	0.019834630913749846
1.5003656482790337	cosine	24.0	20.0	0.0	0.3939393939393941	0.037302414641954044
0.5009015921553749	cosine	24.0	0.0	20.0	0.2121212121212122	0.16852366968754684
0.6072770540051022	cosine	24.0	16.0	0.0	0.3333333333333335	0.06570102610411901
-0.41260376082432154	cosine	24.0	12.0	8.0	0.3333333333333335	0.06570102610411901
2.3816661782479143	cosine	24.0	12.0	8.0	0.3636363636363638	0.04990853551146973
1.0501706946479321	cosine	24.0	0.0	4.0	0.6060606060606063	0.003044944233852819
1.2579781856812786	cosine	24.0	8.0	12.0	0.30303030303030315	0.08511721571435177
-0.5477997867285832	cosine	24.0	12.0	20.0	0.575757575757576	0.004583576838638997
-1.4197424067022266	cosine	24.0	12.0	20.0	0.4848484848484851	0.014106153084401886
0.8008904820227847	cosine	24.0	0.0	8.0	0.4242424242424244	0.02742697317621316
-0.030010750972015516	cosine	24.0	16.0	4.0	0.3333333333333335	0.06570102610411901
2.6295488378220604	cosine	24.0	16.0	4.0	0.3939393939393941	0.037302414641954044
0.04247373918173974	cosine	24.0	8.0	16.0	0.4242424242424244	0.02742697317621316
1.3186050811643746	cosine	24.0	0.0	20.0	0.575757575757576	0.004583576838638997
-1.276588669209045	cosine	24.0	4.0	0.0	0.2727272727272728	0.10854448149943507
0.1247082557299449	cosine	24.0	20.0	0.0	0.3939393939393941	0.037302414641954044
-0.9546907614351894	cosine	24.0	12.0	8.0	0.2121212121212122	0.16852366968754684
0.21892822745753207	cosine	24.0	0.0	20.0	0.3636363636363638	0.04990853551146973
-0.4310503623754308	cosine	24.0	4.0	16.0	0.3636363636363638	0.04990853551146973
0.36278626757405863	cosine	24.0	20.0	0.0	0.3333333333333335	0.06570102610411901
-0.15752121513265602	cosine	24.0	12.0	20.0	0.3636363636363638	0.04990853551146973
-0.15275094153510024	cosine	24.0	20.0	0.0	0.4242424242424244	0.02742697317621316
0.9507002921469877	cosine	24.0	0.0	20.0	0.3333333333333335	0.06570102610411901
