ID	Waveform	Period	Phase	Nadir	Tau	P
-1.3993873442222347	cosine	8.0	8.0	4.0	0.06700252101728081	0.38085378504795675
-0.3656116542514563	cosine	8.0	0.0	4.0	0.36187343222787294	0.05073562797633993
2.1159522288034602	cosine	8.0	8.0	4.0	0.23450882356048283	0.14426833538783368
0.7127721297774363	cosine	8.0	0.0	4.0	0.36187343222787294	0.05073562797633993
-0.1155661724023087	cosine	8.0	4.0	8.0	0.16750630254320203	0.22419615145873356
0.12909634280902457	cosine	8.0	8.0	4.0	0.6700252101728081	0.0012131191275820915
0.03286005449746789	cosine	8.0	4.0	0.0	0.4605661864718383	0.01856076533880384
-0.9280165555973147	cosine	8.0	0.0	4.0	0.0	0.5
2.101251808733879	cosine	8.0	8.0	4.0	0.10050378152592121	0.3246054073583539
1.015049641836797	cosine	8.0	4.0	8.0	0.40201512610368484	0.03442252599351862
0.3812602117146047	cosine	8.0	4.0	8.0	0.23450882356048283	0.14426833538783368
-0.35973755663952	cosine	8.0	4.0	0.0	0.03289758474798845	0.44082120393931895
0.11991043934275261	cosine	8.0	0.0	4.0	0.03289758474798845	0.44082120393931895
0.15134441558201933	cosine	8.0	4.0	8.0	0.26801008406912324	0.11257316160194203
-0.8074371847779465	cosine	8.0	8.0	4.0	0.4355163866123253	0.024358800530983115
-0.19000622642228238	cosine	8.0	0.0	4.0	0.16448792373994225	0.22830592549268558
0.008909470308893273	cosine	8.0	8.0	4.0	0.40201512610368484	0.03442252599351862
2.496624705485707	cosine	8.0	0.0	4.0	0.0	0.5
0.28565115162263516	cosine	8.0	0.0	4.0	0.0657951694959769	0.38293745122977874
0.01854173728339235	cosine	8.0	8.0	4.0	0.30151134457776363	0.08619310660327584
-2.4131092384572908	cosine	8.0	4.0	0.0	0.0657951694959769	0.38293745122977874
0.5342446397664701	cosine	8.0	0.0	4.0	0.1315903389919538	0.27573794886251457
-1.571593278717662	cosine	8.0	4.0	8.0	0.16750630254320203	0.22419615145873356
0.5803014466278259	cosine	8.0	4.0	0.0	0.19738550848793068	0.18584158306669563
0.07018979636172366	cosine	8.0	8.0	4.0	0.20100756305184242	0.1814857225539041
1.1943066009338925	cosine	8.0	0.0	4.0	0.0657951694959769	0.38293745122977874
-0.9498960033083199	cosine	8.0	4.0	0.0	0.42766860172384985	0.02646218884554873
-0.056713705083246996	cosine	8.0	4.0	8.0	0.13400504203456162	0.27209855448987996
-0.014873865833740884	cosine	8.0	8.0	4.0	0.26801008406912324	0.11257316160194203
0.8588893109576347	cosine	8.0	8.0	4.0	0.23450882356048283	0.14426833538783368
0.6782495968346002	cosine	8.0	4.0	8.0	0.30151134457776363	0.08619310660327584
-0.05166624107422801	cosine	8.0	0.0	4.0	0.19738550848793068	0.18584158306669563
-0.05491321654159775	cosine	8.0	0.0	4.0	0.19738550848793068	0.18584158306669563
-1.374819939074001	cosine	8.0	0.0	4.0	0.16448792373994225	0.22830592549268558
0.21850877868777346	cosine	8.0	8.0	4.0	0.033501260508640406	0.4397434849390244
1.2360494350655746	cosine	8.0	8.0	4.0	0.26801008406912324	0.11257316160194203
1.8847928995809835	cosine	8.0	4.0	8.0	0.13400504203456162	0.27209855448987996
1.2875755312896895	cosine	8.0	8.0	4.0	0.06700252101728081	0.38085378504795675
-0.9218370664917929	cosine	8.0	4.0	8.0	0.16750630254320203	0.22419615145873356
-0.5638907595302209	cosine	8.0	0.0	4.0	0.16448792373994225	0.22830592549268558
1.3851242853852666	cosine	8.0	0.0	4.0	0.2631806779839076	0.11680717101068677
1.007357530751808	cosine	8.0	4.0	0.0	0.16448792373994225	0.22830592549268558
1.4703186323497222	cosine	8.0	8.0	4.0	0.26801008406912324	0.11257316160194203
0.13660111780301912	cosine	8.0	4.0	8.0	0.033501260508640406	0.4397434849390244
-1.0917912473122124	cosine	8.0	4.0	8.0	0.23450882356048283	0.14426833538783368
0.08947105257428144	cosine	8.0	8.0	4.0	0.502518907629606	0.011474155729315736
-0.11405013028748584	cosine	8.0	4.0	8.0	0.13400504203456162	0.27209855448987996
-0.4177611098266172	cosine	8.0	4.0	8.0	0.7370277311900889	0.00042552976512120783
1.3154894160846498	cosine	8.0	4.0	0.0	0.16448792373994225	0.22830592549268558
0.243095326130014	cosine	8.0	0.0	4.0	0.09869275424396534	0.3275593850007441
-0.3715899543637972	cosine	8.0	0.0	4.0	0.03289758474798845	0.44082120393931895
-0.23102326283788355	cosine	8.0	0.0	4.0	0.16448792373994225	0.22830592549268558
0.0021494359937357156	cosine	8.0	8.0	4.0	0.13400504203456162	0.27209855448987996
0.4718958258231922	cosine	8.0	4.0	8.0	0.26801008406912324	0.11257316160194203
1.8925571125970329	cosine	8.0	8.0	4.0	0.26801008406912324	0.11257316160194203
0.08534058777823889	cosine	8.0	4.0	8.0	0.06700252101728081	0.38085378504795675
0.8569532694760466	cosine	8.0	8.0	4.0	0.20100756305184242	0.1814857225539041
0.583230125906481	cosine	8.0	8.0	4.0	0.033501260508640406	0.4397434849390244
1.182115974080351	cosine	8.0	0.0	4.0	0.2631806779839076	0.11680717101068677
-1.1367118568828183	cosine	8.0	8.0	4.0	0.06700252101728081	0.38085378504795675
0.8212566025618806	cosine	8.0	4.0	8.0	0.20100756305184242	0.1814857225539041
0.8717985924661705	cosine	8.0	4.0	0.0	0.42766860172384985	0.02646218884554873
-0.1253398007906703	cosine	8.0	4.0	0.0	0.1315903389919538	0.27573794886251457
-0.4276498208436978	cosine	8.0	4.0	8.0	0.033501260508640406	0.4397434849390244
0.9361984295909047	cosine	8.0	4.0	8.0	0.40201512610368484	0.03442252599351862
0.6902929718272114	cosine	8.0	8.0	4.0	0.0	0.5
-0.2133526673710338	cosine	8.0	4.0	8.0	0.30151134457776363	0.08619310660327584
0.2162306333297759	cosine	8.0	4.0	8.0	0.10050378152592121	0.3246054073583539
0.9723534188647402	cosine	8.0	8.0	4.0	0.10050378152592121	0.3246054073583539
0.6731218848160679	cosine	8.0	4.0	8.0	0.13400504203456162	0.27209855448987996
1.3698538130590285	cosine	8.0	0.0	4.0	0.1315903389919538	0.27573794886251457
0.035014063785185706	cosine	8.0	8.0	4.0	0.10050378152592121	0.3246054073583539
-1.1215436474397766	cosine	8.0	4.0	8.0	0.10050378152592121	0.3246054073583539
0.733539341574916	cosine	8.0	4.0	8.0	0.4355163866123253	0.024358800530983115
1.0538429053883147	cosine	8.0	4.0	0.0	0.2631806779839076	0.11680717101068677
2.5725289361004537	cosine	8.0	4.0	8.0	0.20100756305184242	0.1814857225539041
-0.7994414263147404	cosine	8.0	8.0	4.0	0.10050378152592121	0.3246054073583539
-0.8513516710279033	cosine	8.0	4.0	8.0	0.23450882356048283	0.14426833538783368
0.6530879687983698	cosine	8.0	4.0	0.0	0.03289758474798845	0.44082120393931895
1.7614038525957771	cosine	8.0	4.0	8.0	0.20100756305184242	0.1814857225539041
0.19774074276350007	cosine	8.0	8.0	4.0	0.30151134457776363	0.08619310660327584
0.5029447505176529	cosine	8.0	4.0	8.0	0.16750630254320203	0.22419615145873356
0.4621463050395491	cosine	8.0	0.0	4.0	0.0657951694959769	0.38293745122977874
1.1460306141875085	cosine	8.0	4.0	0.0	0.19738550848793068	0.18584158306669563
-1.5008263682617615	cosine	8.0	4.0	0.0	0.09869275424396534	0.3275593850007441
1.1030670686127357	cosine	8.0	4.0	8.0	0.10050378152592121	0.3246054073583539
0.03022631925555732	cosine	8.0	0.0	4.0	0.03289758474798845	0.44082120393931895
0.7664704636483952	cosine	8.0	8.0	4.0	0.23450882356048283	0.14426833538783368
-0.028181850221865788	cosine	8.0	4.0	8.0	0.26801008406912324	0.11257316160194203
0.110956151933453	cosine	8.0	0.0	4.0	0.19738550848793068	0.18584158306669563
-0.7032992888917758	cosine	8.0	8.0	4.0	0.06700252101728081	0.38085378504795675
0.6361819328690932	cosine	8.0	8.0	4.0	0.23450882356048283	0.14426833538783368
-0.40732691091999984	cosine	8.0	4.0	8.0	0.13400504203456162	0.27209855448987996
-1.2176898198818225	cosine	8.0	8.0	4.0	0.23450882356048283	0.14426833538783368
0.986291337925176	cosine	8.0	4.0	0.0	0.16448792373994225	0.22830592549268558
0.1574615941027178	cosine	8.0	0.0	4.0	0.1315903389919538	0.27573794886251457
1.066688583775892	cosine	8.0	4.0	8.0	0.13400504203456162	0.27209855448987996
-0.34387645292782404	cosine	8.0	0.0	4.0	0.09869275424396534	0.3275593850007441
1.685479814901557	cosine	8.0	4.0	0.0	0.42766860172384985	0.02646218884554873
0.1569959034609433	cosine	8.0	8.0	4.0	0.06700252101728081	0.38085378504795675
0.2680790758277473	cosine	8.0	4.0	0.0	0.19738550848793068	0.18584158306669563
-0.9436817935606145	cosine	8.0	8.0	4.0	0.5360201681382465	0.0076349509802290235
-0.9657713738080528	cosine	8.0	8.0	4.0	0.06700252101728081	0.38085378504795675
0.158459335034343	cosine	8.0	8.0	4.0	0.13400504203456162	0.27209855448987996
-1.4279041744474281	cosine	8.0	0.0	4.0	0.1315903389919538	0.27573794886251457
-1.7045323885315322	cosine	8.0	4.0	8.0	0.13400504203456162	0.27209855448987996
-0.18249169182901684	cosine	8.0	4.0	0.0	0.2631806779839076	0.11680717101068677
-0.4390281186660791	cosine	8.0	4.0	8.0	0.06700252101728081	0.38085378504795675
0.008346930045748763	cosine	8.0	4.0	8.0	0.33501260508640407	0.0647348936883515
-0.45600970077965347	cosine	8.0	4.0	8.0	0.10050378152592121	0.3246054073583539
-0.2369208288266187	cosine	8.0	8.0	4.0	0.20100756305184242	0.1814857225539041
0.4775241114938901	cosine	8.0	8.0	4.0	0.16750630254320203	0.22419615145873356
1.235544701314409	cosine	8.0	0.0	4.0	0.36187343222787294	0.05073562797633993
-0.4452555474135151	cosine	8.0	4.0	8.0	0.13400504203456162	0.27209855448987996
0.7061278384480265	cosine	8.0	4.0	8.0	0.23450882356048283	0.14426833538783368
1.0066027065742058	cosine	8.0	8.0	4.0	0.10050378152592121	0.3246054073583539
-1.18922174358726	cosine	8.0	4.0	0.0	0.4605661864718383	0.01856076533880384
0.12384142773129253	cosine	8.0	4.0	8.0	0.13400504203456162	0.27209855448987996
0.7023766063519634	cosine	8.0	8.0	4.0	0.5360201681382465	0.0076349509802290235
-0.7461695995051599	cosine	8.0	8.0	4.0	0.033501260508640406	0.4397434849390244
-0.1596000921481406	cosine	8.0	4.0	8.0	0.4355163866123253	0.024358800530983115
-0.19832705333311001	cosine	8.0	0.0	4.0	0.1315903389919538	0.27573794886251457
0.3510917667798997	cosine	8.0	4.0	0.0	0.2631806779839076	0.11680717101068677
0.5457867888819874	cosine	8.0	4.0	8.0	0.10050378152592121	0.3246054073583539
-0.7408657298071961	cosine	8.0	8.0	4.0	0.06700252101728081	0.38085378504795675
0.3323133902839682	cosine	8.0	4.0	8.0	0.33501260508640407	0.0647348936883515
-0.3413583949779811	cosine	8.0	4.0	8.0	0.10050378152592121	0.3246054073583539
0.10646885151680215	cosine	8.0	8.0	4.0	0.4355163866123253	0.024358800530983115
-0.894178707882312	cosine	8.0	8.0	4.0	0.23450882356048283	0.14426833538783368
-0.5999802660130898	cosine	8.0	8.0	4.0	0.10050378152592121	0.3246054073583539
-1.6605260288252708	cosine	8.0	8.0	4.0	0.16750630254320203	0.22419615145873356
-0.43628445902821467	cosine	8.0	8.0	4.0	0.26801008406912324	0.11257316160194203
-0.5984736442933847	cosine	8.0	8.0	4.0	0.26801008406912324	0.11257316160194203
0.7833148566858861	cosine	8.0	4.0	0.0	0.09869275424396534	0.3275593850007441
-1.3487588487682889	cosine	8.0	4.0	8.0	0.10050378152592121	0.3246054073583539
-1.7344755564593555	cosine	8.0	8.0	4.0	0.502518907629606	0.011474155729315736
-1.568458919844202	cosine	8.0	4.0	8.0	0.5360201681382465	0.0076349509802290235
-1.7871595803490177	cosine	8.0	0.0	4.0	0.19738550848793068	0.18584158306669563
-0.4889136713980569	cosine	8.0	8.0	4.0	0.033501260508640406	0.4397434849390244
0.8579978918779569	cosine	8.0	4.0	0.0	0.09869275424396534	0.3275593850007441
0.8433736002558652	cosine	8.0	8.0	4.0	0.10050378152592121	0.3246054073583539
-0.49054073834329043	cosine	8.0	4.0	8.0	0.33501260508640407	0.0647348936883515
-1.455802032521976	cosine	8.0	4.0	0.0	0.3289758474798845	0.0682601490394303
1.6183350650712276	cosine	8.0	0.0	4.0	0.03289758474798845	0.44082120393931895
0.762413698512797	cosine	8.0	4.0	8.0	0.20100756305184242	0.1814857225539041
-0.22814540771711425	cosine	8.0	4.0	0.0	0.0657951694959769	0.38293745122977874
0.17766678775364353	cosine	8.0	0.0	4.0	0.296078262731896	0.0901247100752523
0.6329694061463662	cosine	8.0	0.0	4.0	0.2631806779839076	0.11680717101068677
1.041787613053247	cosine	8.0	4.0	8.0	0.23450882356048283	0.14426833538783368
-0.5879098182720314	cosine	8.0	4.0	8.0	0.13400504203456162	0.27209855448987996
-1.330411466288029	cosine	8.0	0.0	4.0	0.0657951694959769	0.38293745122977874
1.4106084994351298	cosine	8.0	4.0	0.0	0.0657951694959769	0.38293745122977874
0.9596710686016618	cosine	8.0	4.0	0.0	0.03289758474798845	0.44082120393931895
0.2150691304273303	cosine	8.0	4.0	8.0	0.06700252101728081	0.38085378504795675
-0.46390069702744624	cosine	8.0	8.0	4.0	0.06700252101728081	0.38085378504795675
-2.051604149400342	cosine	8.0	8.0	4.0	0.0	0.5
-1.3110471743731302	cosine	8.0	8.0	4.0	0.20100756305184242	0.1814857225539041
-1.7260940496994457	cosine	8.0	8.0	4.0	0.23450882356048283	0.14426833538783368
-0.25695923221043954	cosine	8.0	8.0	4.0	0.10050378152592121	0.3246054073583539
-0.4836234221587809	cosine	8.0	8.0	4.0	0.4355163866123253	0.024358800530983115
-1.584704601057098	cosine	8.0	0.0	4.0	0.2631806779839076	0.11680717101068677
0.8754365465164731	cosine	8.0	4.0	8.0	0.10050378152592121	0.3246054073583539
1.3949137376917524	cosine	8.0	4.0	0.0	0.2631806779839076	0.11680717101068677
-2.129784825477929	cosine	8.0	8.0	4.0	0.13400504203456162	0.27209855448987996
0.7602569184838215	cosine	8.0	4.0	8.0	0.20100756305184242	0.1814857225539041
-0.8698575192953552	cosine	8.0	4.0	8.0	0.16750630254320203	0.22419615145873356
-0.5950743782932638	cosine	8.0	0.0	4.0	0.09869275424396534	0.3275593850007441
1.1965421306857031	cosine	8.0	4.0	0.0	0.03289758474798845	0.44082120393931895
1.2488594341625048	cosine	8.0	8.0	4.0	0.033501260508640406	0.4397434849390244
0.3482120812153311	cosine	8.0	8.0	4.0	0.13400504203456162	0.27209855448987996
0.8202552592952833	cosine	8.0	8.0	4.0	0.06700252101728081	0.38085378504795675
-0.550598209206359	cosine	8.0	4.0	8.0	0.16750630254320203	0.22419615145873356
-1.3541715092292483	cosine	8.0	0.0	4.0	0.3289758474798845	0.0682601490394303
-0.2755791451930278	cosine	8.0	8.0	4.0	0.26801008406912324	0.11257316160194203
-1.1228962691326034	cosine	8.0	8.0	4.0	0.10050378152592121	0.3246054073583539
2.295562606225302	cosine	8.0	0.0	4.0	0.0657951694959769	0.38293745122977874
-0.292864785465393	cosine	8.0	4.0	0.0	0.16448792373994225	0.22830592549268558
0.06985155067839409	cosine	8.0	8.0	4.0	0.06700252101728081	0.38085378504795675
1.7514825649062575	cosine	8.0	8.0	4.0	0.033501260508640406	0.4397434849390244
0.49443860031637527	cosine	8.0	8.0	4.0	0.23450882356048283	0.14426833538783368
0.382119725330821	cosine	8.0	0.0	4.0	0.2631806779839076	0.11680717101068677
-1.0562165725053207	cosine	8.0	8.0	4.0	0.033501260508640406	0.4397434849390244
1.9332186452557305	cosine	8.0	8.0	4.0	0.20100756305184242	0.1814857225539041
0.8925461742212023	cosine	8.0	4.0	0.0	0.16448792373994225	0.22830592549268558
0.4124574353899575	cosine	8.0	4.0	0.0	0.23028309323591914	0.14865659075244408
-1.8003490534395885	cosine	8.0	8.0	4.0	0.36851386559504445	0.04767616394306396
-0.1827365564342771	cosine	8.0	8.0	4.0	0.30151134457776363	0.08619310660327584
-0.4061365189966967	cosine	8.0	4.0	0.0	0.1315903389919538	0.27573794886251457
0.3305676158130575	cosine	8.0	4.0	0.0	0.03289758474798845	0.44082120393931895
-2.3040677850805418	cosine	8.0	4.0	8.0	0.033501260508640406	0.4397434849390244
0.5755077641363544	cosine	8.0	8.0	4.0	0.13400504203456162	0.27209855448987996
1.405870474585652	cosine	8.0	4.0	8.0	0.13400504203456162	0.27209855448987996
-0.20583159474324114	cosine	8.0	8.0	4.0	0.06700252101728081	0.38085378504795675
1.559958619210985	cosine	8.0	8.0	4.0	0.36851386559504445	0.04767616394306396
0.6587142309221193	cosine	8.0	4.0	0.0	0.09869275424396534	0.3275593850007441
0.2950604046651674	cosine	8.0	8.0	4.0	0.033501260508640406	0.4397434849390244
1.2279007924156629	cosine	8.0	4.0	0.0	0.36187343222787294	0.05073562797633993
-0.7503241374918501	cosine	8.0	4.0	0.0	0.0657951694959769	0.38293745122977874
-0.4941482235798639	cosine	8.0	4.0	0.0	0.2631806779839076	0.11680717101068677
1.1651045233693527	cosine	8.0	4.0	0.0	0.16448792373994225	0.22830592549268558
0.6617199239329091	cosine	8.0	4.0	8.0	0.33501260508640407	0.0647348936883515
0.2576769476857368	cosine	8.0	4.0	8.0	0.6030226891555273	0.003174862914337789
1.7004026127819305	cosine	8.0	4.0	8.0	0.5360201681382465	0.0076349509802290235
0.08177584173927804	cosine	8.0	0.0	4.0	0.19738550848793068	0.18584158306669563
-1.245404882566799	cosine	8.0	8.0	4.0	0.0	0.5
0.6035696337246838	cosine	8.0	8.0	4.0	0.06700252101728081	0.38085378504795675
1.1734502066238235	cosine	8.0	8.0	4.0	0.16750630254320203	0.22419615145873356
0.005814072480431796	cosine	8.0	4.0	0.0	0.2631806779839076	0.11680717101068677
-1.5377056434461498	cosine	8.0	0.0	4.0	0.1315903389919538	0.27573794886251457
-0.062142609395934544	cosine	8.0	4.0	8.0	0.26801008406912324	0.11257316160194203
-0.18748187597617083	cosine	8.0	0.0	4.0	0.0657951694959769	0.38293745122977874
-0.6602641978983091	cosine	8.0	8.0	4.0	0.20100756305184242	0.1814857225539041
0.37379576905347883	cosine	8.0	4.0	0.0	0.0657951694959769	0.38293745122977874
0.15393288739933528	cosine	8.0	4.0	8.0	0.26801008406912324	0.11257316160194203
0.9511576936443207	cosine	8.0	8.0	4.0	0.16750630254320203	0.22419615145873356
1.5202684285061967	cosine	8.0	4.0	8.0	0.13400504203456162	0.27209855448987996
-0.3933303468634744	cosine	8.0	8.0	4.0	0.06700252101728081	0.38085378504795675
-0.14246256719113626	cosine	8.0	8.0	4.0	0.10050378152592121	0.3246054073583539
1.1255805063005184	cosine	8.0	4.0	0.0	0.36187343222787294	0.05073562797633993
0.9481009088654496	cosine	8.0	4.0	8.0	0.4355163866123253	0.024358800530983115
0.637308236643536	cosine	8.0	8.0	4.0	0.20100756305184242	0.1814857225539041
1.9231688134847784	cosine	8.0	4.0	8.0	0.30151134457776363	0.08619310660327584
-0.4331009359640469	cosine	8.0	4.0	8.0	0.06700252101728081	0.38085378504795675
-1.892120872760776	cosine	8.0	8.0	4.0	0.36851386559504445	0.04767616394306396
-1.3085205733261447	cosine	8.0	4.0	0.0	0.0657951694959769	0.38293745122977874
0.5249894658237743	cosine	8.0	4.0	8.0	0.20100756305184242	0.1814857225539041
-0.37276946325451965	cosine	8.0	4.0	8.0	0.20100756305184242	0.1814857225539041
-1.3254290670642332	cosine	8.0	4.0	0.0	0.296078262731896	0.0901247100752523
-0.20560566450035314	cosine	8.0	0.0	4.0	0.09869275424396534	0.3275593850007441
1.1399534674503973	cosine	8.0	4.0	8.0	0.10050378152592121	0.3246054073583539
0.08124313661036613	cosine	8.0	0.0	4.0	0.592156525463792	0.0036813837070469946
-0.35900077340290903	cosine	8.0	0.0	4.0	0.2631806779839076	0.11680717101068677
0.5019847052407815	cosine	8.0	4.0	8.0	0.26801008406912324	0.11257316160194203
-1.1686565589172244	cosine	8.0	4.0	0.0	0.0657951694959769	0.38293745122977874
-0.5790648584692638	cosine	8.0	4.0	0.0	0.4605661864718383	0.01856076533880384
-0.3311742890108572	cosine	8.0	4.0	0.0	0.3289758474798845	0.0682601490394303
-1.2457000332403156	cosine	8.0	8.0	4.0	0.30151134457776363	0.08619310660327584
-1.6192978762472845	cosine	8.0	4.0	0.0	0.0657951694959769	0.38293745122977874
0.8091073576567797	cosine	8.0	4.0	8.0	0.06700252101728081	0.38085378504795675
0.5285477740204051	cosine	8.0	0.0	4.0	0.16448792373994225	0.22830592549268558
1.4609316855063277	cosine	8.0	4.0	0.0	0.23028309323591914	0.14865659075244408
1.8658541673795173	cosine	8.0	4.0	8.0	0.36851386559504445	0.04767616394306396
0.20218634241229905	cosine	8.0	4.0	0.0	0.03289758474798845	0.44082120393931895
0.0836062473002785	cosine	8.0	4.0	8.0	0.23450882356048283	0.14426833538783368
-0.4458682543432237	cosine	8.0	8.0	4.0	0.06700252101728081	0.38085378504795675
1.6915613926375228	cosine	8.0	8.0	4.0	0.40201512610368484	0.03442252599351862
0.5968365339947771	cosine	8.0	4.0	8.0	0.20100756305184242	0.1814857225539041
0.0836240301604447	cosine	8.0	4.0	8.0	0.4355163866123253	0.024358800530983115
-1.6268724346124128	cosine	8.0	8.0	4.0	0.06700252101728081	0.38085378504795675
1.2992650323947212	cosine	8.0	8.0	4.0	0.16750630254320203	0.22419615145873356
-0.24815544129334693	cosine	8.0	0.0	4.0	0.39477101697586137	0.03699704127429398
-0.19850982275666082	cosine	8.0	0.0	4.0	0.19738550848793068	0.18584158306669563
-0.13448490070682062	cosine	8.0	0.0	4.0	0.19738550848793068	0.18584158306669563
0.659533079929531	cosine	8.0	8.0	4.0	0.033501260508640406	0.4397434849390244
0.3094565413654059	cosine	8.0	4.0	0.0	0.1315903389919538	0.27573794886251457
0.8419715977902085	cosine	8.0	8.0	4.0	0.16750630254320203	0.22419615145873356
-0.4021422090113396	cosine	8.0	0.0	4.0	0.36187343222787294	0.05073562797633993
-1.5967736109709347	cosine	8.0	4.0	0.0	0.2631806779839076	0.11680717101068677
-0.8184759525458803	cosine	8.0	4.0	8.0	0.26801008406912324	0.11257316160194203
-0.676014294725333	cosine	8.0	4.0	8.0	0.10050378152592121	0.3246054073583539
-0.13695883296460243	cosine	8.0	4.0	8.0	0.06700252101728081	0.38085378504795675
-1.8275184513761014	cosine	8.0	8.0	4.0	0.26801008406912324	0.11257316160194203
0.4956829137065068	cosine	8.0	8.0	4.0	0.13400504203456162	0.27209855448987996
-0.6388790101587956	cosine	8.0	0.0	4.0	0.296078262731896	0.0901247100752523
0.027357944411262252	cosine	8.0	0.0	4.0	0.5592589407158036	0.005685474982156306
-0.1880276148213329	cosine	8.0	0.0	4.0	0.39477101697586137	0.03699704127429398
-1.1950331268315078	cosine	8.0	4.0	0.0	0.16448792373994225	0.22830592549268558
-0.7858292579735544	cosine	8.0	4.0	8.0	0.33501260508640407	0.0647348936883515
1.6968844286082567	cosine	8.0	4.0	0.0	0.1315903389919538	0.27573794886251457
-2.0543905157881768	cosine	8.0	8.0	4.0	0.033501260508640406	0.4397434849390244
0.6436194384459935	cosine	8.0	4.0	8.0	0.033501260508640406	0.4397434849390244
0.44056185531792597	cosine	8.0	4.0	8.0	0.20100756305184242	0.1814857225539041
1.1252237952981199	cosine	8.0	4.0	8.0	0.36851386559504445	0.04767616394306396
-1.634644690351776	cosine	8.0	4.0	0.0	0.03289758474798845	0.44082120393931895
0.31709851256191374	cosine	8.0	4.0	0.0	0.09869275424396534	0.3275593850007441
0.8614916722032956	cosine	8.0	8.0	4.0	0.10050378152592121	0.3246054073583539
-0.28925178040804617	cosine	8.0	8.0	4.0	0.23450882356048283	0.14426833538783368
-0.8950633417520396	cosine	8.0	0.0	4.0	0.19738550848793068	0.18584158306669563
-0.6818422097796472	cosine	8.0	8.0	4.0	0.4355163866123253	0.024358800530983115
-0.011442856699118018	cosine	8.0	4.0	0.0	0.19738550848793068	0.18584158306669563
-0.3150799794784609	cosine	8.0	8.0	4.0	0.33501260508640407	0.0647348936883515
-0.36688121046319455	cosine	8.0	8.0	4.0	0.46901764712096566	0.01689057007847118
-0.35184520877532777	cosine	8.0	8.0	4.0	0.0	0.5
-0.8981697253390508	cosine	8.0	8.0	4.0	0.13400504203456162	0.27209855448987996
0.749286402419212	cosine	8.0	4.0	0.0	0.296078262731896	0.0901247100752523
2.19151261132236	cosine	8.0	0.0	4.0	0.4605661864718383	0.01856076533880384
1.3672639245225524	cosine	8.0	8.0	4.0	0.13400504203456162	0.27209855448987996
-0.03188585729382348	cosine	8.0	4.0	0.0	0.1315903389919538	0.27573794886251457
-0.40862698800123687	cosine	8.0	8.0	4.0	0.4355163866123253	0.024358800530983115
-1.1458010017677516	cosine	8.0	4.0	8.0	0.033501260508640406	0.4397434849390244
-0.041715571578238915	cosine	8.0	4.0	8.0	0.13400504203456162	0.27209855448987996
-0.5341865920481776	cosine	8.0	8.0	4.0	0.13400504203456162	0.27209855448987996
-0.6078928954458137	cosine	8.0	4.0	8.0	0.16750630254320203	0.22419615145873356
-0.7536863065012025	cosine	8.0	0.0	4.0	0.1315903389919538	0.27573794886251457
-2.3899977537144617	cosine	8.0	4.0	8.0	0.033501260508640406	0.4397434849390244
-0.03006146025457012	cosine	8.0	8.0	4.0	0.10050378152592121	0.3246054073583539
0.8831122146743402	cosine	8.0	0.0	4.0	0.0657951694959769	0.38293745122977874
0.27819177020929153	cosine	8.0	0.0	4.0	0.0657951694959769	0.38293745122977874
-0.733655153698283	cosine	8.0	0.0	4.0	0.4934637712198267	0.01276417380034623
-1.5730010313012983	cosine	8.0	0.0	4.0	0.16448792373994225	0.22830592549268558
1.4118580135595402	cosine	8.0	0.0	4.0	0.09869275424396534	0.3275593850007441
-1.641284703682865	cosine	8.0	8.0	4.0	0.033501260508640406	0.4397434849390244
-0.09535759383721192	cosine	8.0	4.0	0.0	0.16448792373994225	0.22830592549268558
1.7948004817076495	cosine	8.0	8.0	4.0	0.033501260508640406	0.4397434849390244
-1.869853464777319	cosine	8.0	8.0	4.0	0.06700252101728081	0.38085378504795675
0.6519937099667729	cosine	8.0	8.0	4.0	0.30151134457776363	0.08619310660327584
-1.0390507110139806	cosine	8.0	8.0	4.0	0.13400504203456162	0.27209855448987996
-0.3583615778380685	cosine	8.0	8.0	4.0	0.20100756305184242	0.1814857225539041
-0.24699090275679653	cosine	8.0	4.0	8.0	0.033501260508640406	0.4397434849390244
-0.7398384055179462	cosine	8.0	8.0	4.0	0.5360201681382465	0.0076349509802290235
-1.6711806885568745	cosine	8.0	4.0	0.0	0.03289758474798845	0.44082120393931895
-0.2840726288830762	cosine	8.0	4.0	8.0	0.36851386559504445	0.04767616394306396
-0.5980031625262208	cosine	8.0	4.0	8.0	0.20100756305184242	0.1814857225539041
0.14793705892154652	cosine	8.0	8.0	4.0	0.6365239496641677	0.0019835093942865535
-0.7260128695227622	cosine	8.0	8.0	4.0	0.06700252101728081	0.38085378504795675
2.0828724187070615	cosine	8.0	8.0	4.0	0.16750630254320203	0.22419615145873356
-0.15826891991142586	cosine	8.0	8.0	4.0	0.033501260508640406	0.4397434849390244
0.6619871131989232	cosine	8.0	0.0	4.0	0.09869275424396534	0.3275593850007441
-1.6881922240864888	cosine	8.0	4.0	8.0	0.26801008406912324	0.11257316160194203
1.552641639407978	cosine	8.0	4.0	8.0	0.10050378152592121	0.3246054073583539
1.2630244398068493	cosine	8.0	4.0	8.0	0.20100756305184242	0.1814857225539041
1.16660337879822	cosine	8.0	8.0	4.0	0.0	0.5
-0.06896377900000801	cosine	8.0	4.0	8.0	0.033501260508640406	0.4397434849390244
-0.21726015738048932	cosine	8.0	4.0	8.0	0.10050378152592121	0.3246054073583539
0.4420997082919424	cosine	8.0	4.0	8.0	0.033501260508640406	0.4397434849390244
-1.7247859045233236	cosine	8.0	8.0	4.0	0.06700252101728081	0.38085378504795675
1.4740953366446234	cosine	8.0	0.0	4.0	0.09869275424396534	0.3275593850007441
-0.6472002002914824	cosine	8.0	0.0	4.0	0.1315903389919538	0.27573794886251457
-0.1413326945379848	cosine	8.0	0.0	4.0	0.39477101697586137	0.03699704127429398
-0.023819707389515343	cosine	8.0	8.0	4.0	0.033501260508640406	0.4397434849390244
-1.3026431730298809	cosine	8.0	0.0	4.0	0.16448792373994225	0.22830592549268558
1.9502314199413409	cosine	8.0	0.0	4.0	0.0657951694959769	0.38293745122977874
-0.19762505130749572	cosine	8.0	0.0	4.0	0.3289758474798845	0.0682601490394303
1.441689692839345	cosine	8.0	8.0	4.0	0.06700252101728081	0.38085378504795675
-0.38028361298687996	cosine	8.0	4.0	8.0	0.06700252101728081	0.38085378504795675
1.4040984415535869	cosine	8.0	4.0	8.0	0.36851386559504445	0.04767616394306396
-1.3985809519994754	cosine	8.0	8.0	4.0	0.23450882356048283	0.14426833538783368
-0.3699161535927142	cosine	8.0	8.0	4.0	0.20100756305184242	0.1814857225539041
1.9214563628026984	cosine	8.0	4.0	8.0	0.033501260508640406	0.4397434849390244
0.9785790374208977	cosine	8.0	0.0	4.0	0.09869275424396534	0.3275593850007441
0.3300307367839502	cosine	8.0	4.0	8.0	0.10050378152592121	0.3246054073583539
0.9025531600207036	cosine	8.0	8.0	4.0	0.26801008406912324	0.11257316160194203
3.6886645906264284	cosine	8.0	4.0	8.0	0.06700252101728081	0.38085378504795675
0.49866841166416287	cosine	8.0	4.0	8.0	0.033501260508640406	0.4397434849390244
-0.5784736423900043	cosine	8.0	4.0	0.0	0.19738550848793068	0.18584158306669563
2.088953961900612	cosine	8.0	8.0	4.0	0.033501260508640406	0.4397434849390244
0.524319795309874	cosine	8.0	0.0	4.0	0.296078262731896	0.0901247100752523
0.8011425461439734	cosine	8.0	8.0	4.0	0.16750630254320203	0.22419615145873356
0.5882632633672772	cosine	8.0	4.0	0.0	0.296078262731896	0.0901247100752523
0.7052916000223853	cosine	8.0	4.0	8.0	0.13400504203456162	0.27209855448987996
0.18411387898451287	cosine	8.0	0.0	4.0	0.23028309323591914	0.14865659075244408
-1.4939454131186605	cosine	8.0	8.0	4.0	0.23450882356048283	0.14426833538783368
0.8515869385905631	cosine	8.0	4.0	0.0	0.23028309323591914	0.14865659075244408
0.845878548788469	cosine	8.0	4.0	0.0	0.0657951694959769	0.38293745122977874
-0.9885767458871935	cosine	8.0	8.0	4.0	0.13400504203456162	0.27209855448987996
-1.5743419121896303	cosine	8.0	0.0	4.0	0.23028309323591914	0.14865659075244408
1.1498677856441983	cosine	8.0	4.0	8.0	0.16750630254320203	0.22419615145873356
-1.4627554955548931	cosine	8.0	4.0	8.0	0.06700252101728081	0.38085378504795675
-1.7646078759521107	cosine	8.0	0.0	4.0	0.4605661864718383	0.01856076533880384
-0.5291237207521882	cosine	8.0	8.0	4.0	0.033501260508640406	0.4397434849390244
0.16688025476568452	cosine	8.0	8.0	4.0	0.20100756305184242	0.1814857225539041
-0.6681606358230016	cosine	8.0	8.0	4.0	0.26801008406912324	0.11257316160194203
0.17493198817540032	cosine	8.0	4.0	8.0	0.20100756305184242	0.1814857225539041
-0.564316326811053	cosine	8.0	4.0	8.0	0.06700252101728081	0.38085378504795675
0.5550331825597331	cosine	8.0	4.0	8.0	0.10050378152592121	0.3246054073583539
0.22103246357328316	cosine	8.0	0.0	4.0	0.23028309323591914	0.14865659075244408
-1.6768469823977292	cosine	8.0	4.0	8.0	0.40201512610368484	0.03442252599351862
0.9428249670429998	cosine	8.0	8.0	4.0	0.26801008406912324	0.11257316160194203
0.2728365868315605	cosine	8.0	8.0	4.0	0.10050378152592121	0.3246054073583539
-0.8958701844100687	cosine	8.0	8.0	4.0	0.5360201681382465	0.0076349509802290235
-1.2203449631988732	cosine	8.0	4.0	0.0	0.23028309323591914	0.14865659075244408
-1.7261882790105703	cosine	8.0	4.0	8.0	0.20100756305184242	0.1814857225539041
-1.2627585177068286	cosine	8.0	8.0	4.0	0.0	0.5
-1.2848382932211162	cosine	8.0	4.0	8.0	0.10050378152592121	0.3246054073583539
-0.07345085727736923	cosine	8.0	4.0	0.0	0.592156525463792	0.0036813837070469946
0.3537978018643439	cosine	8.0	4.0	8.0	0.20100756305184242	0.1814857225539041
-0.3775278278389936	cosine	8.0	4.0	0.0	0.23028309323591914	0.14865659075244408
1.2289013596608322	cosine	8.0	4.0	0.0	0.1315903389919538	0.27573794886251457
2.353943099256286	cosine	8.0	4.0	0.0	0.09869275424396534	0.3275593850007441
-0.5241975684636913	cosine	8.0	4.0	8.0	0.40201512610368484	0.03442252599351862
-0.14644603855786967	cosine	8.0	4.0	0.0	0.03289758474798845	0.44082120393931895
-1.1721391682490037	cosine	8.0	4.0	8.0	0.10050378152592121	0.3246054073583539
-0.22672603143926875	cosine	8.0	8.0	4.0	0.20100756305184242	0.1814857225539041
1.1389877696123425	cosine	8.0	8.0	4.0	0.26801008406912324	0.11257316160194203
-0.46471164386217867	cosine	8.0	8.0	4.0	0.36851386559504445	0.04767616394306396
1.4581404461825314	cosine	8.0	4.0	8.0	0.7370277311900889	0.00042552976512120783
-0.07877431509533342	cosine	8.0	0.0	4.0	0.0657951694959769	0.38293745122977874
0.4430378793590049	cosine	8.0	8.0	4.0	0.16750630254320203	0.22419615145873356
0.41359550072738105	cosine	8.0	8.0	4.0	0.23450882356048283	0.14426833538783368
-0.1241664027481186	cosine	8.0	0.0	4.0	0.19738550848793068	0.18584158306669563
0.7603950085226808	cosine	8.0	8.0	4.0	0.16750630254320203	0.22419615145873356
-0.1353617661427599	cosine	8.0	8.0	4.0	0.20100756305184242	0.1814857225539041
1.3382836870414805	cosine	8.0	4.0	8.0	0.46901764712096566	0.01689057007847118
0.5031873077345465	cosine	8.0	8.0	4.0	0.23450882356048283	0.14426833538783368
0.4223682347155043	cosine	8.0	0.0	4.0	0.23028309323591914	0.14865659075244408
0.6574445684780801	cosine	8.0	4.0	8.0	0.10050378152592121	0.3246054073583539
-0.5093266973682518	cosine	8.0	4.0	0.0	0.16448792373994225	0.22830592549268558
0.8675079577976176	cosine	8.0	4.0	8.0	0.10050378152592121	0.3246054073583539
-1.0375066695066653	cosine	8.0	4.0	8.0	0.13400504203456162	0.27209855448987996
0.6782959317412877	cosine	8.0	0.0	4.0	0.296078262731896	0.0901247100752523
0.6683256990791493	cosine	8.0	0.0	4.0	0.0657951694959769	0.38293745122977874
1.3259921006679138	cosine	8.0	8.0	4.0	0.16750630254320203	0.22419615145873356
0.8622201659500514	cosine	8.0	4.0	0.0	0.23028309323591914	0.14865659075244408
0.4150987671570454	cosine	8.0	8.0	4.0	0.033501260508640406	0.4397434849390244
2.488097120840626	cosine	8.0	8.0	4.0	0.06700252101728081	0.38085378504795675
0.09016053915029713	cosine	8.0	4.0	0.0	0.09869275424396534	0.3275593850007441
0.0969386973072308	cosine	8.0	4.0	0.0	0.19738550848793068	0.18584158306669563
-0.7154607000568288	cosine	8.0	8.0	4.0	0.20100756305184242	0.1814857225539041
0.15610484591115237	cosine	8.0	8.0	4.0	0.30151134457776363	0.08619310660327584
-0.8609526408224671	cosine	8.0	8.0	4.0	0.06700252101728081	0.38085378504795675
-0.8812624237874125	cosine	8.0	8.0	4.0	0.06700252101728081	0.38085378504795675
-0.4581291639491903	cosine	8.0	8.0	4.0	0.26801008406912324	0.11257316160194203
0.5085559593977721	cosine	8.0	4.0	8.0	0.13400504203456162	0.27209855448987996
0.5807197176030867	cosine	8.0	8.0	4.0	0.23450882356048283	0.14426833538783368
0.16269903138676145	cosine	8.0	8.0	4.0	0.40201512610368484	0.03442252599351862
-0.05796371955801359	cosine	8.0	4.0	8.0	0.10050378152592121	0.3246054073583539
1.191380753129558	cosine	8.0	4.0	8.0	0.033501260508640406	0.4397434849390244
1.594030947951544	cosine	8.0	8.0	4.0	0.13400504203456162	0.27209855448987996
0.3211654023705656	cosine	8.0	4.0	0.0	0.36187343222787294	0.05073562797633993
-0.05713028226809925	cosine	8.0	4.0	8.0	0.26801008406912324	0.11257316160194203
1.9900123285975733	cosine	8.0	8.0	4.0	0.10050378152592121	0.3246054073583539
-0.4159250666961663	cosine	8.0	4.0	0.0	0.16448792373994225	0.22830592549268558
1.0381635814073917	cosine	8.0	8.0	4.0	0.033501260508640406	0.4397434849390244
0.4760983309359804	cosine	8.0	4.0	8.0	0.36851386559504445	0.04767616394306396
-0.9966643853526725	cosine	8.0	8.0	4.0	0.30151134457776363	0.08619310660327584
-1.0854600495048252	cosine	8.0	4.0	0.0	0.03289758474798845	0.44082120393931895
-2.0420175542511507	cosine	8.0	8.0	4.0	0.06700252101728081	0.38085378504795675
1.151712876247705	cosine	8.0	4.0	8.0	0.6030226891555273	0.003174862914337789
1.170193895450193	cosine	8.0	8.0	4.0	0.20100756305184242	0.1814857225539041
0.03492020351186797	cosine	8.0	8.0	4.0	0.23450882356048283	0.14426833538783368
0.05261220587275827	cosine	8.0	8.0	4.0	0.23450882356048283	0.14426833538783368
-0.19017443067510506	cosine	8.0	8.0	4.0	0.23450882356048283	0.14426833538783368
1.664981492081366	cosine	8.0	4.0	8.0	0.26801008406912324	0.11257316160194203
1.5915383540427883	cosine	8.0	4.0	0.0	0.2631806779839076	0.11680717101068677
0.18255590801176708	cosine	8.0	8.0	4.0	0.46901764712096566	0.01689057007847118
-0.8751051298341451	cosine	8.0	0.0	4.0	0.16448792373994225	0.22830592549268558
-1.7702459620654447	cosine	8.0	8.0	4.0	0.40201512610368484	0.03442252599351862
0.8018373004662925	cosine	8.0	4.0	8.0	0.16750630254320203	0.22419615145873356
-0.6921304640790472	cosine	8.0	8.0	4.0	0.20100756305184242	0.1814857225539041
0.4234507850623312	cosine	8.0	8.0	4.0	0.06700252101728081	0.38085378504795675
-0.8027641110240276	cosine	8.0	4.0	0.0	0.16448792373994225	0.22830592549268558
-0.9217902281457891	cosine	8.0	4.0	0.0	0.16448792373994225	0.22830592549268558
-0.561083777661472	cosine	8.0	0.0	4.0	0.0657951694959769	0.38293745122977874
-1.3938405339849707	cosine	8.0	0.0	4.0	0.2631806779839076	0.11680717101068677
1.154336545543594	cosine	8.0	4.0	8.0	0.06700252101728081	0.38085378504795675
-0.8433809272138986	cosine	8.0	4.0	8.0	0.26801008406912324	0.11257316160194203
-0.7276478276319007	cosine	8.0	8.0	4.0	0.16750630254320203	0.22419615145873356
-0.32137792381463526	cosine	8.0	8.0	4.0	0.13400504203456162	0.27209855448987996
0.5915183148647613	cosine	8.0	4.0	0.0	0.03289758474798845	0.44082120393931895
0.22453892461599143	cosine	8.0	0.0	4.0	0.09869275424396534	0.3275593850007441
1.0835533761126268	cosine	8.0	4.0	8.0	0.06700252101728081	0.38085378504795675
1.0454609611391474	cosine	8.0	4.0	8.0	0.6700252101728081	0.0012131191275820915
1.03379715762373	cosine	8.0	4.0	8.0	0.10050378152592121	0.3246054073583539
0.7971033494143023	cosine	8.0	8.0	4.0	0.4355163866123253	0.024358800530983115
-0.6650630944512024	cosine	8.0	4.0	8.0	0.20100756305184242	0.1814857225539041
-0.5718936655397586	cosine	8.0	0.0	4.0	0.2631806779839076	0.11680717101068677
-1.6776263132610372	cosine	8.0	8.0	4.0	0.20100756305184242	0.1814857225539041
-1.7637695297721434	cosine	8.0	8.0	4.0	0.06700252101728081	0.38085378504795675
-0.7685652481633457	cosine	8.0	8.0	4.0	0.033501260508640406	0.4397434849390244
0.874516400902692	cosine	8.0	8.0	4.0	0.20100756305184242	0.1814857225539041
-1.8398068246670813	cosine	8.0	8.0	4.0	0.30151134457776363	0.08619310660327584
0.9042775820056788	cosine	8.0	0.0	4.0	0.16448792373994225	0.22830592549268558
1.0348594411057128	cosine	8.0	4.0	8.0	0.20100756305184242	0.1814857225539041
0.5643742622361401	cosine	8.0	4.0	8.0	0.13400504203456162	0.27209855448987996
-0.820500787112686	cosine	8.0	4.0	8.0	0.20100756305184242	0.1814857225539041
-0.42973248104913053	cosine	8.0	8.0	4.0	0.30151134457776363	0.08619310660327584
1.5263041199283363	cosine	8.0	4.0	0.0	0.0657951694959769	0.38293745122977874
1.8499759371359312	cosine	8.0	8.0	4.0	0.06700252101728081	0.38085378504795675
0.08904165865220716	cosine	8.0	4.0	0.0	0.3289758474798845	0.0682601490394303
-0.9665052579942797	cosine	8.0	8.0	4.0	0.16750630254320203	0.22419615145873356
-0.38506588595436647	cosine	8.0	8.0	4.0	0.10050378152592121	0.3246054073583539
-0.3554896966340858	cosine	8.0	8.0	4.0	0.5695214286468869	0.004975414949458076
0.9803501354758574	cosine	8.0	4.0	8.0	0.26801008406912324	0.11257316160194203
-0.3018453718089307	cosine	8.0	8.0	4.0	0.0	0.5
0.08475357414117074	cosine	8.0	4.0	8.0	0.20100756305184242	0.1814857225539041
-0.12166735458092166	cosine	8.0	0.0	4.0	0.19738550848793068	0.18584158306669563
0.6625029378010422	cosine	8.0	8.0	4.0	0.33501260508640407	0.0647348936883515
0.22576107884583346	cosine	8.0	4.0	8.0	0.33501260508640407	0.0647348936883515
0.9717997658186687	cosine	8.0	8.0	4.0	0.06700252101728081	0.38085378504795675
1.5083818228749093	cosine	8.0	4.0	8.0	0.502518907629606	0.011474155729315736
-0.9746364651878748	cosine	8.0	4.0	8.0	0.13400504203456162	0.27209855448987996
-0.3951536723974308	cosine	8.0	0.0	4.0	0.19738550848793068	0.18584158306669563
1.3003410412245746	cosine	8.0	0.0	4.0	0.16448792373994225	0.22830592549268558
-0.17164019747324963	cosine	8.0	8.0	4.0	0.33501260508640407	0.0647348936883515
-0.6195751484649874	cosine	8.0	4.0	8.0	0.33501260508640407	0.0647348936883515
-1.087082535670167	cosine	8.0	8.0	4.0	0.0	0.5
-0.3208096959948254	cosine	8.0	4.0	0.0	0.09869275424396534	0.3275593850007441
-1.5967687073027677	cosine	8.0	4.0	8.0	0.23450882356048283	0.14426833538783368
-0.5836842804886752	cosine	8.0	0.0	4.0	0.296078262731896	0.0901247100752523
-0.8904190850234099	cosine	8.0	8.0	4.0	0.502518907629606	0.011474155729315736
0.27095877394737	cosine	8.0	0.0	4.0	0.2631806779839076	0.11680717101068677
0.8672508607328595	cosine	8.0	4.0	8.0	0.20100756305184242	0.1814857225539041
0.8802136745276382	cosine	8.0	0.0	4.0	0.16448792373994225	0.22830592549268558
0.09281075249232894	cosine	8.0	4.0	0.0	0.657951694959769	0.0014518639985398399
-1.7010643024929493	cosine	8.0	8.0	4.0	0.10050378152592121	0.3246054073583539
0.1951079613542229	cosine	8.0	8.0	4.0	0.0	0.5
-0.674573358624771	cosine	8.0	4.0	8.0	0.10050378152592121	0.3246054073583539
2.353243542601392	cosine	8.0	4.0	0.0	0.1315903389919538	0.27573794886251457
-1.2597227622353988	cosine	8.0	8.0	4.0	0.5360201681382465	0.0076349509802290235
0.9286146851272483	cosine	8.0	4.0	0.0	0.03289758474798845	0.44082120393931895
-0.6223896363605977	cosine	8.0	4.0	8.0	0.33501260508640407	0.0647348936883515
0.37888447754663107	cosine	8.0	0.0	4.0	0.16448792373994225	0.22830592549268558
1.2106851950630637	cosine	8.0	4.0	8.0	0.16750630254320203	0.22419615145873356
1.618060377641518	cosine	8.0	8.0	4.0	0.0	0.5
-0.2717226562695054	cosine	8.0	4.0	0.0	0.3289758474798845	0.0682601490394303
2.3262429692648436	cosine	8.0	4.0	8.0	0.033501260508640406	0.4397434849390244
1.2424652307021657	cosine	8.0	4.0	8.0	0.33501260508640407	0.0647348936883515
0.17745997766476965	cosine	8.0	8.0	4.0	0.20100756305184242	0.1814857225539041
1.6841377362658363	cosine	8.0	4.0	8.0	0.36851386559504445	0.04767616394306396
-1.3846053616934133	cosine	8.0	0.0	4.0	0.09869275424396534	0.3275593850007441
0.38490052103385486	cosine	8.0	8.0	4.0	0.10050378152592121	0.3246054073583539
1.5367004264593567	cosine	8.0	4.0	8.0	0.033501260508640406	0.4397434849390244
0.7548457199109143	cosine	8.0	4.0	0.0	0.19738550848793068	0.18584158306669563
0.8865901673675383	cosine	8.0	4.0	8.0	0.033501260508640406	0.4397434849390244
0.9615216681515433	cosine	8.0	4.0	8.0	0.33501260508640407	0.0647348936883515
3.2362073746787394	cosine	8.0	0.0	4.0	0.39477101697586137	0.03699704127429398
1.4871905139756578	cosine	8.0	8.0	4.0	0.23450882356048283	0.14426833538783368
0.5437705172975139	cosine	8.0	4.0	8.0	0.20100756305184242	0.1814857225539041
0.8089254055781543	cosine	8.0	8.0	4.0	0.033501260508640406	0.4397434849390244
-0.5808175348240106	cosine	8.0	4.0	8.0	0.26801008406912324	0.11257316160194203
-0.8310499263648089	cosine	8.0	4.0	0.0	0.0657951694959769	0.38293745122977874
1.395474881696647	cosine	8.0	4.0	8.0	0.033501260508640406	0.4397434849390244
-0.24030229174701967	cosine	8.0	8.0	4.0	0.16750630254320203	0.22419615145873356
-0.5716546236834898	cosine	8.0	8.0	4.0	0.20100756305184242	0.1814857225539041
3.061706663507331	cosine	8.0	8.0	4.0	0.23450882356048283	0.14426833538783368
-1.514368825117458	cosine	8.0	4.0	8.0	0.36851386559504445	0.04767616394306396
-0.1348100306433951	cosine	8.0	4.0	0.0	0.23028309323591914	0.14865659075244408
1.861862546193426	cosine	8.0	4.0	8.0	0.23450882356048283	0.14426833538783368
-0.7122391909712565	cosine	8.0	4.0	0.0	0.23028309323591914	0.14865659075244408
-1.3762514552507363	cosine	8.0	4.0	0.0	0.23028309323591914	0.14865659075244408
0.876543308177256	cosine	8.0	4.0	0.0	0.09869275424396534	0.3275593850007441
1.0104381719243354	cosine	8.0	4.0	0.0	0.1315903389919538	0.27573794886251457
-3.4275679113659927	cosine	8.0	8.0	4.0	0.36851386559504445	0.04767616394306396
0.5150881198839933	cosine	8.0	0.0	4.0	0.03289758474798845	0.44082120393931895
0.7954769401230048	cosine	8.0	8.0	4.0	0.0	0.5
-0.3344176776536133	cosine	8.0	4.0	8.0	0.20100756305184242	0.1814857225539041
-0.7983288264713785	cosine	8.0	8.0	4.0	0.10050378152592121	0.3246054073583539
0.5958562382538516	cosine	8.0	8.0	4.0	0.46901764712096566	0.01689057007847118
-1.8928963469256124	cosine	8.0	8.0	4.0	0.16750630254320203	0.22419615145873356
0.4533763915096853	cosine	8.0	4.0	8.0	0.20100756305184242	0.1814857225539041
0.03849619821085723	cosine	8.0	4.0	0.0	0.16448792373994225	0.22830592549268558
-1.4948787737249492	cosine	8.0	8.0	4.0	0.10050378152592121	0.3246054073583539
0.5599914380784977	cosine	8.0	8.0	4.0	0.06700252101728081	0.38085378504795675
-0.4075796919918485	cosine	8.0	4.0	8.0	0.36851386559504445	0.04767616394306396
0.5994139768831297	cosine	8.0	4.0	0.0	0.0657951694959769	0.38293745122977874
-0.4498153954273487	cosine	8.0	8.0	4.0	0.16750630254320203	0.22419615145873356
-0.38805059595605307	cosine	8.0	8.0	4.0	0.10050378152592121	0.3246054073583539
0.1809935102213728	cosine	8.0	4.0	0.0	0.296078262731896	0.0901247100752523
0.5960302377552065	cosine	8.0	4.0	8.0	0.46901764712096566	0.01689057007847118
-0.8680810971176698	cosine	8.0	8.0	4.0	0.16750630254320203	0.22419615145873356
0.3341488287706582	cosine	8.0	0.0	4.0	0.03289758474798845	0.44082120393931895
-1.3371893531877317	cosine	8.0	4.0	8.0	0.20100756305184242	0.1814857225539041
-0.34201426102635635	cosine	8.0	8.0	4.0	0.26801008406912324	0.11257316160194203
2.835402994531922	cosine	8.0	0.0	4.0	0.09869275424396534	0.3275593850007441
-0.5493453548391749	cosine	8.0	8.0	4.0	0.23450882356048283	0.14426833538783368
0.5341863152980871	cosine	8.0	4.0	8.0	0.10050378152592121	0.3246054073583539
2.3979140875237848	cosine	8.0	4.0	0.0	0.4605661864718383	0.01856076533880384
0.14885330420209425	cosine	8.0	4.0	8.0	0.26801008406912324	0.11257316160194203
-1.348968682901129	cosine	8.0	4.0	8.0	0.13400504203456162	0.27209855448987996
-1.0375587278331495	cosine	8.0	0.0	4.0	0.19738550848793068	0.18584158306669563
-0.22788889291726327	cosine	8.0	8.0	4.0	0.16750630254320203	0.22419615145873356
-1.036273695736132	cosine	8.0	8.0	4.0	0.13400504203456162	0.27209855448987996
1.8806883810435153	cosine	8.0	8.0	4.0	0.20100756305184242	0.1814857225539041
0.8154188166509121	cosine	8.0	8.0	4.0	0.06700252101728081	0.38085378504795675
0.23024455962966067	cosine	8.0	4.0	8.0	0.033501260508640406	0.4397434849390244
-0.6855393656091802	cosine	8.0	8.0	4.0	0.06700252101728081	0.38085378504795675
0.6670781053977487	cosine	8.0	8.0	4.0	0.26801008406912324	0.11257316160194203
-1.1717057180678387	cosine	8.0	4.0	0.0	0.09869275424396534	0.3275593850007441
1.4152447269211472	cosine	8.0	8.0	4.0	0.13400504203456162	0.27209855448987996
1.0424594240500484	cosine	8.0	0.0	4.0	0.19738550848793068	0.18584158306669563
1.1915681389830655	cosine	8.0	8.0	4.0	0.10050378152592121	0.3246054073583539
0.8589217925117398	cosine	8.0	0.0	4.0	0.1315903389919538	0.27573794886251457
0.07207516116025835	cosine	8.0	0.0	4.0	0.23028309323591914	0.14865659075244408
0.5829433756976903	cosine	8.0	0.0	4.0	0.09869275424396534	0.3275593850007441
0.45767130041641385	cosine	8.0	4.0	8.0	0.06700252101728081	0.38085378504795675
-0.5865322335251163	cosine	8.0	4.0	8.0	0.23450882356048283	0.14426833538783368
-0.29779241093333547	cosine	8.0	4.0	8.0	0.13400504203456162	0.27209855448987996
-1.4976234148995373	cosine	8.0	4.0	8.0	0.033501260508640406	0.4397434849390244
0.44743448118846213	cosine	8.0	8.0	4.0	0.13400504203456162	0.27209855448987996
1.1607250023712055	cosine	8.0	8.0	4.0	0.4355163866123253	0.024358800530983115
0.06107104983348339	cosine	8.0	4.0	8.0	0.26801008406912324	0.11257316160194203
0.009715378379127136	cosine	8.0	0.0	4.0	0.19738550848793068	0.18584158306669563
-0.9010477353644227	cosine	8.0	4.0	8.0	0.5360201681382465	0.0076349509802290235
0.6720087110272052	cosine	8.0	8.0	4.0	0.4355163866123253	0.024358800530983115
-1.6067142707355977	cosine	8.0	8.0	4.0	0.23450882356048283	0.14426833538783368
-1.8069851844510967	cosine	8.0	4.0	8.0	0.23450882356048283	0.14426833538783368
-1.4276656456576793	cosine	8.0	8.0	4.0	0.033501260508640406	0.4397434849390244
0.017867504526318193	cosine	8.0	8.0	4.0	0.33501260508640407	0.0647348936883515
-0.36353391221879405	cosine	8.0	0.0	4.0	0.16448792373994225	0.22830592549268558
-0.11735527105103283	cosine	8.0	4.0	8.0	0.10050378152592121	0.3246054073583539
0.8625909681499155	cosine	8.0	8.0	4.0	0.36851386559504445	0.04767616394306396
-1.7320210052675307	cosine	8.0	0.0	4.0	0.4934637712198267	0.01276417380034623
-1.1995885951596468	cosine	8.0	4.0	0.0	0.03289758474798845	0.44082120393931895
1.240319238061726	cosine	8.0	0.0	4.0	0.296078262731896	0.0901247100752523
-0.7117054710783085	cosine	8.0	8.0	4.0	0.13400504203456162	0.27209855448987996
-0.14924208016492663	cosine	8.0	0.0	4.0	0.3289758474798845	0.0682601490394303
-2.367323736573759	cosine	8.0	8.0	4.0	0.30151134457776363	0.08619310660327584
1.7885213634645567	cosine	8.0	4.0	8.0	0.033501260508640406	0.4397434849390244
0.5517702288314148	cosine	8.0	4.0	0.0	0.09869275424396534	0.3275593850007441
-0.7000738590623279	cosine	8.0	4.0	8.0	0.20100756305184242	0.1814857225539041
1.1598599224083728	cosine	8.0	4.0	0.0	0.09869275424396534	0.3275593850007441
0.9893771848312296	cosine	8.0	4.0	8.0	0.502518907629606	0.011474155729315736
-0.32243869053526186	cosine	8.0	8.0	4.0	0.20100756305184242	0.1814857225539041
-1.3057724559137496	cosine	8.0	4.0	0.0	0.09869275424396534	0.3275593850007441
-1.2853943406273687	cosine	8.0	4.0	0.0	0.03289758474798845	0.44082120393931895
1.2017089186251075	cosine	8.0	8.0	4.0	0.23450882356048283	0.14426833538783368
0.3140478077201997	cosine	8.0	8.0	4.0	0.06700252101728081	0.38085378504795675
0.03498983988222927	cosine	8.0	8.0	4.0	0.46901764712096566	0.01689057007847118
0.05847621238964777	cosine	8.0	8.0	4.0	0.23450882356048283	0.14426833538783368
-0.9410634684608506	cosine	8.0	8.0	4.0	0.30151134457776363	0.08619310660327584
0.9044970747105139	cosine	8.0	0.0	4.0	0.0657951694959769	0.38293745122977874
-1.0922091189904715	cosine	8.0	8.0	4.0	0.13400504203456162	0.27209855448987996
1.2399926108792396	cosine	8.0	4.0	0.0	0.3289758474798845	0.0682601490394303
0.5167640816247335	cosine	8.0	4.0	8.0	0.033501260508640406	0.4397434849390244
0.9071917422060227	cosine	8.0	8.0	4.0	0.40201512610368484	0.03442252599351862
1.1246169758541922	cosine	8.0	8.0	4.0	0.033501260508640406	0.4397434849390244
-0.9585326400350889	cosine	8.0	0.0	4.0	0.1315903389919538	0.27573794886251457
-0.8018498247720912	cosine	8.0	4.0	8.0	0.13400504203456162	0.27209855448987996
-0.4441316753573951	cosine	8.0	8.0	4.0	0.06700252101728081	0.38085378504795675
-1.0407425772512071	cosine	8.0	8.0	4.0	0.30151134457776363	0.08619310660327584
0.7094591021844047	cosine	8.0	4.0	0.0	0.5263613559678152	0.008604775407453868
-0.5010065791815528	cosine	8.0	4.0	0.0	0.0657951694959769	0.38293745122977874
-1.3070392042601635	cosine	8.0	8.0	4.0	0.23450882356048283	0.14426833538783368
0.015232146783034525	cosine	8.0	0.0	4.0	0.2631806779839076	0.11680717101068677
-0.7743341272643696	cosine	8.0	8.0	4.0	0.16750630254320203	0.22419615145873356
-0.7148923505370731	cosine	8.0	0.0	4.0	0.4605661864718383	0.01856076533880384
-0.30700280569988436	cosine	8.0	0.0	4.0	0.03289758474798845	0.44082120393931895
0.8707780044999499	cosine	8.0	0.0	4.0	0.1315903389919538	0.27573794886251457
0.31531935302378766	cosine	8.0	4.0	8.0	0.13400504203456162	0.27209855448987996
1.6663052891068764	cosine	8.0	8.0	4.0	0.033501260508640406	0.4397434849390244
0.3026456783580773	cosine	8.0	4.0	0.0	0.09869275424396534	0.3275593850007441
0.022823722066924092	cosine	8.0	0.0	4.0	0.0657951694959769	0.38293745122977874
0.011175398421381199	cosine	8.0	8.0	4.0	0.10050378152592121	0.3246054073583539
-1.567407990123479	cosine	8.0	4.0	8.0	0.4355163866123253	0.024358800530983115
-0.9947627910054307	cosine	8.0	8.0	4.0	0.46901764712096566	0.01689057007847118
-0.3008906027061169	cosine	8.0	8.0	4.0	0.033501260508640406	0.4397434849390244
-0.3168048513134758	cosine	8.0	8.0	4.0	0.06700252101728081	0.38085378504795675
0.2526165721476906	cosine	8.0	4.0	8.0	0.13400504203456162	0.27209855448987996
0.4798159995049951	cosine	8.0	4.0	0.0	0.4605661864718383	0.01856076533880384
0.1289563078262005	cosine	8.0	4.0	8.0	0.06700252101728081	0.38085378504795675
0.8786336815764081	cosine	8.0	4.0	8.0	0.20100756305184242	0.1814857225539041
1.0654321286849138	cosine	8.0	8.0	4.0	0.26801008406912324	0.11257316160194203
1.4235057336035766	cosine	8.0	4.0	8.0	0.30151134457776363	0.08619310660327584
-1.3481827499315409	cosine	8.0	8.0	4.0	0.26801008406912324	0.11257316160194203
-1.9500680193524191	cosine	8.0	4.0	0.0	0.03289758474798845	0.44082120393931895
-1.0445408673159642	cosine	8.0	8.0	4.0	0.033501260508640406	0.4397434849390244
1.0158805117687235	cosine	8.0	0.0	4.0	0.09869275424396534	0.3275593850007441
-1.4010752362887955	cosine	8.0	4.0	8.0	0.20100756305184242	0.1814857225539041
-1.3660844052892496	cosine	8.0	0.0	4.0	0.1315903389919538	0.27573794886251457
0.499954619816206	cosine	8.0	0.0	4.0	0.03289758474798845	0.44082120393931895
-0.5550196206249266	cosine	8.0	4.0	8.0	0.33501260508640407	0.0647348936883515
0.013903049620282855	cosine	8.0	8.0	4.0	0.23450882356048283	0.14426833538783368
-0.529286808910749	cosine	8.0	4.0	8.0	0.16750630254320203	0.22419615145873356
-1.073225150231118	cosine	8.0	0.0	4.0	0.19738550848793068	0.18584158306669563
1.7486756642939534	cosine	8.0	4.0	8.0	0.16750630254320203	0.22419615145873356
-1.479395150994143	cosine	8.0	4.0	8.0	0.30151134457776363	0.08619310660327584
1.241562213475479	cosine	8.0	4.0	0.0	0.1315903389919538	0.27573794886251457
0.514048443792544	cosine	8.0	8.0	4.0	0.23450882356048283	0.14426833538783368
-0.16420344111611654	cosine	8.0	0.0	4.0	0.19738550848793068	0.18584158306669563
0.17119093263718646	cosine	8.0	8.0	4.0	0.4355163866123253	0.024358800530983115
0.2697465000552377	cosine	8.0	4.0	8.0	0.10050378152592121	0.3246054073583539
0.4604268255895498	cosine	8.0	4.0	8.0	0.36851386559504445	0.04767616394306396
-0.15973475673842052	cosine	8.0	8.0	4.0	0.30151134457776363	0.08619310660327584
0.32188396281738807	cosine	8.0	8.0	4.0	0.06700252101728081	0.38085378504795675
-0.7647482109490902	cosine	8.0	4.0	8.0	0.06700252101728081	0.38085378504795675
0.060985252722972824	cosine	8.0	4.0	8.0	0.46901764712096566	0.01689057007847118
0.8790375942503652	cosine	8.0	8.0	4.0	0.20100756305184242	0.1814857225539041
0.014561446888374796	cosine	8.0	4.0	8.0	0.033501260508640406	0.4397434849390244
0.35234974023203314	cosine	8.0	0.0	4.0	0.0657951694959769	0.38293745122977874
0.5060051245825112	cosine	8.0	4.0	8.0	0.26801008406912324	0.11257316160194203
-0.9897566555800498	cosine	8.0	8.0	4.0	0.36851386559504445	0.04767616394306396
-1.1356827781070966	cosine	8.0	4.0	0.0	0.23028309323591914	0.14865659075244408
-0.9291454554784764	cosine	8.0	8.0	4.0	0.10050378152592121	0.3246054073583539
0.17181978075312268	cosine	8.0	4.0	0.0	0.23028309323591914	0.14865659075244408
2.8196798148078956	cosine	8.0	4.0	8.0	0.30151134457776363	0.08619310660327584
-0.013478175350775095	cosine	8.0	4.0	0.0	0.2631806779839076	0.11680717101068677
1.4964819692485425	cosine	8.0	0.0	4.0	0.23028309323591914	0.14865659075244408
0.8695256098453776	cosine	8.0	0.0	4.0	0.16448792373994225	0.22830592549268558
-1.3272807529469746	cosine	8.0	4.0	8.0	0.06700252101728081	0.38085378504795675
-1.394002507662396	cosine	8.0	4.0	0.0	0.39477101697586137	0.03699704127429398
-0.1678332790130412	cosine	8.0	4.0	0.0	0.03289758474798845	0.44082120393931895
-0.6565004733328318	cosine	8.0	0.0	4.0	0.39477101697586137	0.03699704127429398
0.6222563834180814	cosine	8.0	4.0	8.0	0.36851386559504445	0.04767616394306396
0.5523803228557389	cosine	8.0	0.0	4.0	0.42766860172384985	0.02646218884554873
-0.8688161207227032	cosine	8.0	4.0	0.0	0.2631806779839076	0.11680717101068677
-1.924347148863898	cosine	8.0	8.0	4.0	0.13400504203456162	0.27209855448987996
-2.159929944372938	cosine	8.0	4.0	0.0	0.39477101697586137	0.03699704127429398
0.29116142841080017	cosine	8.0	8.0	4.0	0.06700252101728081	0.38085378504795675
0.9284001055005376	cosine	8.0	0.0	4.0	0.0657951694959769	0.38293745122977874
-0.759770509453089	cosine	8.0	8.0	4.0	0.06700252101728081	0.38085378504795675
-1.5841323347025977	cosine	8.0	4.0	0.0	0.0657951694959769	0.38293745122977874
-0.7184796269008025	cosine	8.0	4.0	0.0	0.1315903389919538	0.27573794886251457
-0.7358004603419444	cosine	8.0	4.0	8.0	0.36851386559504445	0.04767616394306396
0.5309578673897014	cosine	8.0	8.0	4.0	0.13400504203456162	0.27209855448987996
-1.0514532576962838	cosine	8.0	4.0	8.0	0.033501260508640406	0.4397434849390244
0.2766314575901667	cosine	8.0	0.0	4.0	0.39477101697586137	0.03699704127429398
-0.030434772016585464	cosine	8.0	8.0	4.0	0.26801008406912324	0.11257316160194203
0.8316869000163752	cosine	8.0	8.0	4.0	0.06700252101728081	0.38085378504795675
0.4623529850728147	cosine	8.0	4.0	0.0	0.23028309323591914	0.14865659075244408
-0.5821071066384543	cosine	8.0	4.0	0.0	0.19738550848793068	0.18584158306669563
-1.5990224777381843	cosine	8.0	0.0	4.0	0.0657951694959769	0.38293745122977874
0.07265991440887332	cosine	8.0	0.0	4.0	0.5592589407158036	0.005685474982156306
0.536414075576554	cosine	8.0	8.0	4.0	0.26801008406912324	0.11257316160194203
-1.7586811075809277	cosine	8.0	8.0	4.0	0.10050378152592121	0.3246054073583539
-3.372079291028402	cosine	8.0	4.0	8.0	0.10050378152592121	0.3246054073583539
-0.48705688917478	cosine	8.0	8.0	4.0	0.13400504203456162	0.27209855448987996
0.8489868866796609	cosine	8.0	4.0	8.0	0.40201512610368484	0.03442252599351862
-2.065205008993938	cosine	8.0	8.0	4.0	0.13400504203456162	0.27209855448987996
-0.8649363890379264	cosine	8.0	4.0	8.0	0.033501260508640406	0.4397434849390244
-0.29190011617655287	cosine	8.0	8.0	4.0	0.16750630254320203	0.22419615145873356
-0.36025813488708486	cosine	8.0	4.0	8.0	0.13400504203456162	0.27209855448987996
0.9526347585862411	cosine	8.0	8.0	4.0	0.16750630254320203	0.22419615145873356
0.7347471650097234	cosine	8.0	0.0	4.0	0.16448792373994225	0.22830592549268558
-0.8580835150096554	cosine	8.0	8.0	4.0	0.33501260508640407	0.0647348936883515
-0.9904040139033189	cosine	8.0	4.0	8.0	0.26801008406912324	0.11257316160194203
0.705796244680298	cosine	8.0	8.0	4.0	0.502518907629606	0.011474155729315736
-1.515834720300556	cosine	8.0	0.0	4.0	0.2631806779839076	0.11680717101068677
0.26538916834417353	cosine	8.0	8.0	4.0	0.0	0.5
-0.37554969835702695	cosine	8.0	8.0	4.0	0.4355163866123253	0.024358800530983115
0.1952441000953778	cosine	8.0	0.0	4.0	0.19738550848793068	0.18584158306669563
-0.419647009858642	cosine	8.0	8.0	4.0	0.16750630254320203	0.22419615145873356
-0.5249952542996363	cosine	8.0	4.0	8.0	0.06700252101728081	0.38085378504795675
-1.5956391894568118	cosine	8.0	0.0	4.0	0.39477101697586137	0.03699704127429398
0.5055376685104007	cosine	8.0	8.0	4.0	0.23450882356048283	0.14426833538783368
-0.6870504797569242	cosine	8.0	4.0	8.0	0.20100756305184242	0.1814857225539041
-0.7881614146655822	cosine	8.0	4.0	0.0	0.16448792373994225	0.22830592549268558
0.3890825647955478	cosine	8.0	0.0	4.0	0.2631806779839076	0.11680717101068677
1.315001649427908	cosine	8.0	0.0	4.0	0.1315903389919538	0.27573794886251457
1.0663166110659523	cosine	8.0	8.0	4.0	0.033501260508640406	0.4397434849390244
-0.1574259344754137	cosine	8.0	0.0	4.0	0.03289758474798845	0.44082120393931895
-0.1336776363923373	cosine	8.0	4.0	0.0	0.4934637712198267	0.01276417380034623
1.429509049143155	cosine	8.0	8.0	4.0	0.40201512610368484	0.03442252599351862
-2.09564161283942	cosine	8.0	4.0	8.0	0.26801008406912324	0.11257316160194203
1.5577457177051093	cosine	8.0	4.0	8.0	0.10050378152592121	0.3246054073583539
1.0090387558307636	cosine	8.0	4.0	0.0	0.0657951694959769	0.38293745122977874
-0.14422277376572334	cosine	8.0	8.0	4.0	0.06700252101728081	0.38085378504795675
-0.7138867273267722	cosine	8.0	8.0	4.0	0.16750630254320203	0.22419615145873356
1.4222219282225734	cosine	8.0	0.0	4.0	0.3289758474798845	0.0682601490394303
-0.4831196917481357	cosine	8.0	4.0	8.0	0.26801008406912324	0.11257316160194203
0.2091035333649953	cosine	8.0	0.0	4.0	0.39477101697586137	0.03699704127429398
1.986431717655031	cosine	8.0	8.0	4.0	0.06700252101728081	0.38085378504795675
2.132270218270315	cosine	8.0	0.0	4.0	0.2631806779839076	0.11680717101068677
0.9896408517505602	cosine	8.0	4.0	8.0	0.33501260508640407	0.0647348936883515
-0.2340036553121542	cosine	8.0	0.0	4.0	0.09869275424396534	0.3275593850007441
1.868089254230172	cosine	8.0	4.0	8.0	0.26801008406912324	0.11257316160194203
1.0498315706279227	cosine	8.0	8.0	4.0	0.46901764712096566	0.01689057007847118
-0.004004644861460613	cosine	8.0	4.0	8.0	0.30151134457776363	0.08619310660327584
-0.3083739520493326	cosine	8.0	8.0	4.0	0.30151134457776363	0.08619310660327584
0.6748438433362476	cosine	8.0	4.0	0.0	0.09869275424396534	0.3275593850007441
0.5563393917762182	cosine	8.0	4.0	0.0	0.23028309323591914	0.14865659075244408
0.7491428873544917	cosine	8.0	8.0	4.0	0.20100756305184242	0.1814857225539041
-0.7812736714356472	cosine	8.0	4.0	8.0	0.40201512610368484	0.03442252599351862
-1.167117445647254	cosine	8.0	4.0	8.0	0.033501260508640406	0.4397434849390244
0.7794311275546494	cosine	8.0	4.0	8.0	0.06700252101728081	0.38085378504795675
-0.5291418103577974	cosine	8.0	0.0	4.0	0.36187343222787294	0.05073562797633993
0.35644856485320037	cosine	8.0	4.0	0.0	0.19738550848793068	0.18584158306669563
-0.29489735598738037	cosine	8.0	0.0	4.0	0.09869275424396534	0.3275593850007441
-0.7117027248589769	cosine	8.0	4.0	8.0	0.33501260508640407	0.0647348936883515
0.9770914950115246	cosine	8.0	8.0	4.0	0.06700252101728081	0.38085378504795675
-2.113411844684753	cosine	8.0	8.0	4.0	0.10050378152592121	0.3246054073583539
0.6016860417923283	cosine	8.0	0.0	4.0	0.03289758474798845	0.44082120393931895
0.31728401443931725	cosine	8.0	8.0	4.0	0.16750630254320203	0.22419615145873356
0.8000025743024329	cosine	8.0	0.0	4.0	0.23028309323591914	0.14865659075244408
0.006585237525158794	cosine	8.0	0.0	4.0	0.19738550848793068	0.18584158306669563
-0.4519873115362211	cosine	8.0	4.0	0.0	0.296078262731896	0.0901247100752523
0.9381573599785779	cosine	8.0	8.0	4.0	0.033501260508640406	0.4397434849390244
0.6470121952153642	cosine	8.0	4.0	8.0	0.4355163866123253	0.024358800530983115
0.5294304409082556	cosine	8.0	4.0	0.0	0.5592589407158036	0.005685474982156306
0.911605183382294	cosine	8.0	4.0	8.0	0.033501260508640406	0.4397434849390244
-1.50175902733044	cosine	8.0	8.0	4.0	0.20100756305184242	0.1814857225539041
0.7531739215325747	cosine	8.0	4.0	8.0	0.5695214286468869	0.004975414949458076
-0.12973202188110547	cosine	8.0	4.0	0.0	0.03289758474798845	0.44082120393931895
-0.05114947834229624	cosine	8.0	0.0	4.0	0.296078262731896	0.0901247100752523
0.9984117630540021	cosine	8.0	8.0	4.0	0.033501260508640406	0.4397434849390244
1.096395263631235	cosine	8.0	0.0	4.0	0.09869275424396534	0.3275593850007441
-0.5722743470768306	cosine	8.0	4.0	8.0	0.10050378152592121	0.3246054073583539
0.024761631550080827	cosine	8.0	0.0	4.0	0.19738550848793068	0.18584158306669563
-0.6996519215801175	cosine	8.0	4.0	0.0	0.2631806779839076	0.11680717101068677
-0.34310524185165664	cosine	8.0	4.0	8.0	0.033501260508640406	0.4397434849390244
-0.0753442640552158	cosine	8.0	4.0	8.0	0.16750630254320203	0.22419615145873356
-1.5060495699685812	cosine	8.0	4.0	8.0	0.10050378152592121	0.3246054073583539
-2.065238131511161	cosine	8.0	4.0	0.0	0.0657951694959769	0.38293745122977874
0.7707335751070526	cosine	8.0	4.0	8.0	0.13400504203456162	0.27209855448987996
-0.344027118537629	cosine	8.0	4.0	0.0	0.1315903389919538	0.27573794886251457
-0.43301314325697066	cosine	8.0	0.0	4.0	0.03289758474798845	0.44082120393931895
-0.09517765672793509	cosine	8.0	4.0	0.0	0.4605661864718383	0.01856076533880384
-0.26009947913390513	cosine	8.0	4.0	8.0	0.06700252101728081	0.38085378504795675
0.023466788480677226	cosine	8.0	8.0	4.0	0.06700252101728081	0.38085378504795675
0.5346571707254522	cosine	8.0	4.0	8.0	0.033501260508640406	0.4397434849390244
1.2209805136335048	cosine	8.0	4.0	8.0	0.40201512610368484	0.03442252599351862
-1.2275711967513863	cosine	8.0	4.0	0.0	0.03289758474798845	0.44082120393931895
0.8593845046221655	cosine	8.0	4.0	8.0	0.16750630254320203	0.22419615145873356
0.004716648882646598	cosine	8.0	8.0	4.0	0.10050378152592121	0.3246054073583539
-1.2906498250058742	cosine	8.0	4.0	8.0	0.36851386559504445	0.04767616394306396
0.21513703566506567	cosine	8.0	8.0	4.0	0.33501260508640407	0.0647348936883515
-0.21849391953722436	cosine	8.0	8.0	4.0	0.13400504203456162	0.27209855448987996
0.8658499115696288	cosine	8.0	4.0	8.0	0.13400504203456162	0.27209855448987996
-0.8530808153079141	cosine	8.0	8.0	4.0	0.23450882356048283	0.14426833538783368
-0.3054907028349082	cosine	8.0	8.0	4.0	0.20100756305184242	0.1814857225539041
-1.430210800848106	cosine	8.0	4.0	8.0	0.16750630254320203	0.22419615145873356
0.7730926104089905	cosine	8.0	4.0	0.0	0.0657951694959769	0.38293745122977874
1.0729529764475056	cosine	8.0	4.0	8.0	0.10050378152592121	0.3246054073583539
0.7589341233120536	cosine	8.0	8.0	4.0	0.06700252101728081	0.38085378504795675
-0.11551572791398354	cosine	8.0	4.0	0.0	0.23028309323591914	0.14865659075244408
-1.3662266912505239	cosine	8.0	8.0	4.0	0.16750630254320203	0.22419615145873356
-0.5729920626565219	cosine	8.0	4.0	0.0	0.16448792373994225	0.22830592549268558
-1.8894242245449753	cosine	8.0	4.0	8.0	0.06700252101728081	0.38085378504795675
-0.48010582767300314	cosine	8.0	4.0	8.0	0.26801008406912324	0.11257316160194203
-0.418742964245775	cosine	8.0	4.0	8.0	0.40201512610368484	0.03442252599351862
-0.858118524065627	cosine	8.0	4.0	8.0	0.10050378152592121	0.3246054073583539
-0.041515408189070305	cosine	8.0	4.0	8.0	0.033501260508640406	0.4397434849390244
1.874679022509052	cosine	8.0	4.0	8.0	0.4355163866123253	0.024358800530983115
1.7406378057876266	cosine	8.0	0.0	4.0	0.16448792373994225	0.22830592549268558
-1.0172583971838653	cosine	8.0	4.0	8.0	0.26801008406912324	0.11257316160194203
1.759447232476517	cosine	8.0	4.0	0.0	0.0657951694959769	0.38293745122977874
-0.8468271017750201	cosine	8.0	8.0	4.0	0.33501260508640407	0.0647348936883515
-0.7408981418621727	cosine	8.0	4.0	8.0	0.10050378152592121	0.3246054073583539
2.6695272436694615	cosine	8.0	0.0	4.0	0.296078262731896	0.0901247100752523
0.5743705584113376	cosine	8.0	8.0	4.0	0.4355163866123253	0.024358800530983115
-1.395960504869899	cosine	8.0	4.0	0.0	0.0657951694959769	0.38293745122977874
0.5878783487960629	cosine	8.0	4.0	8.0	0.30151134457776363	0.08619310660327584
-0.30396547702985427	cosine	8.0	4.0	8.0	0.10050378152592121	0.3246054073583539
-2.260223137366608	cosine	8.0	0.0	4.0	0.19738550848793068	0.18584158306669563
-0.6598230222084318	cosine	8.0	8.0	4.0	0.20100756305184242	0.1814857225539041
-0.6862975568405908	cosine	8.0	8.0	4.0	0.20100756305184242	0.1814857225539041
-0.4596927919518822	cosine	8.0	4.0	8.0	0.33501260508640407	0.0647348936883515
-0.2492263529538125	cosine	8.0	4.0	0.0	0.296078262731896	0.0901247100752523
2.059740774857868	cosine	8.0	0.0	4.0	0.19738550848793068	0.18584158306669563
-0.1046110507584292	cosine	8.0	4.0	8.0	0.10050378152592121	0.3246054073583539
-0.4752382324512916	cosine	8.0	0.0	4.0	0.3289758474798845	0.0682601490394303
-1.2640206461772052	cosine	8.0	8.0	4.0	0.40201512610368484	0.03442252599351862
0.3262267315493867	cosine	8.0	8.0	4.0	0.06700252101728081	0.38085378504795675
-0.7445954377751866	cosine	8.0	0.0	4.0	0.39477101697586137	0.03699704127429398
0.4422057177227282	cosine	8.0	0.0	4.0	0.1315903389919538	0.27573794886251457
1.4743768367097652	cosine	8.0	4.0	8.0	0.16750630254320203	0.22419615145873356
1.2785168118233943	cosine	8.0	4.0	8.0	0.10050378152592121	0.3246054073583539
-0.056443127727703095	cosine	8.0	0.0	4.0	0.03289758474798845	0.44082120393931895
-1.651299992693337	cosine	8.0	0.0	4.0	0.36187343222787294	0.05073562797633993
-0.6779115696598214	cosine	8.0	8.0	4.0	0.20100756305184242	0.1814857225539041
0.5861199029313828	cosine	8.0	4.0	8.0	0.20100756305184242	0.1814857225539041
0.13547170827184746	cosine	8.0	8.0	4.0	0.13400504203456162	0.27209855448987996
-0.4657825286722199	cosine	8.0	0.0	4.0	0.1315903389919538	0.27573794886251457
2.5425612822211923	cosine	8.0	4.0	0.0	0.3289758474798845	0.0682601490394303
-0.27708373730676517	cosine	8.0	8.0	4.0	0.033501260508640406	0.4397434849390244
0.5731139025840404	cosine	8.0	8.0	4.0	0.26801008406912324	0.11257316160194203
-0.707943313635835	cosine	8.0	8.0	4.0	0.10050378152592121	0.3246054073583539
-0.5414729841688819	cosine	8.0	8.0	4.0	0.033501260508640406	0.4397434849390244
0.40004345630888966	cosine	8.0	0.0	4.0	0.09869275424396534	0.3275593850007441
0.21831201094330094	cosine	8.0	4.0	0.0	0.09869275424396534	0.3275593850007441
-2.1434732531723975	cosine	8.0	8.0	4.0	0.23450882356048283	0.14426833538783368
0.011235532712009435	cosine	8.0	4.0	0.0	0.03289758474798845	0.44082120393931895
-0.3857004911149094	cosine	8.0	8.0	4.0	0.36851386559504445	0.04767616394306396
-1.355292495475516	cosine	8.0	4.0	8.0	0.30151134457776363	0.08619310660327584
-0.9438230704328625	cosine	8.0	4.0	0.0	0.03289758474798845	0.44082120393931895
-0.3688146375401775	cosine	8.0	4.0	8.0	0.36851386559504445	0.04767616394306396
1.504869359192296	cosine	8.0	8.0	4.0	0.06700252101728081	0.38085378504795675
0.6875716358068227	cosine	8.0	8.0	4.0	0.26801008406912324	0.11257316160194203
0.20152348028855874	cosine	8.0	4.0	8.0	0.06700252101728081	0.38085378504795675
0.34405193445887783	cosine	8.0	4.0	0.0	0.296078262731896	0.0901247100752523
-1.5909517861784954	cosine	8.0	4.0	8.0	0.06700252101728081	0.38085378504795675
0.41578403393957775	cosine	8.0	4.0	8.0	0.06700252101728081	0.38085378504795675
0.10159449180421808	cosine	8.0	0.0	4.0	0.42766860172384985	0.02646218884554873
0.41437717166977855	cosine	8.0	4.0	0.0	0.5263613559678152	0.008604775407453868
1.1941368403077472	cosine	8.0	0.0	4.0	0.23028309323591914	0.14865659075244408
-1.2109603054750624	cosine	8.0	4.0	8.0	0.033501260508640406	0.4397434849390244
0.5818741697618091	cosine	8.0	8.0	4.0	0.30151134457776363	0.08619310660327584
1.029391639118948	cosine	8.0	8.0	4.0	0.30151134457776363	0.08619310660327584
0.3452369113441039	cosine	8.0	8.0	4.0	0.30151134457776363	0.08619310660327584
-0.5749899148917514	cosine	8.0	8.0	4.0	0.33501260508640407	0.0647348936883515
1.2882659264162233	cosine	8.0	0.0	4.0	0.03289758474798845	0.44082120393931895
-1.8095236658665728	cosine	8.0	4.0	0.0	0.4605661864718383	0.01856076533880384
-1.6101445759857909	cosine	8.0	8.0	4.0	0.23450882356048283	0.14426833538783368
-1.3306111466753543	cosine	8.0	0.0	4.0	0.1315903389919538	0.27573794886251457
1.5675222453564996	cosine	8.0	8.0	4.0	0.6700252101728081	0.0012131191275820915
0.34967536538074634	cosine	8.0	4.0	8.0	0.26801008406912324	0.11257316160194203
-0.653879268354576	cosine	8.0	4.0	8.0	0.033501260508640406	0.4397434849390244
-0.7553986626744955	cosine	8.0	0.0	4.0	0.09869275424396534	0.3275593850007441
0.0474907634511201	cosine	8.0	4.0	8.0	0.033501260508640406	0.4397434849390244
0.12255111601123905	cosine	8.0	8.0	4.0	0.26801008406912324	0.11257316160194203
0.6493300024871909	cosine	8.0	4.0	8.0	0.033501260508640406	0.4397434849390244
0.5734739683348401	cosine	8.0	4.0	0.0	0.03289758474798845	0.44082120393931895
-0.46557901048022116	cosine	8.0	4.0	8.0	0.20100756305184242	0.1814857225539041
-0.27656821401485193	cosine	8.0	4.0	0.0	0.4605661864718383	0.01856076533880384
0.9272377937814229	cosine	8.0	8.0	4.0	0.20100756305184242	0.1814857225539041
-0.35658687359134544	cosine	8.0	0.0	4.0	0.0657951694959769	0.38293745122977874
1.4585769089764862	cosine	8.0	4.0	0.0	0.19738550848793068	0.18584158306669563
0.8590099410108698	cosine	8.0	4.0	8.0	0.502518907629606	0.011474155729315736
-0.6956838525353759	cosine	8.0	8.0	4.0	0.033501260508640406	0.4397434849390244
-0.3576715391572485	cosine	8.0	4.0	8.0	0.16750630254320203	0.22419615145873356
0.14810041281225683	cosine	8.0	0.0	4.0	0.09869275424396534	0.3275593850007441
-0.7771927549059474	cosine	8.0	4.0	0.0	0.03289758474798845	0.44082120393931895
1.8475282077397284	cosine	8.0	4.0	8.0	0.23450882356048283	0.14426833538783368
0.08742146244020392	cosine	8.0	4.0	8.0	0.33501260508640407	0.0647348936883515
2.4817793299619724	cosine	8.0	8.0	4.0	0.06700252101728081	0.38085378504795675
0.6624551495256329	cosine	8.0	8.0	4.0	0.33501260508640407	0.0647348936883515
-0.9660014171479601	cosine	8.0	8.0	4.0	0.5360201681382465	0.0076349509802290235
1.121142112424609	cosine	8.0	4.0	0.0	0.4605661864718383	0.01856076533880384
-0.32090020768585653	cosine	8.0	4.0	8.0	0.16750630254320203	0.22419615145873356
-1.2001231026694803	cosine	8.0	0.0	4.0	0.1315903389919538	0.27573794886251457
0.3338024992792116	cosine	8.0	4.0	0.0	0.296078262731896	0.0901247100752523
-0.5934319649149153	cosine	8.0	4.0	8.0	0.20100756305184242	0.1814857225539041
0.06845336210751267	cosine	8.0	4.0	8.0	0.16750630254320203	0.22419615145873356
-1.3232226253976866	cosine	8.0	4.0	8.0	0.13400504203456162	0.27209855448987996
-0.17286495644373973	cosine	8.0	4.0	8.0	0.30151134457776363	0.08619310660327584
-0.7989603993080469	cosine	8.0	4.0	8.0	0.16750630254320203	0.22419615145873356
-2.305876320021103	cosine	8.0	4.0	8.0	0.06700252101728081	0.38085378504795675
0.9837627033011604	cosine	8.0	4.0	8.0	0.23450882356048283	0.14426833538783368
1.4545875885920942	cosine	8.0	0.0	4.0	0.2631806779839076	0.11680717101068677
-1.5785631607650557	cosine	8.0	4.0	8.0	0.033501260508640406	0.4397434849390244
-1.3664308904054971	cosine	8.0	8.0	4.0	0.16750630254320203	0.22419615145873356
1.74997213983262	cosine	8.0	8.0	4.0	0.33501260508640407	0.0647348936883515
-0.779988762184792	cosine	8.0	4.0	8.0	0.06700252101728081	0.38085378504795675
-1.3987152869358899	cosine	8.0	4.0	8.0	0.4355163866123253	0.024358800530983115
0.3727663203908848	cosine	8.0	0.0	4.0	0.03289758474798845	0.44082120393931895
1.88316450233631	cosine	8.0	8.0	4.0	0.33501260508640407	0.0647348936883515
-0.6592115676437323	cosine	8.0	8.0	4.0	0.06700252101728081	0.38085378504795675
0.35001699303862494	cosine	8.0	4.0	8.0	0.033501260508640406	0.4397434849390244
-1.3900381316459087	cosine	8.0	4.0	8.0	0.20100756305184242	0.1814857225539041
-0.8201319906793678	cosine	8.0	0.0	4.0	0.09869275424396534	0.3275593850007441
0.19684600220331175	cosine	8.0	4.0	8.0	0.13400504203456162	0.27209855448987996
1.1689476876191058	cosine	8.0	8.0	4.0	0.26801008406912324	0.11257316160194203
-0.43160943651696193	cosine	8.0	8.0	4.0	0.33501260508640407	0.0647348936883515
-0.17170463447001605	cosine	8.0	4.0	0.0	0.09869275424396534	0.3275593850007441
-0.2986515316632471	cosine	8.0	4.0	0.0	0.0657951694959769	0.38293745122977874
-0.28345163803068646	cosine	8.0	4.0	8.0	0.10050378152592121	0.3246054073583539
-0.8814571687772035	cosine	8.0	0.0	4.0	0.2631806779839076	0.11680717101068677
-0.44121084233822744	cosine	8.0	4.0	8.0	0.06700252101728081	0.38085378504795675
1.0153656054210474	cosine	8.0	8.0	4.0	0.10050378152592121	0.3246054073583539
2.288025265361445	cosine	8.0	4.0	8.0	0.36851386559504445	0.04767616394306396
-0.056347032207288705	cosine	8.0	8.0	4.0	0.5695214286468869	0.004975414949458076
-0.8691011369011521	cosine	8.0	8.0	4.0	0.20100756305184242	0.1814857225539041
0.6809971216977001	cosine	8.0	4.0	8.0	0.30151134457776363	0.08619310660327584
0.952956494842823	cosine	8.0	4.0	8.0	0.10050378152592121	0.3246054073583539
1.2348454466348975	cosine	8.0	0.0	4.0	0.296078262731896	0.0901247100752523
-0.8827830063574078	cosine	8.0	8.0	4.0	0.10050378152592121	0.3246054073583539
-1.0442571298651249	cosine	8.0	4.0	8.0	0.06700252101728081	0.38085378504795675
-1.1436640089978423	cosine	8.0	4.0	0.0	0.2631806779839076	0.11680717101068677
-1.2461867601430052	cosine	8.0	8.0	4.0	0.40201512610368484	0.03442252599351862
-0.11565204747696325	cosine	8.0	8.0	4.0	0.16750630254320203	0.22419615145873356
-0.4204719061265595	cosine	8.0	4.0	8.0	0.13400504203456162	0.27209855448987996
1.7437448531492037	cosine	8.0	4.0	8.0	0.36851386559504445	0.04767616394306396
1.3002577465608023	cosine	8.0	8.0	4.0	0.20100756305184242	0.1814857225539041
1.6903856275951423	cosine	8.0	8.0	4.0	0.033501260508640406	0.4397434849390244
-0.7065022996003354	cosine	8.0	4.0	0.0	0.16448792373994225	0.22830592549268558
-0.7311297099349777	cosine	8.0	0.0	4.0	0.5263613559678152	0.008604775407453868
-0.3314190177119282	cosine	8.0	4.0	8.0	0.4355163866123253	0.024358800530983115
0.6551855030507555	cosine	8.0	0.0	4.0	0.0657951694959769	0.38293745122977874
0.5080472538296124	cosine	8.0	4.0	8.0	0.26801008406912324	0.11257316160194203
-0.8835922277234942	cosine	8.0	8.0	4.0	0.23450882356048283	0.14426833538783368
0.8357576555138282	cosine	8.0	0.0	4.0	0.1315903389919538	0.27573794886251457
1.3084158906972418	cosine	8.0	4.0	0.0	0.296078262731896	0.0901247100752523
2.3324208329726264	cosine	8.0	8.0	4.0	0.033501260508640406	0.4397434849390244
1.89810330362741	cosine	8.0	4.0	8.0	0.20100756305184242	0.1814857225539041
-0.7070470393872699	cosine	8.0	4.0	8.0	0.40201512610368484	0.03442252599351862
0.23495451523963548	cosine	8.0	8.0	4.0	0.13400504203456162	0.27209855448987996
0.3785507976337741	cosine	8.0	0.0	4.0	0.0657951694959769	0.38293745122977874
-0.3508130310309492	cosine	8.0	8.0	4.0	0.10050378152592121	0.3246054073583539
0.3448262329350655	cosine	8.0	4.0	0.0	0.0657951694959769	0.38293745122977874
1.362740058568429	cosine	8.0	8.0	4.0	0.23450882356048283	0.14426833538783368
1.7160328949637462	cosine	8.0	4.0	8.0	0.46901764712096566	0.01689057007847118
-0.10573955462172059	cosine	8.0	4.0	0.0	0.03289758474798845	0.44082120393931895
-1.1113637198294732	cosine	8.0	4.0	8.0	0.033501260508640406	0.4397434849390244
-1.5892657780332546	cosine	8.0	0.0	4.0	0.03289758474798845	0.44082120393931895
1.4251477016490026	cosine	8.0	0.0	4.0	0.2631806779839076	0.11680717101068677
-0.6177965574560624	cosine	8.0	8.0	4.0	0.26801008406912324	0.11257316160194203
-1.6418494499142455	cosine	8.0	4.0	0.0	0.3289758474798845	0.0682601490394303
0.8713269788561051	cosine	8.0	8.0	4.0	0.36851386559504445	0.04767616394306396
0.8902979094751048	cosine	8.0	4.0	8.0	0.033501260508640406	0.4397434849390244
-0.381272743537738	cosine	8.0	8.0	4.0	0.30151134457776363	0.08619310660327584
0.23240437887093113	cosine	8.0	4.0	8.0	0.06700252101728081	0.38085378504795675
0.7039900108556627	cosine	8.0	4.0	8.0	0.20100756305184242	0.1814857225539041
-2.471092925286112	cosine	8.0	4.0	0.0	0.16448792373994225	0.22830592549268558
0.25290245536955575	cosine	8.0	4.0	8.0	0.502518907629606	0.011474155729315736
-0.31532456431630573	cosine	8.0	4.0	0.0	0.36187343222787294	0.05073562797633993
1.5452995128159803	cosine	8.0	4.0	8.0	0.20100756305184242	0.1814857225539041
0.9077116251754321	cosine	8.0	8.0	4.0	0.16750630254320203	0.22419615145873356
-0.352437018884686	cosine	8.0	8.0	4.0	0.16750630254320203	0.22419615145873356
-0.5213581870976572	cosine	8.0	8.0	4.0	0.0	0.5
1.0458183259220206	cosine	8.0	4.0	0.0	0.0657951694959769	0.38293745122977874
-0.276094913772559	cosine	8.0	8.0	4.0	0.0	0.5
-0.9871320785249096	cosine	8.0	8.0	4.0	0.36851386559504445	0.04767616394306396
-0.5339619782212884	cosine	8.0	4.0	0.0	0.03289758474798845	0.44082120393931895
1.597206819087514	cosine	8.0	4.0	8.0	0.033501260508640406	0.4397434849390244
0.11029229449520371	cosine	8.0	8.0	4.0	0.033501260508640406	0.4397434849390244
0.616068600230533	cosine	8.0	4.0	8.0	0.06700252101728081	0.38085378504795675
-0.8017001594054225	cosine	8.0	8.0	4.0	0.10050378152592121	0.3246054073583539
-0.5843706035768028	cosine	8.0	4.0	0.0	0.296078262731896	0.0901247100752523
1.4288110614124334	cosine	8.0	0.0	4.0	0.3289758474798845	0.0682601490394303
0.33807939445091534	cosine	8.0	8.0	4.0	0.46901764712096566	0.01689057007847118
0.6390366452751516	cosine	8.0	8.0	4.0	0.06700252101728081	0.38085378504795675
-2.2023093810893597	cosine	8.0	4.0	8.0	0.20100756305184242	0.1814857225539041
1.5516244216945636	cosine	8.0	4.0	0.0	0.19738550848793068	0.18584158306669563
0.3243379598566549	cosine	8.0	8.0	4.0	0.4355163866123253	0.024358800530983115
0.1649381321552222	cosine	8.0	8.0	4.0	0.13400504203456162	0.27209855448987996
0.625971976507532	cosine	8.0	8.0	4.0	0.20100756305184242	0.1814857225539041
-0.012073090393318579	cosine	8.0	4.0	8.0	0.23450882356048283	0.14426833538783368
-1.3026416024381358	cosine	8.0	8.0	4.0	0.033501260508640406	0.4397434849390244
0.37308719032977455	cosine	8.0	0.0	4.0	0.1315903389919538	0.27573794886251457
-1.0322209855383941	cosine	8.0	4.0	8.0	0.033501260508640406	0.4397434849390244
-0.8938098073032258	cosine	8.0	8.0	4.0	0.30151134457776363	0.08619310660327584
