ID	Waveform	Period	Phase	Nadir	Tau	P
-0.24447143591281126	cosine	12.0	4.0	12.0	0.20160491225300214	0.18077354211323055
0.4514413581237825	cosine	12.0	4.0	8.0	0.38770175433269644	0.03965908586713749
0.33114821642072745	cosine	12.0	4.0	0.0	0.2501221597922891	0.12881724171626302
0.6075740374157398	cosine	12.0	12.0	8.0	0.35668561398608073	0.053232974601062806
1.0579821830513856	cosine	12.0	8.0	4.0	0.325669473639465	0.07025277592236653
-0.5209251349513732	cosine	12.0	12.0	8.0	0.38770175433269644	0.03965908586713749
-1.2871873138444796	cosine	12.0	8.0	0.0	0.37518323968843365	0.044753897420978433
1.5549558192423383	cosine	12.0	0.0	4.0	0.21885688981825296	0.16096491949833142
-1.4823398755163437	cosine	12.0	8.0	12.0	0.26363719294623356	0.11640217218244758
1.0149307123336733	cosine	12.0	8.0	0.0	0.6565706694547588	0.001481745846560898
-0.1997891628224595	cosine	12.0	0.0	4.0	0.28138742976632525	0.10142035953841916
-0.25277088001448167	cosine	12.0	0.0	8.0	0.06253053994807227	0.38858842967327256
-1.8395598779467943	cosine	12.0	12.0	8.0	0.38770175433269644	0.03965908586713749
-1.4164892732601755	cosine	12.0	8.0	12.0	0.23262105259961785	0.14621780365458337
-2.236387800619096	cosine	12.0	8.0	4.0	0.6978631577988536	0.0007932410229537244
-1.1929651716915377	cosine	12.0	8.0	12.0	0.38770175433269644	0.03965908586713749
0.3989285859620582	cosine	12.0	12.0	4.0	0.108556491213155	0.31160584178390943
-0.9393699277873323	cosine	12.0	4.0	0.0	0.28138742976632525	0.10142035953841916
-0.12322829220141662	cosine	12.0	4.0	8.0	0.108556491213155	0.31160584178390943
-0.40412465646995754	cosine	12.0	0.0	8.0	0.31265269974036136	0.07853426938217861
-0.0639341707204256	cosine	12.0	0.0	4.0	0.15632634987018068	0.23962792898088553
0.367267873944432	cosine	12.0	8.0	4.0	0.29465333329284926	0.09117756893125428
0.6289305236904178	cosine	12.0	4.0	8.0	0.07754035086653928	0.3628199843123999
0.024689691941649758	cosine	12.0	0.0	4.0	0.18759161984421682	0.1979406704679717
0.32742106898822687	cosine	12.0	8.0	0.0	0.34391796971439753	0.05979464037584733
1.456110847239535	cosine	12.0	8.0	4.0	0.38770175433269644	0.03965908586713749
1.3557904140482064	cosine	12.0	8.0	4.0	0.20160491225300214	0.18077354211323055
1.5419970051057996	cosine	12.0	8.0	0.0	0.12506107989614454	0.2856969100727392
-0.6669006623585448	cosine	12.0	8.0	12.0	0.1395726315597707	0.26379925819755046
-1.7340055688114104	cosine	12.0	12.0	8.0	0.17058877190638644	0.22004281389555647
-1.760924501945079	cosine	12.0	4.0	12.0	0.17058877190638644	0.22004281389555647
-0.09492481162890634	cosine	12.0	0.0	4.0	0.15632634987018068	0.23962792898088553
-0.3394589234192138	cosine	12.0	4.0	8.0	0.6358308771056221	0.0020033371474573332
-1.5275325455499742	cosine	12.0	8.0	4.0	0.35668561398608073	0.053232974601062806
0.5497153813184713	cosine	12.0	0.0	8.0	0.21885688981825296	0.16096491949833142
1.0121839208248755	cosine	12.0	8.0	12.0	0.325669473639465	0.07025277592236653
0.14998249362398106	cosine	12.0	12.0	4.0	0.23262105259961785	0.14621780365458337
-1.906810883105352	cosine	12.0	4.0	8.0	0.35668561398608073	0.053232974601062806
0.3285469717057075	cosine	12.0	12.0	4.0	0.26363719294623356	0.11640217218244758
1.1439127994958664	cosine	12.0	4.0	0.0	0.37518323968843365	0.044753897420978433
0.18705481065115837	cosine	12.0	8.0	0.0	0.37518323968843365	0.044753897420978433
-0.6275543727056833	cosine	12.0	4.0	0.0	0.31265269974036136	0.07853426938217861
-1.3538946290911007	cosine	12.0	12.0	4.0	0.07754035086653928	0.3628199843123999
0.8863308943898738	cosine	12.0	12.0	8.0	0.17058877190638644	0.22004281389555647
0.9421686757245978	cosine	12.0	12.0	4.0	0.38770175433269644	0.03965908586713749
1.0315653732106547	cosine	12.0	4.0	8.0	0.26363719294623356	0.11640217218244758
0.4428478794231611	cosine	12.0	12.0	4.0	0.48075017537254355	0.014786104244078217
-1.9297593597183678	cosine	12.0	8.0	12.0	0.17058877190638644	0.22004281389555647
1.6299702783215333	cosine	12.0	12.0	8.0	0.29465333329284926	0.09117756893125428
-0.5855932362068978	cosine	12.0	12.0	8.0	0.108556491213155	0.31160584178390943
0.9000539188904028	cosine	12.0	8.0	0.0	0.46897904961054204	0.016897895516253123
0.3484612520670001	cosine	12.0	12.0	4.0	0.17058877190638644	0.22004281389555647
-0.7046867137652244	cosine	12.0	4.0	8.0	0.48075017537254355	0.014786104244078217
0.15452621658438484	cosine	12.0	12.0	4.0	0.38770175433269644	0.03965908586713749
-0.6694805374894114	cosine	12.0	8.0	4.0	0.20160491225300214	0.18077354211323055
-0.2719650946137872	cosine	12.0	12.0	4.0	0.26363719294623356	0.11640217218244758
-0.5773835734554502	cosine	12.0	12.0	8.0	0.1395726315597707	0.26379925819755046
-0.5272257201744963	cosine	12.0	12.0	8.0	0.07754035086653928	0.3628199843123999
-0.5351631921429558	cosine	12.0	4.0	0.0	0.2501221597922891	0.12881724171626302
0.8563825713545918	cosine	12.0	8.0	0.0	0.031265269974036135	0.4437374857775104
-1.5862031819241604	cosine	12.0	12.0	4.0	0.17058877190638644	0.22004281389555647
-0.039108261275300815	cosine	12.0	12.0	4.0	0.1395726315597707	0.26379925819755046
0.40635360711401486	cosine	12.0	12.0	8.0	0.17058877190638644	0.22004281389555647
0.24723306929825317	cosine	12.0	0.0	8.0	0.28138742976632525	0.10142035953841916
-0.34584879423459014	cosine	12.0	12.0	4.0	0.325669473639465	0.07025277592236653
0.37248029280921613	cosine	12.0	8.0	4.0	0.41871789467931214	0.02904431653896035
0.787523535201808	cosine	12.0	12.0	4.0	0.38770175433269644	0.03965908586713749
0.9720412488698483	cosine	12.0	8.0	4.0	0.23262105259961785	0.14621780365458337
-0.22911794446681244	cosine	12.0	12.0	8.0	0.23262105259961785	0.14621780365458337
0.8540661915546564	cosine	12.0	12.0	8.0	0.20160491225300214	0.18077354211323055
-0.34763606396577884	cosine	12.0	8.0	12.0	0.20160491225300214	0.18077354211323055
1.1505658165798451	cosine	12.0	4.0	12.0	0.38770175433269644	0.03965908586713749
-1.161839234655275	cosine	12.0	8.0	12.0	0.17058877190638644	0.22004281389555647
0.2453357737846637	cosine	12.0	4.0	8.0	0.17058877190638644	0.22004281389555647
-0.9021001910282027	cosine	12.0	4.0	0.0	0.18759161984421682	0.1979406704679717
0.9262880303855779	cosine	12.0	0.0	4.0	0.5315095895586144	0.008075181454718987
-0.0035357674649643778	cosine	12.0	8.0	4.0	0.5737985964123907	0.004703590814103545
-2.606744217351776	cosine	12.0	8.0	12.0	0.07754035086653928	0.3628199843123999
1.040407275687496	cosine	12.0	0.0	8.0	0.37518323968843365	0.044753897420978433
1.121724240286997	cosine	12.0	4.0	0.0	0.21885688981825296	0.16096491949833142
1.334411015235385	cosine	12.0	8.0	4.0	0.23262105259961785	0.14621780365458337
-0.11581690222703081	cosine	12.0	0.0	4.0	0.43771377963650593	0.02379564823412834
-0.8243577740795204	cosine	12.0	8.0	4.0	0.38770175433269644	0.03965908586713749
-0.0938411601189249	cosine	12.0	0.0	4.0	0.21885688981825296	0.16096491949833142
-0.7460604242053454	cosine	12.0	0.0	8.0	0.46897904961054204	0.016897895516253123
-0.06579220330095116	cosine	12.0	4.0	8.0	0.23262105259961785	0.14621780365458337
0.701928558794075	cosine	12.0	0.0	4.0	0.2501221597922891	0.12881724171626302
-1.2923294481255734	cosine	12.0	12.0	4.0	0.23262105259961785	0.14621780365458337
2.0632855363473857	cosine	12.0	4.0	8.0	0.6048147367590064	0.0030976341623523166
-0.23679466975559066	cosine	12.0	0.0	8.0	0.09379580992210841	0.3356006186019033
0.3836547358435692	cosine	12.0	12.0	4.0	0.41871789467931214	0.02904431653896035
0.09663756513953922	cosine	12.0	4.0	0.0	0.21885688981825296	0.16096491949833142
-0.7127415652530417	cosine	12.0	4.0	0.0	0.21885688981825296	0.16096491949833142
0.7046336768671388	cosine	12.0	8.0	4.0	0.17058877190638644	0.22004281389555647
0.7721362585840978	cosine	12.0	8.0	0.0	0.12506107989614454	0.2856969100727392
-1.3441274265981618	cosine	12.0	8.0	0.0	0.18759161984421682	0.1979406704679717
-1.7586620369245909	cosine	12.0	8.0	4.0	0.17058877190638644	0.22004281389555647
0.43871691695959375	cosine	12.0	4.0	8.0	0.108556491213155	0.31160584178390943
-0.5359351867951844	cosine	12.0	4.0	0.0	0.31265269974036136	0.07853426938217861
-1.8657918761588892	cosine	12.0	0.0	8.0	0.09379580992210841	0.3356006186019033
1.821927638864085	cosine	12.0	4.0	8.0	0.7909115788387007	0.00017212732481592012
-0.03707206786716607	cosine	12.0	4.0	8.0	0.23262105259961785	0.14621780365458337
-0.5140422938942036	cosine	12.0	4.0	8.0	0.35668561398608073	0.053232974601062806
0.6804799304139812	cosine	12.0	0.0	8.0	0.15632634987018068	0.23962792898088553
1.1504409192205598	cosine	12.0	4.0	0.0	0.5002443195845782	0.011787064559833655
-1.1008930695605472	cosine	12.0	12.0	8.0	0.41871789467931214	0.02904431653896035
-1.3154292809241868	cosine	12.0	8.0	0.0	0.15632634987018068	0.23962792898088553
-1.0866156187071878	cosine	12.0	8.0	12.0	0.20160491225300214	0.18077354211323055
-1.612383235084356	cosine	12.0	8.0	12.0	0.35668561398608073	0.053232974601062806
1.1224506475425484	cosine	12.0	12.0	8.0	0.23262105259961785	0.14621780365458337
1.3682430550546254	cosine	12.0	4.0	8.0	0.04652421051992357	0.4166158148211466
-0.848238651049841	cosine	12.0	4.0	8.0	0.29465333329284926	0.09117756893125428
0.3218117871075687	cosine	12.0	8.0	12.0	0.29465333329284926	0.09117756893125428
-0.2022179090994154	cosine	12.0	8.0	0.0	0.12506107989614454	0.2856969100727392
0.04942540127974266	cosine	12.0	0.0	4.0	0.28138742976632525	0.10142035953841916
-0.9269857217365123	cosine	12.0	12.0	4.0	0.04652421051992357	0.4166158148211466
0.4216965038573581	cosine	12.0	4.0	8.0	0.35668561398608073	0.053232974601062806
1.6193599370386598	cosine	12.0	4.0	8.0	0.48075017537254355	0.014786104244078217
0.49096620319371187	cosine	12.0	4.0	12.0	0.17058877190638644	0.22004281389555647
-0.41431907476366125	cosine	12.0	0.0	4.0	0.40644850966246976	0.03292085287309089
0.002805478966047239	cosine	12.0	12.0	4.0	0.23262105259961785	0.14621780365458337
0.3649197921666638	cosine	12.0	4.0	12.0	0.23262105259961785	0.14621780365458337
0.17478332186991136	cosine	12.0	0.0	4.0	0.31265269974036136	0.07853426938217861
-0.4912492443831034	cosine	12.0	8.0	4.0	0.23262105259961785	0.14621780365458337
-0.3613364736344961	cosine	12.0	8.0	4.0	0.5117663157191593	0.010275152505006458
0.5135238863871519	cosine	12.0	0.0	8.0	0.31265269974036136	0.07853426938217861
-0.21472691237622235	cosine	12.0	4.0	0.0	0.43771377963650593	0.02379564823412834
-0.9439840512056561	cosine	12.0	4.0	12.0	0.07754035086653928	0.3628199843123999
0.6178557985197151	cosine	12.0	12.0	4.0	0.26363719294623356	0.11640217218244758
-1.2562403162341358	cosine	12.0	0.0	8.0	0.15632634987018068	0.23962792898088553
0.10457151222194143	cosine	12.0	0.0	4.0	0.31265269974036136	0.07853426938217861
0.5099037034203927	cosine	12.0	12.0	8.0	0.20160491225300214	0.18077354211323055
-2.41526542888539	cosine	12.0	4.0	0.0	0.46897904961054204	0.016897895516253123
-0.711965145902189	cosine	12.0	12.0	8.0	0.41871789467931214	0.02904431653896035
0.7029008250804964	cosine	12.0	8.0	0.0	0.34391796971439753	0.05979464037584733
1.5144735025181626	cosine	12.0	8.0	4.0	0.26363719294623356	0.11640217218244758
1.3925672592107434	cosine	12.0	0.0	8.0	0.43771377963650593	0.02379564823412834
-0.493253420389339	cosine	12.0	8.0	4.0	0.38770175433269644	0.03965908586713749
1.3436543486962258	cosine	12.0	4.0	8.0	0.41871789467931214	0.02904431653896035
1.0436512048441362	cosine	12.0	12.0	4.0	0.20160491225300214	0.18077354211323055
-0.7862111062943131	cosine	12.0	0.0	8.0	0.34391796971439753	0.05979464037584733
0.3320164301928704	cosine	12.0	8.0	4.0	0.17058877190638644	0.22004281389555647
0.007753434156273272	cosine	12.0	4.0	12.0	0.41871789467931214	0.02904431653896035
-1.6735929678609849	cosine	12.0	8.0	0.0	0.21885688981825296	0.16096491949833142
0.4846363876460386	cosine	12.0	8.0	0.0	0.28138742976632525	0.10142035953841916
1.0516835842606074	cosine	12.0	8.0	12.0	0.108556491213155	0.31160584178390943
0.3097770907207381	cosine	12.0	4.0	8.0	0.35668561398608073	0.053232974601062806
1.0695068549039546	cosine	12.0	12.0	8.0	0.325669473639465	0.07025277592236653
0.4344271848861384	cosine	12.0	8.0	12.0	0.20160491225300214	0.18077354211323055
-0.9866328264627902	cosine	12.0	8.0	0.0	0.5627748595326505	0.005432675743650132
-1.0812453635906656	cosine	12.0	4.0	8.0	0.5117663157191593	0.010275152505006458
0.11485831141983063	cosine	12.0	0.0	8.0	0.031265269974036135	0.4437374857775104
-0.5242535248638669	cosine	12.0	4.0	0.0	0.15632634987018068	0.23962792898088553
1.0399048573890142	cosine	12.0	8.0	4.0	0.29465333329284926	0.09117756893125428
1.4914835718614752	cosine	12.0	4.0	8.0	0.5737985964123907	0.004703590814103545
-0.31391196184593195	cosine	12.0	8.0	12.0	0.26363719294623356	0.11640217218244758
-0.39616487575660536	cosine	12.0	0.0	4.0	0.21885688981825296	0.16096491949833142
-0.9879142815669624	cosine	12.0	4.0	12.0	0.108556491213155	0.31160584178390943
1.1163684665149343	cosine	12.0	4.0	8.0	0.41871789467931214	0.02904431653896035
-2.4910866233518645	cosine	12.0	4.0	8.0	0.35668561398608073	0.053232974601062806
0.12043698084720879	cosine	12.0	4.0	12.0	0.20160491225300214	0.18077354211323055
0.061118884068305464	cosine	12.0	0.0	8.0	0.09379580992210841	0.3356006186019033
0.43447629298015444	cosine	12.0	12.0	4.0	0.17058877190638644	0.22004281389555647
0.03274657394339694	cosine	12.0	0.0	8.0	0.5315095895586144	0.008075181454718987
-0.20407903296190213	cosine	12.0	4.0	12.0	0.26363719294623356	0.11640217218244758
-0.255437637571113	cosine	12.0	12.0	4.0	0.6048147367590064	0.0030976341623523166
-0.7263219150492988	cosine	12.0	0.0	8.0	0.06253053994807227	0.38858842967327256
1.3842297727215527	cosine	12.0	12.0	8.0	0.44973403502592785	0.02090527421057417
0.5505576835963741	cosine	12.0	0.0	8.0	0.09379580992210841	0.3356006186019033
-1.764302172876728	cosine	12.0	8.0	12.0	0.23262105259961785	0.14621780365458337
0.4587072166101058	cosine	12.0	4.0	8.0	0.1395726315597707	0.26379925819755046
2.61174955277657	cosine	12.0	8.0	12.0	0.29465333329284926	0.09117756893125428
1.3445455204921237	cosine	12.0	0.0	4.0	0.15632634987018068	0.23962792898088553
-0.08554265640148355	cosine	12.0	8.0	4.0	0.20160491225300214	0.18077354211323055
0.2944486204520484	cosine	12.0	12.0	8.0	0.26363719294623356	0.11640217218244758
-0.1821343055690159	cosine	12.0	0.0	8.0	0.31265269974036136	0.07853426938217861
0.5937729985918448	cosine	12.0	8.0	4.0	0.35668561398608073	0.053232974601062806
0.05720712275843738	cosine	12.0	4.0	8.0	0.325669473639465	0.07025277592236653
0.9955227341615379	cosine	12.0	8.0	4.0	0.1395726315597707	0.26379925819755046
0.9601026568775599	cosine	12.0	8.0	4.0	0.542782456065775	0.007014531725125648
-0.6256802066706172	cosine	12.0	12.0	4.0	0.108556491213155	0.31160584178390943
-0.5453613001305482	cosine	12.0	4.0	8.0	0.26363719294623356	0.11640217218244758
-0.1379681248398993	cosine	12.0	12.0	4.0	0.41871789467931214	0.02904431653896035
1.3247587833393109	cosine	12.0	8.0	4.0	0.48075017537254355	0.014786104244078217
2.4310294670732944	cosine	12.0	8.0	4.0	0.17058877190638644	0.22004281389555647
-0.037859687043759964	cosine	12.0	8.0	0.0	0.5627748595326505	0.005432675743650132
-0.5407430864017639	cosine	12.0	8.0	12.0	0.41871789467931214	0.02904431653896035
0.34993170822340247	cosine	12.0	0.0	4.0	0.43771377963650593	0.02379564823412834
-1.1253270695777555	cosine	12.0	12.0	4.0	0.325669473639465	0.07025277592236653
-0.6105329833977158	cosine	12.0	8.0	12.0	0.23262105259961785	0.14621780365458337
0.01052965897825835	cosine	12.0	8.0	12.0	0.17058877190638644	0.22004281389555647
0.9699366638671635	cosine	12.0	0.0	4.0	0.31265269974036136	0.07853426938217861
-0.09299516098439549	cosine	12.0	0.0	8.0	0.28138742976632525	0.10142035953841916
-0.2702273952669444	cosine	12.0	8.0	0.0	0.06253053994807227	0.38858842967327256
0.03356653154460422	cosine	12.0	0.0	8.0	0.21885688981825296	0.16096491949833142
0.8585569471274208	cosine	12.0	4.0	8.0	0.35668561398608073	0.053232974601062806
0.5943330326764412	cosine	12.0	4.0	0.0	0.18759161984421682	0.1979406704679717
0.25903174485241964	cosine	12.0	8.0	4.0	0.23262105259961785	0.14621780365458337
0.9306332959960728	cosine	12.0	12.0	8.0	0.29465333329284926	0.09117756893125428
1.5846909172067964	cosine	12.0	12.0	8.0	0.108556491213155	0.31160584178390943
-1.4838945015973217	cosine	12.0	8.0	0.0	0.28138742976632525	0.10142035953841916
-1.345520111813253	cosine	12.0	8.0	4.0	0.5117663157191593	0.010275152505006458
0.681829029333648	cosine	12.0	8.0	4.0	0.44973403502592785	0.02090527421057417
-1.268566741630372	cosine	12.0	4.0	0.0	0.37518323968843365	0.044753897420978433
-0.46995835551503967	cosine	12.0	12.0	4.0	0.17058877190638644	0.22004281389555647
1.3947027509996055	cosine	12.0	0.0	4.0	0.09379580992210841	0.3356006186019033
-0.201020810460784	cosine	12.0	8.0	4.0	0.20160491225300214	0.18077354211323055
-3.180664493284201	cosine	12.0	12.0	8.0	0.04652421051992357	0.4166158148211466
-0.2918207529331168	cosine	12.0	4.0	8.0	0.38770175433269644	0.03965908586713749
-0.4149770228412437	cosine	12.0	4.0	0.0	0.31265269974036136	0.07853426938217861
0.10521014026645116	cosine	12.0	8.0	4.0	0.325669473639465	0.07025277592236653
2.348547409750621	cosine	12.0	0.0	8.0	0.31265269974036136	0.07853426938217861
-0.2825256625045643	cosine	12.0	4.0	8.0	0.41871789467931214	0.02904431653896035
-1.6393629841957704	cosine	12.0	0.0	4.0	0.15632634987018068	0.23962792898088553
-0.4071938095299109	cosine	12.0	12.0	4.0	0.108556491213155	0.31160584178390943
-0.18359311345597187	cosine	12.0	12.0	4.0	0.17058877190638644	0.22004281389555647
0.171173457100459	cosine	12.0	12.0	8.0	0.108556491213155	0.31160584178390943
-0.3342895878102205	cosine	12.0	4.0	0.0	0.15632634987018068	0.23962792898088553
0.20827836353358173	cosine	12.0	4.0	8.0	0.5737985964123907	0.004703590814103545
-0.5192615508052754	cosine	12.0	4.0	12.0	0.20160491225300214	0.18077354211323055
-0.9034608898442873	cosine	12.0	4.0	8.0	0.41871789467931214	0.02904431653896035
-1.6551330353885971	cosine	12.0	12.0	4.0	0.38770175433269644	0.03965908586713749
-0.49482172519504897	cosine	12.0	8.0	12.0	0.41871789467931214	0.02904431653896035
-0.3215981803930493	cosine	12.0	8.0	0.0	0.31265269974036136	0.07853426938217861
1.5051525142325837	cosine	12.0	0.0	8.0	0.18759161984421682	0.1979406704679717
-0.2720518544046106	cosine	12.0	12.0	4.0	0.6668470174522378	0.0012722098173665757
0.716141214589719	cosine	12.0	0.0	4.0	0.12506107989614454	0.2856969100727392
-0.49865371734860187	cosine	12.0	0.0	8.0	0.12506107989614454	0.2856969100727392
0.08369154500072438	cosine	12.0	12.0	4.0	0.20160491225300214	0.18077354211323055
0.40954563009800576	cosine	12.0	4.0	8.0	0.38770175433269644	0.03965908586713749
0.5257348208055675	cosine	12.0	4.0	0.0	0.31265269974036136	0.07853426938217861
-0.23542397403916257	cosine	12.0	0.0	4.0	0.18759161984421682	0.1979406704679717
-0.3716547363318464	cosine	12.0	8.0	0.0	0.18759161984421682	0.1979406704679717
-0.28454713907718426	cosine	12.0	0.0	8.0	0.21885688981825296	0.16096491949833142
-0.014059883778239534	cosine	12.0	4.0	8.0	0.29465333329284926	0.09117756893125428
-1.5398885193206924	cosine	12.0	0.0	4.0	0.12506107989614454	0.2856969100727392
0.27897343321125917	cosine	12.0	4.0	12.0	0.29465333329284926	0.09117756893125428
1.1267514775043297	cosine	12.0	4.0	0.0	0.43771377963650593	0.02379564823412834
-0.1360245732782581	cosine	12.0	8.0	0.0	0.21885688981825296	0.16096491949833142
0.009972214083957098	cosine	12.0	4.0	12.0	0.44973403502592785	0.02090527421057417
-1.0609218689236712	cosine	12.0	4.0	0.0	0.28138742976632525	0.10142035953841916
0.4794421343116129	cosine	12.0	8.0	12.0	0.108556491213155	0.31160584178390943
-0.527575461913262	cosine	12.0	0.0	4.0	0.21885688981825296	0.16096491949833142
1.0999099321934906	cosine	12.0	4.0	8.0	0.44973403502592785	0.02090527421057417
-1.5555152665896181	cosine	12.0	12.0	8.0	0.38770175433269644	0.03965908586713749
0.32395963513951276	cosine	12.0	0.0	8.0	0.15632634987018068	0.23962792898088553
-0.15325060630009624	cosine	12.0	8.0	4.0	0.325669473639465	0.07025277592236653
-0.22989985727079423	cosine	12.0	8.0	4.0	0.35668561398608073	0.053232974601062806
-1.1649590115381865	cosine	12.0	4.0	12.0	0.542782456065775	0.007014531725125648
-0.41931655752808095	cosine	12.0	4.0	0.0	0.21885688981825296	0.16096491949833142
0.474308285411139	cosine	12.0	4.0	8.0	0.48075017537254355	0.014786104244078217
0.055478607600871796	cosine	12.0	4.0	0.0	0.37518323968843365	0.044753897420978433
1.445046467575473	cosine	12.0	12.0	4.0	0.5117663157191593	0.010275152505006458
-0.38306246755369794	cosine	12.0	4.0	12.0	0.325669473639465	0.07025277592236653
0.9508266683006821	cosine	12.0	8.0	0.0	0.5002443195845782	0.011787064559833655
0.29209230661978985	cosine	12.0	8.0	12.0	0.1395726315597707	0.26379925819755046
1.6570943063464856	cosine	12.0	4.0	8.0	0.108556491213155	0.31160584178390943
-0.4426929894868617	cosine	12.0	4.0	0.0	0.6253053994807227	0.0023274023270582257
-0.02134001011153433	cosine	12.0	12.0	4.0	0.26363719294623356	0.11640217218244758
-0.34053446872111387	cosine	12.0	0.0	4.0	0.09379580992210841	0.3356006186019033
-0.1021962048946199	cosine	12.0	4.0	0.0	0.21885688981825296	0.16096491949833142
1.0141415438550312	cosine	12.0	4.0	8.0	0.5117663157191593	0.010275152505006458
-0.46196090267722384	cosine	12.0	8.0	4.0	0.41871789467931214	0.02904431653896035
1.0918869152473516	cosine	12.0	0.0	4.0	0.34391796971439753	0.05979464037584733
-0.28186400370019987	cosine	12.0	12.0	4.0	0.1395726315597707	0.26379925819755046
0.9237685260160412	cosine	12.0	8.0	4.0	0.325669473639465	0.07025277592236653
-0.1438124030109653	cosine	12.0	12.0	8.0	0.29465333329284926	0.09117756893125428
0.8501743918269821	cosine	12.0	8.0	0.0	0.21885688981825296	0.16096491949833142
1.8348632121481885	cosine	12.0	12.0	4.0	0.23262105259961785	0.14621780365458337
0.37650459176423806	cosine	12.0	8.0	0.0	0.28138742976632525	0.10142035953841916
-0.7914823442998883	cosine	12.0	8.0	0.0	0.37518323968843365	0.044753897420978433
-0.8122887672864546	cosine	12.0	12.0	4.0	0.48075017537254355	0.014786104244078217
0.07437465992073611	cosine	12.0	8.0	4.0	0.44973403502592785	0.02090527421057417
-0.7052717050882136	cosine	12.0	4.0	12.0	0.29465333329284926	0.09117756893125428
-0.45249742134234294	cosine	12.0	12.0	8.0	0.5117663157191593	0.010275152505006458
-1.4711985502924474	cosine	12.0	4.0	0.0	0.5002443195845782	0.011787064559833655
1.0288069343435684	cosine	12.0	4.0	0.0	0.09379580992210841	0.3356006186019033
-2.404416960092033	cosine	12.0	8.0	4.0	0.29465333329284926	0.09117756893125428
-1.2643333344366245	cosine	12.0	8.0	12.0	0.41871789467931214	0.02904431653896035
0.9803820869816071	cosine	12.0	0.0	8.0	0.34391796971439753	0.05979464037584733
-0.3492679125851162	cosine	12.0	4.0	0.0	0.2501221597922891	0.12881724171626302
-1.7077301457296337	cosine	12.0	12.0	4.0	0.26363719294623356	0.11640217218244758
-0.9411612966066139	cosine	12.0	8.0	4.0	0.26363719294623356	0.11640217218244758
1.3498682577856391	cosine	12.0	8.0	4.0	0.29465333329284926	0.09117756893125428
-0.32897815891989546	cosine	12.0	8.0	4.0	0.23262105259961785	0.14621780365458337
0.6555040212771509	cosine	12.0	12.0	4.0	0.23262105259961785	0.14621780365458337
-0.03962002200392252	cosine	12.0	12.0	4.0	0.35668561398608073	0.053232974601062806
-0.8340280375059562	cosine	12.0	0.0	8.0	0.21885688981825296	0.16096491949833142
1.1835544561737181	cosine	12.0	8.0	4.0	0.35668561398608073	0.053232974601062806
-0.1869668848364271	cosine	12.0	8.0	12.0	0.542782456065775	0.007014531725125648
-1.474736155799247	cosine	12.0	4.0	12.0	0.35668561398608073	0.053232974601062806
-0.6474631570775311	cosine	12.0	4.0	0.0	0.18759161984421682	0.1979406704679717
0.44076559974148344	cosine	12.0	8.0	0.0	0.5002443195845782	0.011787064559833655
-0.6147731434498758	cosine	12.0	4.0	12.0	0.29465333329284926	0.09117756893125428
-1.9452914292686367	cosine	12.0	8.0	4.0	0.35668561398608073	0.053232974601062806
-0.417147293245403	cosine	12.0	8.0	12.0	0.325669473639465	0.07025277592236653
-0.7253119703128554	cosine	12.0	12.0	8.0	0.26363719294623356	0.11640217218244758
0.6353188680095878	cosine	12.0	8.0	12.0	0.35668561398608073	0.053232974601062806
-1.589704814811105	cosine	12.0	0.0	4.0	0.34391796971439753	0.05979464037584733
-2.4495281386186596	cosine	12.0	4.0	0.0	0.2501221597922891	0.12881724171626302
0.4729427723737505	cosine	12.0	8.0	4.0	0.6668470174522378	0.0012722098173665757
1.0358456766658304	cosine	12.0	4.0	0.0	0.2501221597922891	0.12881724171626302
-1.7659906510573702	cosine	12.0	4.0	8.0	0.5737985964123907	0.004703590814103545
-0.36993089980075067	cosine	12.0	12.0	8.0	0.35668561398608073	0.053232974601062806
-0.7546796285142896	cosine	12.0	4.0	12.0	0.44973403502592785	0.02090527421057417
-2.1543052963540825	cosine	12.0	12.0	8.0	0.07754035086653928	0.3628199843123999
0.8190576810531541	cosine	12.0	8.0	4.0	0.542782456065775	0.007014531725125648
0.05718896010858958	cosine	12.0	4.0	8.0	0.1395726315597707	0.26379925819755046
-0.699685162712717	cosine	12.0	8.0	12.0	0.38770175433269644	0.03965908586713749
0.11263859299443194	cosine	12.0	8.0	0.0	0.12506107989614454	0.2856969100727392
-0.33988931459541555	cosine	12.0	4.0	0.0	0.34391796971439753	0.05979464037584733
0.738938456106987	cosine	12.0	8.0	12.0	0.108556491213155	0.31160584178390943
-0.9329870259535789	cosine	12.0	12.0	4.0	0.29465333329284926	0.09117756893125428
-0.25403183848246585	cosine	12.0	4.0	12.0	0.20160491225300214	0.18077354211323055
0.07954400704733187	cosine	12.0	12.0	8.0	0.23262105259961785	0.14621780365458337
-1.1267045161874403	cosine	12.0	8.0	4.0	0.6668470174522378	0.0012722098173665757
-0.3385666656139935	cosine	12.0	0.0	4.0	0.46897904961054204	0.016897895516253123
-1.1117670278850633	cosine	12.0	8.0	4.0	0.20160491225300214	0.18077354211323055
0.0945926736444437	cosine	12.0	4.0	12.0	0.26363719294623356	0.11640217218244758
-0.862871286105513	cosine	12.0	4.0	0.0	0.18759161984421682	0.1979406704679717
-0.16937745137704627	cosine	12.0	0.0	4.0	0.31265269974036136	0.07853426938217861
-0.9884707853000055	cosine	12.0	4.0	12.0	0.41871789467931214	0.02904431653896035
-0.3445788596497656	cosine	12.0	4.0	12.0	0.29465333329284926	0.09117756893125428
1.1146133141065198	cosine	12.0	8.0	12.0	0.17058877190638644	0.22004281389555647
-0.029788361601407614	cosine	12.0	8.0	4.0	0.29465333329284926	0.09117756893125428
-1.0831970079736981	cosine	12.0	4.0	0.0	0.43771377963650593	0.02379564823412834
-0.3278294985482436	cosine	12.0	8.0	0.0	0.5002443195845782	0.011787064559833655
1.291384353891017	cosine	12.0	0.0	4.0	0.18759161984421682	0.1979406704679717
-0.19493419058634978	cosine	12.0	0.0	4.0	0.12506107989614454	0.2856969100727392
0.4165864688378573	cosine	12.0	4.0	8.0	0.44973403502592785	0.02090527421057417
-0.7116153903337964	cosine	12.0	0.0	8.0	0.5002443195845782	0.011787064559833655
-0.6179306854551534	cosine	12.0	8.0	0.0	0.09379580992210841	0.3356006186019033
1.7690780235491534	cosine	12.0	0.0	8.0	0.15632634987018068	0.23962792898088553
0.17793379372556448	cosine	12.0	12.0	4.0	0.29465333329284926	0.09117756893125428
-1.4015169710732935	cosine	12.0	8.0	12.0	0.29465333329284926	0.09117756893125428
2.016157617795993	cosine	12.0	4.0	8.0	0.325669473639465	0.07025277592236653
-0.5820283206593491	cosine	12.0	0.0	4.0	0.15632634987018068	0.23962792898088553
0.6565349308284618	cosine	12.0	4.0	12.0	0.20160491225300214	0.18077354211323055
0.0016703715456628022	cosine	12.0	0.0	8.0	0.40644850966246976	0.03292085287309089
0.4225126160065913	cosine	12.0	4.0	12.0	0.325669473639465	0.07025277592236653
-0.14440305136824533	cosine	12.0	8.0	4.0	0.1395726315597707	0.26379925819755046
1.1111799220451886	cosine	12.0	12.0	4.0	0.26363719294623356	0.11640217218244758
-0.6007021907889987	cosine	12.0	12.0	8.0	0.26363719294623356	0.11640217218244758
0.793413437684516	cosine	12.0	12.0	4.0	0.35668561398608073	0.053232974601062806
-0.24440782226603006	cosine	12.0	4.0	8.0	0.38770175433269644	0.03965908586713749
0.8042961009400447	cosine	12.0	8.0	0.0	0.31265269974036136	0.07853426938217861
2.059693085561804	cosine	12.0	12.0	4.0	0.44973403502592785	0.02090527421057417
-0.30642285766417876	cosine	12.0	0.0	8.0	0.09379580992210841	0.3356006186019033
-0.07969907619210748	cosine	12.0	4.0	0.0	0.5002443195845782	0.011787064559833655
-1.6183933707562494	cosine	12.0	4.0	12.0	0.325669473639465	0.07025277592236653
0.26654844531926314	cosine	12.0	4.0	0.0	0.34391796971439753	0.05979464037584733
0.39789855731056495	cosine	12.0	4.0	8.0	0.17058877190638644	0.22004281389555647
0.22852157180229182	cosine	12.0	8.0	4.0	0.38770175433269644	0.03965908586713749
-0.7189452243251805	cosine	12.0	12.0	8.0	0.48075017537254355	0.014786104244078217
-0.557971944421992	cosine	12.0	12.0	4.0	0.48075017537254355	0.014786104244078217
0.7966064021836169	cosine	12.0	4.0	12.0	0.17058877190638644	0.22004281389555647
0.12968397781785995	cosine	12.0	8.0	0.0	0.34391796971439753	0.05979464037584733
-0.05337684727587877	cosine	12.0	4.0	0.0	0.18759161984421682	0.1979406704679717
0.26108436869878343	cosine	12.0	0.0	4.0	0.18759161984421682	0.1979406704679717
0.4426599801485239	cosine	12.0	4.0	8.0	0.41871789467931214	0.02904431653896035
0.03988707425037552	cosine	12.0	0.0	8.0	0.5315095895586144	0.008075181454718987
0.08215254061819881	cosine	12.0	8.0	4.0	0.44973403502592785	0.02090527421057417
-0.42040496383470694	cosine	12.0	8.0	12.0	0.23262105259961785	0.14621780365458337
-2.4284016527947885	cosine	12.0	12.0	4.0	0.44973403502592785	0.02090527421057417
-0.14431554406854266	cosine	12.0	8.0	12.0	0.23262105259961785	0.14621780365458337
0.1081284359211181	cosine	12.0	4.0	12.0	0.38770175433269644	0.03965908586713749
-0.2844804487294025	cosine	12.0	4.0	0.0	0.15632634987018068	0.23962792898088553
-1.4843721316057734	cosine	12.0	0.0	8.0	0.37518323968843365	0.044753897420978433
-0.9097699581123466	cosine	12.0	8.0	0.0	0.06253053994807227	0.38858842967327256
-0.9522672778874274	cosine	12.0	12.0	4.0	0.29465333329284926	0.09117756893125428
0.049876750046436984	cosine	12.0	8.0	4.0	0.26363719294623356	0.11640217218244758
-0.21800165547394318	cosine	12.0	4.0	0.0	0.46897904961054204	0.016897895516253123
-1.9042825932149186	cosine	12.0	12.0	4.0	0.38770175433269644	0.03965908586713749
-0.8621215045169139	cosine	12.0	12.0	8.0	0.35668561398608073	0.053232974601062806
-0.7466649221153606	cosine	12.0	12.0	4.0	0.07754035086653928	0.3628199843123999
0.9957312963357531	cosine	12.0	4.0	0.0	0.21885688981825296	0.16096491949833142
0.27003370686657446	cosine	12.0	12.0	4.0	0.44973403502592785	0.02090527421057417
0.4015706389704486	cosine	12.0	8.0	12.0	0.38770175433269644	0.03965908586713749
-1.894978935973749	cosine	12.0	8.0	4.0	0.1395726315597707	0.26379925819755046
-0.7960892622986899	cosine	12.0	12.0	4.0	0.542782456065775	0.007014531725125648
0.15877802195573146	cosine	12.0	4.0	12.0	0.38770175433269644	0.03965908586713749
1.1897809972032527	cosine	12.0	0.0	8.0	0.40644850966246976	0.03292085287309089
-1.7258615559500288	cosine	12.0	8.0	4.0	0.325669473639465	0.07025277592236653
-0.6302171412573545	cosine	12.0	8.0	0.0	0.46897904961054204	0.016897895516253123
-0.228867971650574	cosine	12.0	4.0	12.0	0.29465333329284926	0.09117756893125428
-0.7666501957693779	cosine	12.0	8.0	12.0	0.29465333329284926	0.09117756893125428
-0.9235545648014516	cosine	12.0	12.0	4.0	0.325669473639465	0.07025277592236653
1.3843767110718797	cosine	12.0	8.0	12.0	0.542782456065775	0.007014531725125648
-0.6245838555691987	cosine	12.0	12.0	4.0	0.5117663157191593	0.010275152505006458
0.4635088874501862	cosine	12.0	4.0	8.0	0.26363719294623356	0.11640217218244758
1.1606333169234586	cosine	12.0	8.0	4.0	0.542782456065775	0.007014531725125648
-0.2526420395101568	cosine	12.0	12.0	4.0	0.41871789467931214	0.02904431653896035
0.6464297062832973	cosine	12.0	8.0	4.0	0.20160491225300214	0.18077354211323055
0.4949334566125772	cosine	12.0	12.0	4.0	0.41871789467931214	0.02904431653896035
-0.5461694084331353	cosine	12.0	8.0	4.0	0.38770175433269644	0.03965908586713749
-0.09695247888558733	cosine	12.0	4.0	12.0	0.325669473639465	0.07025277592236653
-1.1006278720135352	cosine	12.0	0.0	4.0	0.18759161984421682	0.1979406704679717
0.6150953989596163	cosine	12.0	4.0	8.0	0.23262105259961785	0.14621780365458337
-1.7026130753895732	cosine	12.0	8.0	4.0	0.26363719294623356	0.11640217218244758
-0.17671857850077655	cosine	12.0	12.0	8.0	0.108556491213155	0.31160584178390943
0.6560649614877316	cosine	12.0	4.0	0.0	0.21885688981825296	0.16096491949833142
1.313044400792185	cosine	12.0	4.0	0.0	0.12506107989614454	0.2856969100727392
-0.5713294829145962	cosine	12.0	12.0	8.0	0.20160491225300214	0.18077354211323055
-0.8816330437060028	cosine	12.0	0.0	4.0	0.34391796971439753	0.05979464037584733
-0.6109805191771506	cosine	12.0	8.0	0.0	0.37518323968843365	0.044753897420978433
0.3082710715978299	cosine	12.0	8.0	0.0	0.12506107989614454	0.2856969100727392
-0.2532546128705446	cosine	12.0	0.0	8.0	0.2501221597922891	0.12881724171626302
-0.5117706696568632	cosine	12.0	8.0	4.0	0.35668561398608073	0.053232974601062806
0.3098278948541793	cosine	12.0	4.0	0.0	0.21885688981825296	0.16096491949833142
-1.0400203359695557	cosine	12.0	8.0	4.0	0.5117663157191593	0.010275152505006458
-0.2855285219109379	cosine	12.0	8.0	4.0	0.44973403502592785	0.02090527421057417
-1.1285053603576793	cosine	12.0	4.0	8.0	0.325669473639465	0.07025277592236653
2.1178026034151727	cosine	12.0	0.0	4.0	0.21885688981825296	0.16096491949833142
1.369544921845959	cosine	12.0	0.0	8.0	0.5627748595326505	0.005432675743650132
0.7009944588836742	cosine	12.0	4.0	0.0	0.5315095895586144	0.008075181454718987
-2.2285349442707907	cosine	12.0	8.0	0.0	0.31265269974036136	0.07853426938217861
-0.18499320859673138	cosine	12.0	4.0	12.0	0.23262105259961785	0.14621780365458337
0.8471199278745193	cosine	12.0	12.0	8.0	0.04652421051992357	0.4166158148211466
-0.9150262049367828	cosine	12.0	0.0	8.0	0.40644850966246976	0.03292085287309089
0.5522661928796011	cosine	12.0	8.0	0.0	0.5002443195845782	0.011787064559833655
-0.7341155884811459	cosine	12.0	4.0	8.0	0.325669473639465	0.07025277592236653
0.31301402361368297	cosine	12.0	0.0	4.0	0.18759161984421682	0.1979406704679717
1.1059948178448071	cosine	12.0	4.0	8.0	0.29465333329284926	0.09117756893125428
1.2049932456393146	cosine	12.0	0.0	4.0	0.40644850966246976	0.03292085287309089
-0.33539518660426665	cosine	12.0	12.0	8.0	0.20160491225300214	0.18077354211323055
1.6694699498386247	cosine	12.0	4.0	8.0	0.20160491225300214	0.18077354211323055
-0.09049248221933053	cosine	12.0	0.0	8.0	0.2501221597922891	0.12881724171626302
-1.7006738060062632	cosine	12.0	8.0	0.0	0.2501221597922891	0.12881724171626302
0.43954171820182153	cosine	12.0	0.0	4.0	0.18759161984421682	0.1979406704679717
0.7149021542332782	cosine	12.0	8.0	4.0	0.20160491225300214	0.18077354211323055
-0.10821611935391894	cosine	12.0	8.0	12.0	0.44973403502592785	0.02090527421057417
1.0890198729541303	cosine	12.0	8.0	0.0	0.12506107989614454	0.2856969100727392
0.7832217644224174	cosine	12.0	8.0	4.0	0.41871789467931214	0.02904431653896035
-1.045122516575677	cosine	12.0	8.0	0.0	0.31265269974036136	0.07853426938217861
-0.8142332828640387	cosine	12.0	0.0	8.0	0.15632634987018068	0.23962792898088553
0.48234748416357226	cosine	12.0	4.0	12.0	0.35668561398608073	0.053232974601062806
1.106652360665925	cosine	12.0	0.0	4.0	0.21885688981825296	0.16096491949833142
-0.7603424411338462	cosine	12.0	4.0	0.0	0.09379580992210841	0.3356006186019033
0.17933497940412033	cosine	12.0	12.0	4.0	0.29465333329284926	0.09117756893125428
-0.7008675274621996	cosine	12.0	12.0	4.0	0.1395726315597707	0.26379925819755046
1.4480041108383483	cosine	12.0	0.0	8.0	0.2501221597922891	0.12881724171626302
-0.08375182880480854	cosine	12.0	8.0	0.0	0.37518323968843365	0.044753897420978433
-1.091436735517277	cosine	12.0	4.0	8.0	0.41871789467931214	0.02904431653896035
-1.32602565281329	cosine	12.0	12.0	4.0	0.23262105259961785	0.14621780365458337
0.7315340843603734	cosine	12.0	8.0	12.0	0.5117663157191593	0.010275152505006458
-2.558744115784831	cosine	12.0	0.0	8.0	0.15632634987018068	0.23962792898088553
0.9340238932819226	cosine	12.0	4.0	8.0	0.20160491225300214	0.18077354211323055
1.547278815611649	cosine	12.0	12.0	4.0	0.6048147367590064	0.0030976341623523166
1.5834780549560878	cosine	12.0	0.0	4.0	0.31265269974036136	0.07853426938217861
-1.7231886627616209	cosine	12.0	4.0	0.0	0.28138742976632525	0.10142035953841916
-0.9692612671108418	cosine	12.0	8.0	0.0	0.18759161984421682	0.1979406704679717
-0.1997069602689118	cosine	12.0	8.0	4.0	0.26363719294623356	0.11640217218244758
-0.7758174636433988	cosine	12.0	8.0	0.0	0.18759161984421682	0.1979406704679717
-0.2461935124549801	cosine	12.0	0.0	4.0	0.5002443195845782	0.011787064559833655
1.1746895384000042	cosine	12.0	12.0	4.0	0.23262105259961785	0.14621780365458337
0.05714786901021358	cosine	12.0	8.0	4.0	0.26363719294623356	0.11640217218244758
0.3820011859369433	cosine	12.0	8.0	4.0	0.325669473639465	0.07025277592236653
-1.1770717623287892	cosine	12.0	8.0	4.0	0.29465333329284926	0.09117756893125428
-0.0882896429707744	cosine	12.0	8.0	12.0	0.17058877190638644	0.22004281389555647
0.7212260041963703	cosine	12.0	4.0	8.0	0.325669473639465	0.07025277592236653
1.5330973861986088	cosine	12.0	8.0	4.0	0.325669473639465	0.07025277592236653
0.08817832881102737	cosine	12.0	0.0	4.0	0.5002443195845782	0.011787064559833655
0.2652803887228813	cosine	12.0	12.0	4.0	0.38770175433269644	0.03965908586713749
-0.12162591878154123	cosine	12.0	12.0	4.0	0.23262105259961785	0.14621780365458337
-0.48967186652894196	cosine	12.0	0.0	4.0	0.15632634987018068	0.23962792898088553
1.2669696972004598	cosine	12.0	12.0	4.0	0.44973403502592785	0.02090527421057417
-0.3149627047354377	cosine	12.0	12.0	4.0	0.44973403502592785	0.02090527421057417
2.15783698064799	cosine	12.0	0.0	8.0	0.06253053994807227	0.38858842967327256
-0.9658841878145893	cosine	12.0	8.0	0.0	0.12506107989614454	0.2856969100727392
0.5976549165078531	cosine	12.0	8.0	4.0	0.1395726315597707	0.26379925819755046
-1.0209048362018418	cosine	12.0	4.0	8.0	0.17058877190638644	0.22004281389555647
0.9279565116594298	cosine	12.0	4.0	12.0	0.1395726315597707	0.26379925819755046
0.14209780874549022	cosine	12.0	8.0	12.0	0.23262105259961785	0.14621780365458337
-0.464004250808334	cosine	12.0	4.0	0.0	0.28138742976632525	0.10142035953841916
0.7326959877086606	cosine	12.0	8.0	4.0	0.07754035086653928	0.3628199843123999
0.009118525490799308	cosine	12.0	4.0	8.0	0.1395726315597707	0.26379925819755046
-0.21481450392222265	cosine	12.0	0.0	4.0	0.31265269974036136	0.07853426938217861
-2.1075788784699516	cosine	12.0	12.0	4.0	0.1395726315597707	0.26379925819755046
-0.5883981852537717	cosine	12.0	4.0	8.0	0.38770175433269644	0.03965908586713749
-0.8988242008975179	cosine	12.0	4.0	8.0	0.35668561398608073	0.053232974601062806
1.3120152068436028	cosine	12.0	4.0	0.0	0.31265269974036136	0.07853426938217861
0.11806503516333729	cosine	12.0	12.0	8.0	0.1395726315597707	0.26379925819755046
-1.1211723419164557	cosine	12.0	4.0	8.0	0.23262105259961785	0.14621780365458337
-0.671506205108008	cosine	12.0	8.0	12.0	0.29465333329284926	0.09117756893125428
-0.1331839684535722	cosine	12.0	4.0	8.0	0.41871789467931214	0.02904431653896035
-1.0138338432574714	cosine	12.0	8.0	4.0	0.38770175433269644	0.03965908586713749
-1.212595871748946	cosine	12.0	4.0	0.0	0.31265269974036136	0.07853426938217861
-0.5113206217104604	cosine	12.0	0.0	4.0	0.40644850966246976	0.03292085287309089
0.8360458758552494	cosine	12.0	8.0	4.0	0.20160491225300214	0.18077354211323055
1.1938230377613477	cosine	12.0	12.0	8.0	0.26363719294623356	0.11640217218244758
-0.9575585958234524	cosine	12.0	0.0	8.0	0.15632634987018068	0.23962792898088553
-0.19314731153823034	cosine	12.0	4.0	12.0	0.35668561398608073	0.053232974601062806
1.001359284438552	cosine	12.0	4.0	8.0	0.44973403502592785	0.02090527421057417
1.1334325949975472	cosine	12.0	4.0	8.0	0.20160491225300214	0.18077354211323055
0.4774988530829181	cosine	12.0	8.0	12.0	0.20160491225300214	0.18077354211323055
1.0280573485217086	cosine	12.0	4.0	8.0	0.23262105259961785	0.14621780365458337
1.5641128745665118	cosine	12.0	12.0	8.0	0.325669473639465	0.07025277592236653
-1.5386966316539383	cosine	12.0	4.0	0.0	0.46897904961054204	0.016897895516253123
-0.4388674841301113	cosine	12.0	12.0	4.0	0.20160491225300214	0.18077354211323055
-1.3094543933380571	cosine	12.0	8.0	4.0	0.44973403502592785	0.02090527421057417
1.9852875841433824	cosine	12.0	4.0	0.0	0.37518323968843365	0.044753897420978433
-1.3349708020447717	cosine	12.0	4.0	0.0	0.5940401295066866	0.0035886947605967253
-1.523574318748619	cosine	12.0	12.0	8.0	0.35668561398608073	0.053232974601062806
-0.051516260505174376	cosine	12.0	12.0	4.0	0.07754035086653928	0.3628199843123999
1.2406203526694615	cosine	12.0	8.0	0.0	0.12506107989614454	0.2856969100727392
-1.0795175271188922	cosine	12.0	0.0	8.0	0.12506107989614454	0.2856969100727392
2.3765994213547645	cosine	12.0	8.0	12.0	0.23262105259961785	0.14621780365458337
0.10980097613626996	cosine	12.0	8.0	4.0	0.20160491225300214	0.18077354211323055
-0.9208531857222786	cosine	12.0	8.0	0.0	0.12506107989614454	0.2856969100727392
-0.22751127739116486	cosine	12.0	12.0	8.0	0.325669473639465	0.07025277592236653
-0.3365067306446975	cosine	12.0	4.0	8.0	0.35668561398608073	0.053232974601062806
2.2844319528717305	cosine	12.0	8.0	4.0	0.38770175433269644	0.03965908586713749
-0.8111411894267089	cosine	12.0	12.0	8.0	0.35668561398608073	0.053232974601062806
0.5820997326210484	cosine	12.0	12.0	8.0	0.23262105259961785	0.14621780365458337
1.8074596761785835	cosine	12.0	8.0	4.0	0.23262105259961785	0.14621780365458337
-1.1461883560592234	cosine	12.0	4.0	8.0	0.04652421051992357	0.4166158148211466
-0.347117075498706	cosine	12.0	8.0	4.0	0.6668470174522378	0.0012722098173665757
-1.868187868859174	cosine	12.0	12.0	8.0	0.17058877190638644	0.22004281389555647
0.21706569435262815	cosine	12.0	12.0	8.0	0.6358308771056221	0.0020033371474573332
0.45851111021637536	cosine	12.0	0.0	4.0	0.5002443195845782	0.011787064559833655
-0.97554081311152	cosine	12.0	4.0	8.0	0.48075017537254355	0.014786104244078217
0.4221790965292431	cosine	12.0	12.0	8.0	0.1395726315597707	0.26379925819755046
0.7517729910842894	cosine	12.0	12.0	8.0	0.542782456065775	0.007014531725125648
-0.5608662365747115	cosine	12.0	8.0	0.0	0.37518323968843365	0.044753897420978433
-2.3750922959948033	cosine	12.0	4.0	0.0	0.40644850966246976	0.03292085287309089
0.35727121859218475	cosine	12.0	8.0	4.0	0.29465333329284926	0.09117756893125428
0.41736813192312655	cosine	12.0	4.0	8.0	0.41871789467931214	0.02904431653896035
0.9956007851747596	cosine	12.0	4.0	8.0	0.26363719294623356	0.11640217218244758
0.7098992184887037	cosine	12.0	4.0	0.0	0.06253053994807227	0.38858842967327256
0.36638035619990783	cosine	12.0	8.0	12.0	0.23262105259961785	0.14621780365458337
0.45994189160343985	cosine	12.0	12.0	8.0	0.38770175433269644	0.03965908586713749
0.13042317092827366	cosine	12.0	4.0	8.0	0.41871789467931214	0.02904431653896035
-0.010563043970645461	cosine	12.0	4.0	8.0	0.04652421051992357	0.4166158148211466
-0.13924311117359137	cosine	12.0	12.0	8.0	0.17058877190638644	0.22004281389555647
0.15683312242206943	cosine	12.0	8.0	12.0	0.26363719294623356	0.11640217218244758
-1.0484111339539863	cosine	12.0	0.0	4.0	0.12506107989614454	0.2856969100727392
-0.7705994884889146	cosine	12.0	8.0	12.0	0.325669473639465	0.07025277592236653
0.2778179149934617	cosine	12.0	4.0	0.0	0.2501221597922891	0.12881724171626302
1.066166982746867	cosine	12.0	12.0	8.0	0.17058877190638644	0.22004281389555647
-1.0771078821926439	cosine	12.0	0.0	4.0	0.18759161984421682	0.1979406704679717
-1.2368831556751643	cosine	12.0	12.0	8.0	0.17058877190638644	0.22004281389555647
0.3993980977544063	cosine	12.0	8.0	0.0	0.12506107989614454	0.2856969100727392
1.411804728736113	cosine	12.0	8.0	4.0	0.5117663157191593	0.010275152505006458
0.018254291110243893	cosine	12.0	4.0	0.0	0.09379580992210841	0.3356006186019033
0.7200006960575429	cosine	12.0	8.0	0.0	0.5002443195845782	0.011787064559833655
1.1645316932914325	cosine	12.0	8.0	0.0	0.34391796971439753	0.05979464037584733
0.18349691077385077	cosine	12.0	4.0	0.0	0.5940401295066866	0.0035886947605967253
-0.16850103749817305	cosine	12.0	8.0	4.0	0.20160491225300214	0.18077354211323055
-1.6732402773869497	cosine	12.0	0.0	4.0	0.37518323968843365	0.044753897420978433
-1.0083801817692335	cosine	12.0	12.0	4.0	0.26363719294623356	0.11640217218244758
0.07921989697724315	cosine	12.0	12.0	8.0	0.07754035086653928	0.3628199843123999
-2.0105022486015742	cosine	12.0	4.0	12.0	0.35668561398608073	0.053232974601062806
0.5351446358667373	cosine	12.0	8.0	12.0	0.23262105259961785	0.14621780365458337
1.1837937544679846	cosine	12.0	8.0	4.0	0.26363719294623356	0.11640217218244758
-0.1950164150622496	cosine	12.0	12.0	4.0	0.1395726315597707	0.26379925819755046
0.39698748638963555	cosine	12.0	4.0	12.0	0.23262105259961785	0.14621780365458337
-0.1942647617091658	cosine	12.0	4.0	8.0	0.108556491213155	0.31160584178390943
-0.2757177306434277	cosine	12.0	12.0	4.0	0.108556491213155	0.31160584178390943
0.2156026357840742	cosine	12.0	0.0	8.0	0.34391796971439753	0.05979464037584733
-1.5238464135807523	cosine	12.0	8.0	12.0	0.20160491225300214	0.18077354211323055
-0.9113959517975281	cosine	12.0	8.0	0.0	0.28138742976632525	0.10142035953841916
-0.9383660717574881	cosine	12.0	8.0	0.0	0.37518323968843365	0.044753897420978433
-1.6908386975644503	cosine	12.0	8.0	12.0	0.5117663157191593	0.010275152505006458
0.020950058112452357	cosine	12.0	8.0	12.0	0.5737985964123907	0.004703590814103545
-0.5677423378636952	cosine	12.0	8.0	0.0	0.15632634987018068	0.23962792898088553
0.010505995668826876	cosine	12.0	4.0	0.0	0.21885688981825296	0.16096491949833142
-1.2889464984276053	cosine	12.0	4.0	0.0	0.21885688981825296	0.16096491949833142
-0.24839752278410984	cosine	12.0	4.0	0.0	0.21885688981825296	0.16096491949833142
-0.3655835383593782	cosine	12.0	8.0	4.0	0.108556491213155	0.31160584178390943
0.3103920520521941	cosine	12.0	12.0	4.0	0.38770175433269644	0.03965908586713749
0.524179320940243	cosine	12.0	12.0	8.0	0.5117663157191593	0.010275152505006458
2.4196390003298442	cosine	12.0	8.0	4.0	0.325669473639465	0.07025277592236653
0.5837869909133837	cosine	12.0	4.0	12.0	0.29465333329284926	0.09117756893125428
0.02201168240011942	cosine	12.0	8.0	4.0	0.20160491225300214	0.18077354211323055
-0.7183044331917161	cosine	12.0	8.0	4.0	0.542782456065775	0.007014531725125648
-0.5067294341416151	cosine	12.0	0.0	4.0	0.31265269974036136	0.07853426938217861
0.9656151028664746	cosine	12.0	8.0	0.0	0.40644850966246976	0.03292085287309089
-0.006023628476690185	cosine	12.0	12.0	4.0	0.325669473639465	0.07025277592236653
-0.6787921495371344	cosine	12.0	12.0	8.0	0.108556491213155	0.31160584178390943
0.9653207509369153	cosine	12.0	4.0	0.0	0.2501221597922891	0.12881724171626302
-0.4864778142482789	cosine	12.0	4.0	0.0	0.18759161984421682	0.1979406704679717
-0.3243433062502585	cosine	12.0	4.0	0.0	0.31265269974036136	0.07853426938217861
-0.4716108908830531	cosine	12.0	4.0	12.0	0.20160491225300214	0.18077354211323055
-0.36570724319886655	cosine	12.0	0.0	8.0	0.12506107989614454	0.2856969100727392
0.6955559425311524	cosine	12.0	4.0	0.0	0.2501221597922891	0.12881724171626302
-0.7595612605438918	cosine	12.0	12.0	4.0	0.325669473639465	0.07025277592236653
-0.8952363146262414	cosine	12.0	12.0	8.0	0.29465333329284926	0.09117756893125428
-0.6905180452690711	cosine	12.0	12.0	4.0	0.325669473639465	0.07025277592236653
-0.2032556952810716	cosine	12.0	8.0	4.0	0.1395726315597707	0.26379925819755046
-0.01978275770566836	cosine	12.0	4.0	0.0	0.18759161984421682	0.1979406704679717
1.705511379986436	cosine	12.0	12.0	4.0	0.325669473639465	0.07025277592236653
1.1198324931418107	cosine	12.0	0.0	8.0	0.12506107989614454	0.2856969100727392
-0.4840657099273848	cosine	12.0	4.0	12.0	0.29465333329284926	0.09117756893125428
1.6243848756311694	cosine	12.0	0.0	4.0	0.18759161984421682	0.1979406704679717
-1.4323345777529137	cosine	12.0	4.0	12.0	0.38770175433269644	0.03965908586713749
0.130320192334032	cosine	12.0	4.0	12.0	0.48075017537254355	0.014786104244078217
0.2669112420448172	cosine	12.0	8.0	4.0	0.325669473639465	0.07025277592236653
0.9089729101116325	cosine	12.0	8.0	12.0	0.1395726315597707	0.26379925819755046
2.1780548474790464	cosine	12.0	8.0	4.0	0.20160491225300214	0.18077354211323055
-0.4170402028280618	cosine	12.0	8.0	12.0	0.1395726315597707	0.26379925819755046
-0.7291024093871113	cosine	12.0	4.0	0.0	0.06253053994807227	0.38858842967327256
1.2321528345907693	cosine	12.0	8.0	4.0	0.542782456065775	0.007014531725125648
-1.4112905816117896	cosine	12.0	8.0	12.0	0.7909115788387007	0.00017212732481592012
-0.3173196029273428	cosine	12.0	8.0	4.0	0.26363719294623356	0.11640217218244758
-1.2935062359295069	cosine	12.0	4.0	0.0	0.2501221597922891	0.12881724171626302
-0.7657443652737473	cosine	12.0	4.0	12.0	0.35668561398608073	0.053232974601062806
0.511552327827182	cosine	12.0	8.0	12.0	0.108556491213155	0.31160584178390943
-0.3495517827346565	cosine	12.0	0.0	4.0	0.34391796971439753	0.05979464037584733
-1.7795440373972324	cosine	12.0	0.0	8.0	0.2501221597922891	0.12881724171626302
0.24932471440230364	cosine	12.0	4.0	8.0	0.35668561398608073	0.053232974601062806
0.3873197770956413	cosine	12.0	4.0	8.0	0.1395726315597707	0.26379925819755046
-0.40406556315480313	cosine	12.0	0.0	8.0	0.28138742976632525	0.10142035953841916
0.3822168635989488	cosine	12.0	0.0	4.0	0.09379580992210841	0.3356006186019033
0.09049433841091767	cosine	12.0	4.0	0.0	0.28138742976632525	0.10142035953841916
-1.6687207414230258	cosine	12.0	12.0	8.0	0.44973403502592785	0.02090527421057417
-0.8961768413370907	cosine	12.0	4.0	12.0	0.108556491213155	0.31160584178390943
-0.924742512923411	cosine	12.0	12.0	4.0	0.48075017537254355	0.014786104244078217
0.7890971701526032	cosine	12.0	4.0	0.0	0.28138742976632525	0.10142035953841916
-0.7002803552354717	cosine	12.0	12.0	4.0	0.35668561398608073	0.053232974601062806
-0.041685761561405806	cosine	12.0	12.0	8.0	0.20160491225300214	0.18077354211323055
0.5444627192486697	cosine	12.0	0.0	8.0	0.43771377963650593	0.02379564823412834
1.135415203985679	cosine	12.0	4.0	8.0	0.1395726315597707	0.26379925819755046
0.3506496648395303	cosine	12.0	12.0	4.0	0.1395726315597707	0.26379925819755046
0.19283164780016362	cosine	12.0	8.0	12.0	0.17058877190638644	0.22004281389555647
-0.1517936584997402	cosine	12.0	8.0	12.0	0.108556491213155	0.31160584178390943
-0.8780875552852455	cosine	12.0	8.0	4.0	0.542782456065775	0.007014531725125648
-0.36608940148076535	cosine	12.0	12.0	4.0	0.5117663157191593	0.010275152505006458
-0.14172383900878766	cosine	12.0	4.0	0.0	0.28138742976632525	0.10142035953841916
0.14324102280929396	cosine	12.0	4.0	0.0	0.2501221597922891	0.12881724171626302
-0.6333041132659825	cosine	12.0	8.0	12.0	0.20160491225300214	0.18077354211323055
-1.3153065228516314	cosine	12.0	0.0	8.0	0.43771377963650593	0.02379564823412834
2.2862365381169716	cosine	12.0	8.0	4.0	0.29465333329284926	0.09117756893125428
1.9394801395923886	cosine	12.0	4.0	12.0	0.35668561398608073	0.053232974601062806
0.13306125818420014	cosine	12.0	8.0	4.0	0.23262105259961785	0.14621780365458337
0.4736018145421004	cosine	12.0	4.0	8.0	0.325669473639465	0.07025277592236653
-0.6736158445755667	cosine	12.0	12.0	4.0	0.29465333329284926	0.09117756893125428
-0.3284315610776094	cosine	12.0	8.0	0.0	0.31265269974036136	0.07853426938217861
-0.3871128815424746	cosine	12.0	4.0	12.0	0.26363719294623356	0.11640217218244758
-1.366109596805437	cosine	12.0	8.0	0.0	0.37518323968843365	0.044753897420978433
0.08918807530637968	cosine	12.0	12.0	4.0	0.1395726315597707	0.26379925819755046
-0.4729136442885498	cosine	12.0	4.0	0.0	0.5002443195845782	0.011787064559833655
1.238527929111057	cosine	12.0	12.0	4.0	0.44973403502592785	0.02090527421057417
0.5441727839425559	cosine	12.0	4.0	12.0	0.325669473639465	0.07025277592236653
0.4937879241207964	cosine	12.0	12.0	4.0	0.26363719294623356	0.11640217218244758
0.6181033728921865	cosine	12.0	12.0	8.0	0.23262105259961785	0.14621780365458337
0.6629777596521534	cosine	12.0	0.0	4.0	0.21885688981825296	0.16096491949833142
0.6793025012382167	cosine	12.0	0.0	4.0	0.15632634987018068	0.23962792898088553
-1.236215195866396	cosine	12.0	12.0	8.0	0.325669473639465	0.07025277592236653
-0.1240257802685727	cosine	12.0	4.0	8.0	0.29465333329284926	0.09117756893125428
0.43523284891600683	cosine	12.0	4.0	12.0	0.20160491225300214	0.18077354211323055
-0.19228529684105175	cosine	12.0	4.0	8.0	0.38770175433269644	0.03965908586713749
-1.60681359476947	cosine	12.0	12.0	8.0	0.1395726315597707	0.26379925819755046
0.7676513847049107	cosine	12.0	0.0	4.0	0.46897904961054204	0.016897895516253123
0.5676771599739749	cosine	12.0	4.0	0.0	0.40644850966246976	0.03292085287309089
0.7287799542480078	cosine	12.0	4.0	8.0	0.41871789467931214	0.02904431653896035
-0.6623046995785608	cosine	12.0	0.0	4.0	0.18759161984421682	0.1979406704679717
0.5937145617051182	cosine	12.0	0.0	4.0	0.34391796971439753	0.05979464037584733
0.036882339531484155	cosine	12.0	8.0	4.0	0.23262105259961785	0.14621780365458337
0.06506751828094778	cosine	12.0	4.0	0.0	0.28138742976632525	0.10142035953841916
-2.614036680366439	cosine	12.0	4.0	0.0	0.09379580992210841	0.3356006186019033
-1.2334430136750432	cosine	12.0	4.0	12.0	0.26363719294623356	0.11640217218244758
-0.3934276144594879	cosine	12.0	8.0	4.0	0.38770175433269644	0.03965908586713749
-0.443499475506473	cosine	12.0	8.0	4.0	0.1395726315597707	0.26379925819755046
0.3540172478152186	cosine	12.0	12.0	4.0	0.108556491213155	0.31160584178390943
-0.7604886343440415	cosine	12.0	4.0	0.0	0.15632634987018068	0.23962792898088553
0.7832377501702392	cosine	12.0	4.0	0.0	0.15632634987018068	0.23962792898088553
0.636880563226532	cosine	12.0	4.0	8.0	0.6048147367590064	0.0030976341623523166
-0.7637574949146543	cosine	12.0	8.0	0.0	0.46897904961054204	0.016897895516253123
1.714877967956789	cosine	12.0	8.0	4.0	0.17058877190638644	0.22004281389555647
1.1851113154331434	cosine	12.0	0.0	4.0	0.28138742976632525	0.10142035953841916
0.22865027585296416	cosine	12.0	8.0	12.0	0.38770175433269644	0.03965908586713749
-0.9598323248881862	cosine	12.0	4.0	8.0	0.29465333329284926	0.09117756893125428
-0.8259612021629439	cosine	12.0	8.0	0.0	0.15632634987018068	0.23962792898088553
-0.24285697753335644	cosine	12.0	12.0	8.0	0.17058877190638644	0.22004281389555647
1.5831840065685834	cosine	12.0	8.0	4.0	0.26363719294623356	0.11640217218244758
1.4675108878560355	cosine	12.0	4.0	8.0	0.41871789467931214	0.02904431653896035
-1.6078562512421761	cosine	12.0	8.0	12.0	0.04652421051992357	0.4166158148211466
-1.6154189948247022	cosine	12.0	12.0	4.0	0.41871789467931214	0.02904431653896035
-0.21156907426481958	cosine	12.0	8.0	0.0	0.31265269974036136	0.07853426938217861
1.344654993970089	cosine	12.0	12.0	4.0	0.17058877190638644	0.22004281389555647
-0.403754859875862	cosine	12.0	12.0	8.0	0.1395726315597707	0.26379925819755046
-2.0576582263523453	cosine	12.0	8.0	12.0	0.26363719294623356	0.11640217218244758
2.366469991583465	cosine	12.0	4.0	12.0	0.44973403502592785	0.02090527421057417
-0.5404103068019449	cosine	12.0	4.0	8.0	0.48075017537254355	0.014786104244078217
0.7246929989171353	cosine	12.0	0.0	4.0	0.46897904961054204	0.016897895516253123
0.48663071438919964	cosine	12.0	12.0	8.0	0.44973403502592785	0.02090527421057417
-1.2898544225358604	cosine	12.0	12.0	8.0	0.325669473639465	0.07025277592236653
0.255025975551691	cosine	12.0	0.0	8.0	0.7191012094028312	0.0005679614709175215
0.13343648783693687	cosine	12.0	4.0	8.0	0.108556491213155	0.31160584178390943
0.8162341053139981	cosine	12.0	4.0	8.0	0.29465333329284926	0.09117756893125428
-0.9668923597902993	cosine	12.0	4.0	12.0	0.108556491213155	0.31160584178390943
-1.5098537736885613	cosine	12.0	8.0	12.0	0.20160491225300214	0.18077354211323055
0.41738782314193273	cosine	12.0	4.0	8.0	0.20160491225300214	0.18077354211323055
-2.274858833253071	cosine	12.0	12.0	8.0	0.325669473639465	0.07025277592236653
0.0772018418925583	cosine	12.0	4.0	8.0	0.26363719294623356	0.11640217218244758
-0.8221486109577302	cosine	12.0	8.0	12.0	0.29465333329284926	0.09117756893125428
1.4425543100493607	cosine	12.0	4.0	12.0	0.325669473639465	0.07025277592236653
-0.010551209765795148	cosine	12.0	4.0	8.0	0.35668561398608073	0.053232974601062806
-0.6652892435767271	cosine	12.0	12.0	4.0	0.26363719294623356	0.11640217218244758
0.35240379156881263	cosine	12.0	4.0	12.0	0.44973403502592785	0.02090527421057417
-0.23498209193744451	cosine	12.0	12.0	8.0	0.20160491225300214	0.18077354211323055
-0.8748790098140159	cosine	12.0	8.0	0.0	0.2501221597922891	0.12881724171626302
0.6158680855120177	cosine	12.0	4.0	8.0	0.108556491213155	0.31160584178390943
0.3628278476119508	cosine	12.0	8.0	12.0	0.1395726315597707	0.26379925819755046
-0.11477471628407883	cosine	12.0	4.0	12.0	0.325669473639465	0.07025277592236653
0.4862875241691207	cosine	12.0	0.0	4.0	0.15632634987018068	0.23962792898088553
-0.05468675146430469	cosine	12.0	0.0	8.0	0.06253053994807227	0.38858842967327256
0.2873156304209563	cosine	12.0	12.0	4.0	0.20160491225300214	0.18077354211323055
-0.5469066863711448	cosine	12.0	4.0	8.0	0.29465333329284926	0.09117756893125428
2.6092204776217462	cosine	12.0	0.0	8.0	0.15632634987018068	0.23962792898088553
1.0220247157145719	cosine	12.0	0.0	8.0	0.28138742976632525	0.10142035953841916
-1.9449772078521033	cosine	12.0	4.0	0.0	0.34391796971439753	0.05979464037584733
-0.590476936883108	cosine	12.0	4.0	0.0	0.06253053994807227	0.38858842967327256
-0.8242379588784273	cosine	12.0	4.0	0.0	0.34391796971439753	0.05979464037584733
-0.9955285073576613	cosine	12.0	8.0	12.0	0.20160491225300214	0.18077354211323055
-0.02286989683861824	cosine	12.0	12.0	4.0	0.108556491213155	0.31160584178390943
0.01390843608700358	cosine	12.0	0.0	4.0	0.31265269974036136	0.07853426938217861
-0.6114401347259588	cosine	12.0	8.0	0.0	0.28138742976632525	0.10142035953841916
0.5618394298159495	cosine	12.0	12.0	4.0	0.26363719294623356	0.11640217218244758
-0.7684980031217581	cosine	12.0	4.0	8.0	0.35668561398608073	0.053232974601062806
0.8646945325074825	cosine	12.0	8.0	0.0	0.5002443195845782	0.011787064559833655
1.2191664400079512	cosine	12.0	4.0	8.0	0.325669473639465	0.07025277592236653
-0.7859992947848495	cosine	12.0	8.0	12.0	0.542782456065775	0.007014531725125648
0.5896543973976172	cosine	12.0	8.0	0.0	0.5627748595326505	0.005432675743650132
-0.20953302744806737	cosine	12.0	8.0	0.0	0.31265269974036136	0.07853426938217861
-1.2002798793322262	cosine	12.0	4.0	8.0	0.20160491225300214	0.18077354211323055
0.4899754899908635	cosine	12.0	12.0	8.0	0.17058877190638644	0.22004281389555647
-0.4118779286477517	cosine	12.0	4.0	0.0	0.18759161984421682	0.1979406704679717
1.923235879322669	cosine	12.0	0.0	4.0	0.15632634987018068	0.23962792898088553
1.262598993334603	cosine	12.0	4.0	0.0	0.18759161984421682	0.1979406704679717
0.8719777407092408	cosine	12.0	8.0	12.0	0.38770175433269644	0.03965908586713749
1.441639502377393	cosine	12.0	0.0	8.0	0.46897904961054204	0.016897895516253123
-0.6298022994078514	cosine	12.0	8.0	0.0	0.15632634987018068	0.23962792898088553
1.1814899035430513	cosine	12.0	8.0	4.0	0.23262105259961785	0.14621780365458337
-0.2465239542760175	cosine	12.0	8.0	4.0	0.23262105259961785	0.14621780365458337
1.1764883802847332	cosine	12.0	4.0	12.0	0.20160491225300214	0.18077354211323055
0.767711446280318	cosine	12.0	8.0	0.0	0.40644850966246976	0.03292085287309089
-0.06830317605602775	cosine	12.0	4.0	0.0	0.12506107989614454	0.2856969100727392
-1.5231077210346182	cosine	12.0	4.0	0.0	0.5627748595326505	0.005432675743650132
0.5591664206694663	cosine	12.0	0.0	4.0	0.15632634987018068	0.23962792898088553
0.5237942452837272	cosine	12.0	4.0	8.0	0.44973403502592785	0.02090527421057417
-0.0640018172824212	cosine	12.0	4.0	8.0	0.1395726315597707	0.26379925819755046
0.6047157275259617	cosine	12.0	4.0	12.0	0.1395726315597707	0.26379925819755046
-2.290101042542974	cosine	12.0	8.0	0.0	0.37518323968843365	0.044753897420978433
-0.3009580906670786	cosine	12.0	0.0	4.0	0.28138742976632525	0.10142035953841916
1.2134577678902065	cosine	12.0	4.0	0.0	0.28138742976632525	0.10142035953841916
-1.5610870706639413	cosine	12.0	4.0	0.0	0.28138742976632525	0.10142035953841916
-0.43599001616291666	cosine	12.0	0.0	4.0	0.31265269974036136	0.07853426938217861
-0.5882850329638619	cosine	12.0	4.0	0.0	0.06253053994807227	0.38858842967327256
-0.16727642609470958	cosine	12.0	0.0	4.0	0.31265269974036136	0.07853426938217861
3.215058590511403	cosine	12.0	0.0	8.0	0.15632634987018068	0.23962792898088553
-0.20337425349499455	cosine	12.0	4.0	0.0	0.12506107989614454	0.2856969100727392
1.0591424318522185	cosine	12.0	8.0	4.0	0.17058877190638644	0.22004281389555647
-0.7557560219290311	cosine	12.0	0.0	8.0	0.37518323968843365	0.044753897420978433
1.1393226194969133	cosine	12.0	8.0	12.0	0.29465333329284926	0.09117756893125428
1.8087851167025362	cosine	12.0	0.0	8.0	0.34391796971439753	0.05979464037584733
0.20553823928759193	cosine	12.0	4.0	0.0	0.12506107989614454	0.2856969100727392
-1.4056986937261562	cosine	12.0	0.0	4.0	0.09379580992210841	0.3356006186019033
-0.5706557079211754	cosine	12.0	0.0	8.0	0.21885688981825296	0.16096491949833142
-0.3253351620040425	cosine	12.0	8.0	4.0	0.1395726315597707	0.26379925819755046
0.6705200957848387	cosine	12.0	0.0	8.0	0.5315095895586144	0.008075181454718987
0.3724646018100098	cosine	12.0	4.0	8.0	0.44973403502592785	0.02090527421057417
0.2339311160694701	cosine	12.0	8.0	12.0	0.26363719294623356	0.11640217218244758
0.13205853761952682	cosine	12.0	12.0	8.0	0.35668561398608073	0.053232974601062806
-0.15885566644356577	cosine	12.0	0.0	4.0	0.09379580992210841	0.3356006186019033
-0.6689229614491584	cosine	12.0	0.0	8.0	0.12506107989614454	0.2856969100727392
-0.9972590255656738	cosine	12.0	8.0	0.0	0.37518323968843365	0.044753897420978433
2.4662751244391563	cosine	12.0	0.0	8.0	0.21885688981825296	0.16096491949833142
1.0230612970766892	cosine	12.0	8.0	0.0	0.37518323968843365	0.044753897420978433
-0.1508652272595703	cosine	12.0	0.0	8.0	0.37518323968843365	0.044753897420978433
0.7044135761979017	cosine	12.0	8.0	0.0	0.21885688981825296	0.16096491949833142
0.18098592689387613	cosine	12.0	4.0	8.0	0.35668561398608073	0.053232974601062806
-0.5333973744942114	cosine	12.0	0.0	4.0	0.43771377963650593	0.02379564823412834
-2.232428854312016	cosine	12.0	4.0	8.0	0.20160491225300214	0.18077354211323055
-0.6249074424910696	cosine	12.0	8.0	0.0	0.12506107989614454	0.2856969100727392
-0.22126089668462612	cosine	12.0	8.0	4.0	0.35668561398608073	0.053232974601062806
1.640178146314243	cosine	12.0	0.0	8.0	0.21885688981825296	0.16096491949833142
-1.9233458755213697	cosine	12.0	4.0	12.0	0.542782456065775	0.007014531725125648
0.40206911641428383	cosine	12.0	4.0	8.0	0.108556491213155	0.31160584178390943
0.8480234629596505	cosine	12.0	4.0	8.0	0.23262105259961785	0.14621780365458337
1.2693097080584579	cosine	12.0	8.0	4.0	0.542782456065775	0.007014531725125648
2.365935856064051	cosine	12.0	12.0	8.0	0.41871789467931214	0.02904431653896035
-1.971499112056083	cosine	12.0	8.0	4.0	0.325669473639465	0.07025277592236653
-0.07417283841988644	cosine	12.0	8.0	4.0	0.38770175433269644	0.03965908586713749
0.8063082820868535	cosine	12.0	8.0	12.0	0.1395726315597707	0.26379925819755046
0.55504066532307	cosine	12.0	4.0	12.0	0.542782456065775	0.007014531725125648
-1.378226101158596	cosine	12.0	0.0	4.0	0.28138742976632525	0.10142035953841916
1.708003177622964	cosine	12.0	4.0	12.0	0.20160491225300214	0.18077354211323055
1.6808810172990365	cosine	12.0	0.0	4.0	0.12506107989614454	0.2856969100727392
0.12545405590861794	cosine	12.0	4.0	8.0	0.29465333329284926	0.09117756893125428
-2.103706673634292	cosine	12.0	0.0	8.0	0.2501221597922891	0.12881724171626302
1.0655628814283864	cosine	12.0	0.0	8.0	0.5627748595326505	0.005432675743650132
2.8444036444456766	cosine	12.0	8.0	12.0	0.38770175433269644	0.03965908586713749
1.0979319560046732	cosine	12.0	8.0	0.0	0.21885688981825296	0.16096491949833142
0.21906610584217992	cosine	12.0	0.0	4.0	0.09379580992210841	0.3356006186019033
-0.23699146092702802	cosine	12.0	12.0	8.0	0.48075017537254355	0.014786104244078217
-0.8048755574482734	cosine	12.0	4.0	8.0	0.38770175433269644	0.03965908586713749
0.03434721919677584	cosine	12.0	4.0	8.0	0.20160491225300214	0.18077354211323055
1.3089704703594933	cosine	12.0	8.0	4.0	0.1395726315597707	0.26379925819755046
-0.008000917942218836	cosine	12.0	0.0	8.0	0.34391796971439753	0.05979464037584733
0.48814714467925213	cosine	12.0	0.0	8.0	0.2501221597922891	0.12881724171626302
1.7643622752071098	cosine	12.0	4.0	0.0	0.40644850966246976	0.03292085287309089
1.7141493834182941	cosine	12.0	8.0	12.0	0.29465333329284926	0.09117756893125428
-1.3318581707135462	cosine	12.0	8.0	4.0	0.20160491225300214	0.18077354211323055
-1.715144105457531	cosine	12.0	12.0	8.0	0.48075017537254355	0.014786104244078217
-0.377815358123559	cosine	12.0	4.0	0.0	0.15632634987018068	0.23962792898088553
0.9805029323722624	cosine	12.0	8.0	12.0	0.17058877190638644	0.22004281389555647
0.45309467954084676	cosine	12.0	4.0	0.0	0.37518323968843365	0.044753897420978433
0.7259747074297807	cosine	12.0	4.0	12.0	0.17058877190638644	0.22004281389555647
0.6343933274375377	cosine	12.0	12.0	8.0	0.29465333329284926	0.09117756893125428
0.01734951478518742	cosine	12.0	4.0	0.0	0.46897904961054204	0.016897895516253123
2.462948320135577	cosine	12.0	4.0	12.0	0.38770175433269644	0.03965908586713749
0.908207337032295	cosine	12.0	4.0	8.0	0.20160491225300214	0.18077354211323055
-0.68059797265495	cosine	12.0	8.0	12.0	0.542782456065775	0.007014531725125648
-2.2930905260265075	cosine	12.0	12.0	4.0	0.29465333329284926	0.09117756893125428
1.783243876575416	cosine	12.0	0.0	8.0	0.12506107989614454	0.2856969100727392
-0.4857449859114579	cosine	12.0	12.0	4.0	0.07754035086653928	0.3628199843123999
0.7065497744111598	cosine	12.0	0.0	4.0	0.43771377963650593	0.02379564823412834
-1.039336473160576	cosine	12.0	8.0	0.0	0.31265269974036136	0.07853426938217861
-1.391245470150532	cosine	12.0	4.0	8.0	0.35668561398608073	0.053232974601062806
1.9870249090909478	cosine	12.0	12.0	8.0	0.23262105259961785	0.14621780365458337
-0.3046444996691479	cosine	12.0	4.0	8.0	0.07754035086653928	0.3628199843123999
1.106786847094437	cosine	12.0	8.0	4.0	0.23262105259961785	0.14621780365458337
-2.174360980710334	cosine	12.0	4.0	8.0	0.17058877190638644	0.22004281389555647
-1.0610934009581816	cosine	12.0	8.0	4.0	0.23262105259961785	0.14621780365458337
0.23862153440115194	cosine	12.0	0.0	4.0	0.09379580992210841	0.3356006186019033
-0.934582021314839	cosine	12.0	4.0	0.0	0.21885688981825296	0.16096491949833142
-0.6600144156603319	cosine	12.0	4.0	8.0	0.5117663157191593	0.010275152505006458
0.8169705206194644	cosine	12.0	4.0	8.0	0.44973403502592785	0.02090527421057417
-1.0161219065288642	cosine	12.0	8.0	4.0	0.23262105259961785	0.14621780365458337
-0.296190418243875	cosine	12.0	4.0	0.0	0.15632634987018068	0.23962792898088553
-0.9139218962695445	cosine	12.0	4.0	12.0	0.29465333329284926	0.09117756893125428
-0.6057382850977168	cosine	12.0	12.0	8.0	0.1395726315597707	0.26379925819755046
0.3262403885570248	cosine	12.0	4.0	12.0	0.108556491213155	0.31160584178390943
0.8501576711919796	cosine	12.0	8.0	4.0	0.26363719294623356	0.11640217218244758
-0.46051272564948853	cosine	12.0	4.0	0.0	0.5002443195845782	0.011787064559833655
0.2892077088348934	cosine	12.0	4.0	0.0	0.21885688981825296	0.16096491949833142
-0.04975495480310441	cosine	12.0	8.0	4.0	0.325669473639465	0.07025277592236653
0.8293676358941517	cosine	12.0	12.0	8.0	0.07754035086653928	0.3628199843123999
1.7715201808125063	cosine	12.0	4.0	8.0	0.23262105259961785	0.14621780365458337
-0.9506890890068704	cosine	12.0	4.0	0.0	0.34391796971439753	0.05979464037584733
0.11312586379111192	cosine	12.0	8.0	0.0	0.28138742976632525	0.10142035953841916
-0.18837249471723025	cosine	12.0	4.0	8.0	0.6978631577988536	0.0007932410229537244
0.08321605536402564	cosine	12.0	8.0	0.0	0.21885688981825296	0.16096491949833142
0.2881126134211886	cosine	12.0	12.0	4.0	0.48075017537254355	0.014786104244078217
1.9547879997124131	cosine	12.0	4.0	12.0	0.41871789467931214	0.02904431653896035
-1.2502953538062476	cosine	12.0	4.0	0.0	0.40644850966246976	0.03292085287309089
1.452300456307882	cosine	12.0	8.0	12.0	0.29465333329284926	0.09117756893125428
-0.9649989341272158	cosine	12.0	12.0	4.0	0.20160491225300214	0.18077354211323055
0.20015042457102464	cosine	12.0	8.0	12.0	0.17058877190638644	0.22004281389555647
-0.7297554138257902	cosine	12.0	4.0	8.0	0.325669473639465	0.07025277592236653
-1.313795884839488	cosine	12.0	4.0	8.0	0.04652421051992357	0.4166158148211466
0.2258751536026546	cosine	12.0	4.0	12.0	0.20160491225300214	0.18077354211323055
-1.2929052188487677	cosine	12.0	12.0	8.0	0.23262105259961785	0.14621780365458337
0.6212321625797679	cosine	12.0	12.0	4.0	0.1395726315597707	0.26379925819755046
-0.775876456343688	cosine	12.0	4.0	12.0	0.108556491213155	0.31160584178390943
-1.4405106652938025	cosine	12.0	4.0	8.0	0.20160491225300214	0.18077354211323055
1.1874247252095498	cosine	12.0	4.0	0.0	0.31265269974036136	0.07853426938217861
-0.3770206624307755	cosine	12.0	8.0	4.0	0.35668561398608073	0.053232974601062806
-0.9830636094655246	cosine	12.0	0.0	4.0	0.28138742976632525	0.10142035953841916
-0.5632041931253329	cosine	12.0	8.0	4.0	0.325669473639465	0.07025277592236653
1.5836660170304506	cosine	12.0	4.0	8.0	0.23262105259961785	0.14621780365458337
1.0353868073371126	cosine	12.0	8.0	0.0	0.6253053994807227	0.0023274023270582257
1.1010913511628149	cosine	12.0	8.0	4.0	0.38770175433269644	0.03965908586713749
1.1971659721297465	cosine	12.0	12.0	8.0	0.29465333329284926	0.09117756893125428
0.07944371147860442	cosine	12.0	4.0	8.0	0.41871789467931214	0.02904431653896035
0.6239323913547883	cosine	12.0	4.0	12.0	0.20160491225300214	0.18077354211323055
2.2203542762241852	cosine	12.0	0.0	8.0	0.21885688981825296	0.16096491949833142
0.2612361435287928	cosine	12.0	0.0	8.0	0.40644850966246976	0.03292085287309089
-0.4819865619520405	cosine	12.0	12.0	4.0	0.26363719294623356	0.11640217218244758
-0.280506527665036	cosine	12.0	4.0	0.0	0.2501221597922891	0.12881724171626302
-0.6699975396051709	cosine	12.0	4.0	12.0	0.41871789467931214	0.02904431653896035
1.1272953039861386	cosine	12.0	0.0	4.0	0.46897904961054204	0.016897895516253123
1.3539287359583225	cosine	12.0	8.0	0.0	0.46897904961054204	0.016897895516253123
-1.2378386787251374	cosine	12.0	4.0	0.0	0.28138742976632525	0.10142035953841916
-0.11219491102254571	cosine	12.0	0.0	4.0	0.2501221597922891	0.12881724171626302
-1.9415284672982152	cosine	12.0	8.0	4.0	0.542782456065775	0.007014531725125648
-1.3698302707695151	cosine	12.0	8.0	4.0	0.108556491213155	0.31160584178390943
-1.2490492922164305	cosine	12.0	4.0	8.0	0.17058877190638644	0.22004281389555647
-0.5090378075294452	cosine	12.0	8.0	12.0	0.20160491225300214	0.18077354211323055
0.9834425300599493	cosine	12.0	8.0	4.0	0.108556491213155	0.31160584178390943
0.8107796063337093	cosine	12.0	12.0	8.0	0.48075017537254355	0.014786104244078217
-0.20355932717066105	cosine	12.0	4.0	8.0	0.1395726315597707	0.26379925819755046
0.9960099779128909	cosine	12.0	4.0	8.0	0.26363719294623356	0.11640217218244758
-0.6040382622397377	cosine	12.0	8.0	0.0	0.40644850966246976	0.03292085287309089
-0.2317868694212555	cosine	12.0	12.0	8.0	0.108556491213155	0.31160584178390943
1.2881264356809017	cosine	12.0	12.0	8.0	0.35668561398608073	0.053232974601062806
-0.06086454530513235	cosine	12.0	0.0	8.0	0.2501221597922891	0.12881724171626302
0.7219204969861891	cosine	12.0	8.0	12.0	0.04652421051992357	0.4166158148211466
1.049304531992187	cosine	12.0	12.0	8.0	0.23262105259961785	0.14621780365458337
0.7947707884677229	cosine	12.0	12.0	8.0	0.44973403502592785	0.02090527421057417
0.9542707112332598	cosine	12.0	4.0	8.0	0.41871789467931214	0.02904431653896035
0.03492337025836127	cosine	12.0	4.0	0.0	0.31265269974036136	0.07853426938217861
0.7285796520557437	cosine	12.0	4.0	8.0	0.07754035086653928	0.3628199843123999
0.9967439516459918	cosine	12.0	8.0	12.0	0.108556491213155	0.31160584178390943
0.016588345294657577	cosine	12.0	0.0	8.0	0.31265269974036136	0.07853426938217861
0.09742010460396214	cosine	12.0	4.0	12.0	0.35668561398608073	0.053232974601062806
-2.612015943827206	cosine	12.0	8.0	0.0	0.31265269974036136	0.07853426938217861
-0.4155301006908698	cosine	12.0	4.0	8.0	0.41871789467931214	0.02904431653896035
-0.3237274208180007	cosine	12.0	4.0	8.0	0.38770175433269644	0.03965908586713749
0.12191843619241723	cosine	12.0	8.0	0.0	0.40644850966246976	0.03292085287309089
-0.10800633724883409	cosine	12.0	12.0	8.0	0.17058877190638644	0.22004281389555647
-0.6901019408098655	cosine	12.0	4.0	0.0	0.2501221597922891	0.12881724171626302
0.07756055665991912	cosine	12.0	4.0	8.0	0.20160491225300214	0.18077354211323055
-1.2620397611468002	cosine	12.0	4.0	8.0	0.26363719294623356	0.11640217218244758
0.9692962142404586	cosine	12.0	4.0	8.0	0.23262105259961785	0.14621780365458337
-1.5705558559423336	cosine	12.0	4.0	8.0	0.26363719294623356	0.11640217218244758
-2.0261885677078757	cosine	12.0	0.0	4.0	0.34391796971439753	0.05979464037584733
0.3982978413566386	cosine	12.0	12.0	8.0	0.26363719294623356	0.11640217218244758
-0.104419611535575	cosine	12.0	12.0	8.0	0.5737985964123907	0.004703590814103545
-1.2977923244736742	cosine	12.0	4.0	8.0	0.35668561398608073	0.053232974601062806
-0.09580310447319114	cosine	12.0	12.0	8.0	0.44973403502592785	0.02090527421057417
-0.22496987687501402	cosine	12.0	8.0	0.0	0.15632634987018068	0.23962792898088553
-0.39645368859062946	cosine	12.0	12.0	4.0	0.41871789467931214	0.02904431653896035
0.07147318412304139	cosine	12.0	4.0	8.0	0.325669473639465	0.07025277592236653
0.9690138555111903	cosine	12.0	0.0	8.0	0.31265269974036136	0.07853426938217861
0.9187433409092922	cosine	12.0	8.0	12.0	0.38770175433269644	0.03965908586713749
-1.948725781890529	cosine	12.0	4.0	12.0	0.23262105259961785	0.14621780365458337
-0.6958371609151297	cosine	12.0	0.0	4.0	0.46897904961054204	0.016897895516253123
0.46267404253637795	cosine	12.0	0.0	8.0	0.6253053994807227	0.0023274023270582257
1.076468893359285	cosine	12.0	4.0	8.0	0.23262105259961785	0.14621780365458337
1.634074910219575	cosine	12.0	4.0	8.0	0.17058877190638644	0.22004281389555647
-0.45987957178890215	cosine	12.0	8.0	12.0	0.325669473639465	0.07025277592236653
-0.6265975776649465	cosine	12.0	4.0	8.0	0.20160491225300214	0.18077354211323055
3.1182023796293405	cosine	12.0	4.0	12.0	0.29465333329284926	0.09117756893125428
0.8309567548894188	cosine	12.0	8.0	4.0	0.23262105259961785	0.14621780365458337
1.64202611974891	cosine	12.0	8.0	0.0	0.28138742976632525	0.10142035953841916
1.5435242657198136	cosine	12.0	4.0	8.0	0.41871789467931214	0.02904431653896035
-1.0809869049822205	cosine	12.0	8.0	4.0	0.542782456065775	0.007014531725125648
0.10279047240759391	cosine	12.0	0.0	8.0	0.12506107989614454	0.2856969100727392
-0.35065086940675055	cosine	12.0	8.0	4.0	0.29465333329284926	0.09117756893125428
-0.9638706421222658	cosine	12.0	8.0	4.0	0.38770175433269644	0.03965908586713749
0.4176829726066036	cosine	12.0	0.0	8.0	0.28138742976632525	0.10142035953841916
0.978625517840746	cosine	12.0	4.0	8.0	0.26363719294623356	0.11640217218244758
0.31156268327699604	cosine	12.0	12.0	4.0	0.07754035086653928	0.3628199843123999
0.8587253753223952	cosine	12.0	12.0	4.0	0.41871789467931214	0.02904431653896035
-0.9172115583304411	cosine	12.0	8.0	4.0	0.23262105259961785	0.14621780365458337
1.109092539324063	cosine	12.0	4.0	8.0	0.1395726315597707	0.26379925819755046
-1.0761957427155209	cosine	12.0	12.0	8.0	0.23262105259961785	0.14621780365458337
-1.1497905131496464	cosine	12.0	12.0	4.0	0.108556491213155	0.31160584178390943
-1.0131065070177172	cosine	12.0	8.0	0.0	0.15632634987018068	0.23962792898088553
-0.32453938460989207	cosine	12.0	4.0	8.0	0.48075017537254355	0.014786104244078217
-0.9631785237945563	cosine	12.0	8.0	0.0	0.28138742976632525	0.10142035953841916
-0.4708209851659183	cosine	12.0	8.0	0.0	0.37518323968843365	0.044753897420978433
1.6071064958894528	cosine	12.0	12.0	4.0	0.20160491225300214	0.18077354211323055
-1.6538333266385452	cosine	12.0	4.0	8.0	0.325669473639465	0.07025277592236653
0.08941995930511043	cosine	12.0	4.0	0.0	0.5002443195845782	0.011787064559833655
0.17294079762523082	cosine	12.0	4.0	12.0	0.6668470174522378	0.0012722098173665757
-0.2452972757346242	cosine	12.0	0.0	4.0	0.18759161984421682	0.1979406704679717
0.27075995198496017	cosine	12.0	12.0	8.0	0.5117663157191593	0.010275152505006458
1.1555633656064523	cosine	12.0	4.0	8.0	0.17058877190638644	0.22004281389555647
-0.3832315223101276	cosine	12.0	4.0	8.0	0.23262105259961785	0.14621780365458337
-1.1527514877789782	cosine	12.0	12.0	8.0	0.1395726315597707	0.26379925819755046
0.2175598061630033	cosine	12.0	0.0	4.0	0.40644850966246976	0.03292085287309089
1.0403194169306198	cosine	12.0	8.0	4.0	0.17058877190638644	0.22004281389555647
-0.007555035222958529	cosine	12.0	8.0	12.0	0.41871789467931214	0.02904431653896035
-0.1062774147459937	cosine	12.0	4.0	8.0	0.23262105259961785	0.14621780365458337
0.8175306048140387	cosine	12.0	0.0	4.0	0.31265269974036136	0.07853426938217861
-0.9911740707351153	cosine	12.0	4.0	8.0	0.23262105259961785	0.14621780365458337
1.7128229809723483	cosine	12.0	0.0	4.0	0.18759161984421682	0.1979406704679717
-1.8832225306447785	cosine	12.0	12.0	8.0	0.325669473639465	0.07025277592236653
0.6389895002584101	cosine	12.0	12.0	4.0	0.41871789467931214	0.02904431653896035
-0.30670810856407893	cosine	12.0	8.0	4.0	0.1395726315597707	0.26379925819755046
-0.2793811241652672	cosine	12.0	4.0	0.0	0.5002443195845782	0.011787064559833655
1.6985383375445136	cosine	12.0	8.0	12.0	0.20160491225300214	0.18077354211323055
-0.009754326659653393	cosine	12.0	8.0	4.0	0.41871789467931214	0.02904431653896035
-0.9891045066004278	cosine	12.0	8.0	0.0	0.37518323968843365	0.044753897420978433
-0.6322424143500774	cosine	12.0	4.0	0.0	0.46897904961054204	0.016897895516253123
-0.5220384494727459	cosine	12.0	0.0	8.0	0.34391796971439753	0.05979464037584733
1.13260368165239	cosine	12.0	12.0	8.0	0.48075017537254355	0.014786104244078217
-0.49139310536592784	cosine	12.0	12.0	4.0	0.26363719294623356	0.11640217218244758
-1.4567168318572943	cosine	12.0	8.0	12.0	0.07754035086653928	0.3628199843123999
-0.8779143550820495	cosine	12.0	4.0	0.0	0.37518323968843365	0.044753897420978433
0.6302652172385828	cosine	12.0	8.0	0.0	0.2501221597922891	0.12881724171626302
-0.8762422218621899	cosine	12.0	8.0	4.0	0.48075017537254355	0.014786104244078217
0.013552893108978403	cosine	12.0	12.0	4.0	0.20160491225300214	0.18077354211323055
1.0558482822661568	cosine	12.0	0.0	8.0	0.12506107989614454	0.2856969100727392
0.4035343194806518	cosine	12.0	8.0	12.0	0.108556491213155	0.31160584178390943
0.03349019836430342	cosine	12.0	0.0	8.0	0.18759161984421682	0.1979406704679717
1.947426915004283	cosine	12.0	4.0	12.0	0.35668561398608073	0.053232974601062806
0.5710425380209276	cosine	12.0	8.0	12.0	0.48075017537254355	0.014786104244078217
0.4607581104076131	cosine	12.0	4.0	12.0	0.44973403502592785	0.02090527421057417
0.0674164408004304	cosine	12.0	0.0	4.0	0.28138742976632525	0.10142035953841916
-0.28536674694453906	cosine	12.0	4.0	8.0	0.44973403502592785	0.02090527421057417
2.26197009209096	cosine	12.0	0.0	8.0	0.2501221597922891	0.12881724171626302
0.4192331067692796	cosine	12.0	0.0	4.0	0.7503664793768673	0.00034189223478594356
-1.0087094524388622	cosine	12.0	4.0	8.0	0.1395726315597707	0.26379925819755046
-0.27873249130753525	cosine	12.0	4.0	8.0	0.35668561398608073	0.053232974601062806
-0.0527907333509717	cosine	12.0	12.0	4.0	0.41871789467931214	0.02904431653896035
1.3556949458437326	cosine	12.0	12.0	4.0	0.20160491225300214	0.18077354211323055
-0.39263002030843674	cosine	12.0	4.0	0.0	0.34391796971439753	0.05979464037584733
0.5448957462022423	cosine	12.0	8.0	4.0	0.6668470174522378	0.0012722098173665757
-0.9460039546723428	cosine	12.0	0.0	8.0	0.18759161984421682	0.1979406704679717
0.5735583461518056	cosine	12.0	0.0	8.0	0.21885688981825296	0.16096491949833142
-1.9114815583221632	cosine	12.0	12.0	4.0	0.35668561398608073	0.053232974601062806
-0.11693146494731271	cosine	12.0	8.0	4.0	0.35668561398608073	0.053232974601062806
-2.222445173920493	cosine	12.0	4.0	8.0	0.35668561398608073	0.053232974601062806
-1.102358403977659	cosine	12.0	8.0	12.0	0.48075017537254355	0.014786104244078217
-0.7660299761173007	cosine	12.0	4.0	8.0	0.38770175433269644	0.03965908586713749
-1.1090436682086318	cosine	12.0	4.0	12.0	0.41871789467931214	0.02904431653896035
