ID	Waveform	Period	Phase	Nadir	Tau	P
0.6836779878182322	cosine	24.0	16.0	0.0	0.3939393939393941	0.037302414641954044
-0.239064506926837	cosine	24.0	0.0	8.0	0.3333333333333335	0.06570102610411901
-1.169841154398866	cosine	24.0	8.0	4.0	0.6060606060606063	0.003044944233852819
0.01930089343135114	cosine	24.0	12.0	4.0	0.3939393939393941	0.037302414641954044
-0.31328500021383804	cosine	24.0	20.0	0.0	0.45454545454545475	0.019834630913749846
-2.1566416221521907	cosine	24.0	8.0	0.0	0.4242424242424244	0.02742697317621316
-1.634051930036429	cosine	24.0	8.0	0.0	0.3333333333333335	0.06570102610411901
-0.9951439683681145	cosine	24.0	16.0	4.0	0.5454545454545456	0.0067819162397311575
1.0341709486576511	cosine	24.0	0.0	16.0	0.6363636363636367	0.001988079806063042
1.5311155378197896	cosine	24.0	12.0	8.0	0.3636363636363638	0.04990853551146973
-0.3776596203304596	cosine	24.0	12.0	8.0	0.30303030303030315	0.08511721571435177
1.3957858910207916	cosine	24.0	20.0	4.0	0.6363636363636367	0.001988079806063042
-0.03663135683658783	cosine	24.0	8.0	16.0	0.24242424242424254	0.1362855657955242
-0.9814203781140881	cosine	24.0	0.0	16.0	0.2121212121212122	0.16852366968754684
-1.0162018246324676	cosine	24.0	12.0	4.0	0.09090909090909095	0.3403766952212308
0.36362556185870265	cosine	24.0	4.0	12.0	0.45454545454545475	0.019834630913749846
-0.9424460569344744	cosine	24.0	16.0	12.0	0.30303030303030315	0.08511721571435177
1.0713996315981995	cosine	24.0	0.0	4.0	0.3333333333333335	0.06570102610411901
0.8601860684320349	cosine	24.0	12.0	16.0	0.3939393939393941	0.037302414641954044
1.5861872966859563	cosine	24.0	8.0	0.0	0.4242424242424244	0.02742697317621316
-0.0870928603090384	cosine	24.0	8.0	16.0	0.24242424242424254	0.1362855657955242
0.2819029797593692	cosine	24.0	20.0	0.0	0.24242424242424254	0.1362855657955242
1.034852819165691	cosine	24.0	16.0	20.0	0.30303030303030315	0.08511721571435177
0.267376478957726	cosine	24.0	8.0	12.0	0.24242424242424254	0.1362855657955242
-0.2563822794579725	cosine	24.0	4.0	8.0	0.3333333333333335	0.06570102610411901
0.7435491384947387	cosine	24.0	12.0	20.0	0.24242424242424254	0.1362855657955242
-0.13037983464348457	cosine	24.0	8.0	12.0	0.3939393939393941	0.037302414641954044
1.1876147050085801	cosine	24.0	12.0	16.0	0.45454545454545475	0.019834630913749846
-1.4936761033204127	cosine	24.0	0.0	16.0	0.3636363636363638	0.04990853551146973
-1.3731234258357212	cosine	24.0	0.0	4.0	0.30303030303030315	0.08511721571435177
1.0702645075496922	cosine	24.0	0.0	4.0	0.30303030303030315	0.08511721571435177
1.0645950755938518	cosine	24.0	20.0	16.0	0.575757575757576	0.004583576838638997
0.06473803484009977	cosine	24.0	4.0	8.0	0.3636363636363638	0.04990853551146973
-0.9147177491698836	cosine	24.0	0.0	16.0	0.2727272727272728	0.10854448149943507
0.42397746429455446	cosine	24.0	12.0	8.0	0.2727272727272728	0.10854448149943507
-2.46640657944915	cosine	24.0	4.0	20.0	0.5151515151515154	0.00986438530634296
-1.030356320905906	cosine	24.0	12.0	8.0	0.3636363636363638	0.04990853551146973
-0.5175212236052716	cosine	24.0	12.0	4.0	0.30303030303030315	0.08511721571435177
0.11998281313379917	cosine	24.0	16.0	4.0	0.5151515151515154	0.00986438530634296
1.188954797935427	cosine	24.0	0.0	12.0	0.30303030303030315	0.08511721571435177
-0.03787425532993793	cosine	24.0	0.0	20.0	0.3333333333333335	0.06570102610411901
-0.3485420581309389	cosine	24.0	0.0	8.0	0.575757575757576	0.004583576838638997
1.3366253033506463	cosine	24.0	0.0	20.0	0.4242424242424244	0.02742697317621316
-0.2706418754941429	cosine	24.0	8.0	12.0	0.575757575757576	0.004583576838638997
0.9920734817899419	cosine	24.0	12.0	4.0	0.3333333333333335	0.06570102610411901
-0.16528205589857567	cosine	24.0	16.0	12.0	0.2727272727272728	0.10854448149943507
-0.6826727561447825	cosine	24.0	16.0	20.0	0.3939393939393941	0.037302414641954044
-0.3040439556675619	cosine	24.0	16.0	4.0	0.24242424242424254	0.1362855657955242
-2.067468126610641	cosine	24.0	12.0	16.0	0.45454545454545475	0.019834630913749846
1.5452500469668813	cosine	24.0	8.0	12.0	0.45454545454545475	0.019834630913749846
0.39104169112980575	cosine	24.0	4.0	8.0	0.575757575757576	0.004583576838638997
0.24859749593404779	cosine	24.0	12.0	16.0	0.1818181818181819	0.20529080418760415
-1.7750429596391337	cosine	24.0	20.0	0.0	0.4242424242424244	0.02742697317621316
0.273807265806902	cosine	24.0	16.0	12.0	0.45454545454545475	0.019834630913749846
-0.2902311790973543	cosine	24.0	0.0	20.0	0.5151515151515154	0.00986438530634296
1.3589609852307154	cosine	24.0	8.0	0.0	0.4848484848484851	0.014106153084401886
-0.8704318995004856	cosine	24.0	12.0	16.0	0.3939393939393941	0.037302414641954044
0.8996301228995752	cosine	24.0	8.0	4.0	0.5454545454545456	0.0067819162397311575
0.5840725457124462	cosine	24.0	20.0	16.0	0.2727272727272728	0.10854448149943507
0.9272493919808805	cosine	24.0	4.0	8.0	0.45454545454545475	0.019834630913749846
-2.4673233489001936	cosine	24.0	12.0	4.0	0.24242424242424254	0.1362855657955242
0.8325425863151396	cosine	24.0	8.0	12.0	0.2121212121212122	0.16852366968754684
-0.11169243632479008	cosine	24.0	20.0	0.0	0.3939393939393941	0.037302414641954044
1.7712326773970968	cosine	24.0	12.0	0.0	0.3939393939393941	0.037302414641954044
0.5484914733978128	cosine	24.0	16.0	12.0	0.3939393939393941	0.037302414641954044
0.9388676538533538	cosine	24.0	20.0	8.0	0.575757575757576	0.004583576838638997
-1.3711177779990718	cosine	24.0	8.0	4.0	0.2121212121212122	0.16852366968754684
-0.030041613848423323	cosine	24.0	20.0	12.0	0.4242424242424244	0.02742697317621316
0.22798577425692876	cosine	24.0	20.0	4.0	0.4242424242424244	0.02742697317621316
0.40783436708659343	cosine	24.0	20.0	16.0	0.6969696969696972	0.0008043156973336818
-0.03414685043226947	cosine	24.0	0.0	4.0	0.4242424242424244	0.02742697317621316
0.6535119441418297	cosine	24.0	12.0	8.0	0.45454545454545475	0.019834630913749846
0.8030136662151437	cosine	24.0	0.0	20.0	0.3636363636363638	0.04990853551146973
0.772680621354133	cosine	24.0	12.0	0.0	0.3939393939393941	0.037302414641954044
-1.2844488989862997	cosine	24.0	20.0	8.0	0.4848484848484851	0.014106153084401886
-0.563651194266204	cosine	24.0	12.0	8.0	0.4848484848484851	0.014106153084401886
1.4915305862653117	cosine	24.0	8.0	20.0	0.3636363636363638	0.04990853551146973
-0.889589029138451	cosine	24.0	4.0	12.0	0.3333333333333335	0.06570102610411901
0.5980742719858918	cosine	24.0	8.0	0.0	0.30303030303030315	0.08511721571435177
0.7761210425889458	cosine	24.0	12.0	8.0	0.3939393939393941	0.037302414641954044
0.6402169067825306	cosine	24.0	4.0	8.0	0.3636363636363638	0.04990853551146973
-0.5813552200395752	cosine	24.0	12.0	8.0	0.6060606060606063	0.003044944233852819
-0.46342481230166704	cosine	24.0	4.0	8.0	0.2727272727272728	0.10854448149943507
-1.8509921795718198	cosine	24.0	0.0	16.0	0.3939393939393941	0.037302414641954044
-0.7946049750636982	cosine	24.0	4.0	8.0	0.7272727272727276	0.0004983045770249599
-0.31966552098950446	cosine	24.0	20.0	12.0	0.4242424242424244	0.02742697317621316
0.6459840277581137	cosine	24.0	8.0	20.0	0.2727272727272728	0.10854448149943507
-0.18891963965373798	cosine	24.0	4.0	20.0	0.45454545454545475	0.019834630913749846
0.6985363301362003	cosine	24.0	20.0	8.0	0.6060606060606063	0.003044944233852819
0.5434816084002091	cosine	24.0	20.0	12.0	0.24242424242424254	0.1362855657955242
-1.4189505457317353	cosine	24.0	4.0	8.0	0.45454545454545475	0.019834630913749846
1.1473323700992482	cosine	24.0	8.0	4.0	0.2727272727272728	0.10854448149943507
1.127330183908522	cosine	24.0	12.0	8.0	0.666666666666667	0.0012756406460599887
-1.0507206371584807	cosine	24.0	4.0	8.0	0.12121212121212127	0.29164672996678775
-0.9201880768796716	cosine	24.0	8.0	20.0	0.5454545454545456	0.0067819162397311575
-0.647245552948931	cosine	24.0	20.0	0.0	0.3636363636363638	0.04990853551146973
1.0540890951977866	cosine	24.0	20.0	0.0	0.3636363636363638	0.04990853551146973
0.7185221412691577	cosine	24.0	8.0	4.0	0.3939393939393941	0.037302414641954044
-0.9992349846521562	cosine	24.0	20.0	16.0	0.30303030303030315	0.08511721571435177
0.9760575544799028	cosine	24.0	8.0	12.0	0.5151515151515154	0.00986438530634296
1.7147312586391956	cosine	24.0	4.0	12.0	0.2727272727272728	0.10854448149943507
-1.8092540574853797	cosine	24.0	0.0	4.0	0.3939393939393941	0.037302414641954044
-0.0182532644228128	cosine	24.0	4.0	0.0	0.4848484848484851	0.014106153084401886
1.4601657278690547	cosine	24.0	20.0	16.0	0.12121212121212127	0.29164672996678775
0.7728141663924739	cosine	24.0	8.0	0.0	0.3333333333333335	0.06570102610411901
0.9119661012612724	cosine	24.0	12.0	8.0	0.2727272727272728	0.10854448149943507
1.3287548085725767	cosine	24.0	12.0	16.0	0.6060606060606063	0.003044944233852819
-0.209946839285386	cosine	24.0	8.0	0.0	0.30303030303030315	0.08511721571435177
-0.36540990526734063	cosine	24.0	12.0	16.0	0.45454545454545475	0.019834630913749846
0.6718007600565216	cosine	24.0	8.0	0.0	0.4848484848484851	0.014106153084401886
1.2187213550197462	cosine	24.0	12.0	8.0	0.2121212121212122	0.16852366968754684
-1.4178264979542488	cosine	24.0	4.0	8.0	0.5454545454545456	0.0067819162397311575
1.0660196499530503	cosine	24.0	8.0	0.0	0.45454545454545475	0.019834630913749846
1.1655392471664054	cosine	24.0	0.0	8.0	0.3939393939393941	0.037302414641954044
-0.6542475972930878	cosine	24.0	8.0	12.0	0.6060606060606063	0.003044944233852819
0.839251695167708	cosine	24.0	12.0	20.0	0.4848484848484851	0.014106153084401886
-0.2511111337605777	cosine	24.0	16.0	20.0	0.24242424242424254	0.1362855657955242
-1.5869476700601937	cosine	24.0	0.0	4.0	0.2121212121212122	0.16852366968754684
0.14737768382905536	cosine	24.0	12.0	16.0	0.4242424242424244	0.02742697317621316
-0.20001262767197847	cosine	24.0	12.0	20.0	0.4242424242424244	0.02742697317621316
-0.06565190975013109	cosine	24.0	4.0	8.0	0.4242424242424244	0.02742697317621316
0.18343599812208894	cosine	24.0	12.0	4.0	0.24242424242424254	0.1362855657955242
1.886088682514746	cosine	24.0	0.0	20.0	0.3939393939393941	0.037302414641954044
-0.001361903044020838	cosine	24.0	16.0	8.0	0.5454545454545456	0.0067819162397311575
0.6225232757007411	cosine	24.0	4.0	0.0	0.15151515151515157	0.24644312334002483
-1.090937683477001	cosine	24.0	20.0	16.0	0.24242424242424254	0.1362855657955242
0.06491903441477852	cosine	24.0	16.0	20.0	0.15151515151515157	0.24644312334002483
1.820757927061938	cosine	24.0	0.0	20.0	0.2727272727272728	0.10854448149943507
-1.4313764766666033	cosine	24.0	4.0	20.0	0.24242424242424254	0.1362855657955242
-2.1064505381269156	cosine	24.0	0.0	16.0	0.4848484848484851	0.014106153084401886
0.7440909666825084	cosine	24.0	4.0	12.0	0.2121212121212122	0.16852366968754684
-1.4150934535680626	cosine	24.0	20.0	8.0	0.09090909090909095	0.3403766952212308
-0.9123097160050974	cosine	24.0	12.0	8.0	0.5151515151515154	0.00986438530634296
0.15947464288376176	cosine	24.0	12.0	16.0	0.3636363636363638	0.04990853551146973
-0.4028197412730006	cosine	24.0	12.0	16.0	0.2121212121212122	0.16852366968754684
1.2375113801550244	cosine	24.0	16.0	12.0	0.4242424242424244	0.02742697317621316
-1.488022213410742	cosine	24.0	12.0	20.0	0.3333333333333335	0.06570102610411901
1.126818290675503	cosine	24.0	4.0	20.0	0.575757575757576	0.004583576838638997
-0.9676611517048235	cosine	24.0	0.0	12.0	0.30303030303030315	0.08511721571435177
0.8821498674962905	cosine	24.0	20.0	16.0	0.2727272727272728	0.10854448149943507
1.121354871614689	cosine	24.0	12.0	0.0	0.24242424242424254	0.1362855657955242
0.2836561437885904	cosine	24.0	20.0	16.0	0.2727272727272728	0.10854448149943507
0.6619520835459102	cosine	24.0	4.0	16.0	0.45454545454545475	0.019834630913749846
0.8791980553921025	cosine	24.0	0.0	20.0	0.3636363636363638	0.04990853551146973
-2.0845663560467362	cosine	24.0	0.0	20.0	0.15151515151515157	0.24644312334002483
0.4213454059875248	cosine	24.0	12.0	20.0	0.3636363636363638	0.04990853551146973
1.887188667212172	cosine	24.0	16.0	12.0	0.3636363636363638	0.04990853551146973
-0.3836168331081681	cosine	24.0	0.0	4.0	0.4848484848484851	0.014106153084401886
1.0116278069578968	cosine	24.0	16.0	12.0	0.3636363636363638	0.04990853551146973
-0.5355394991841853	cosine	24.0	0.0	4.0	0.3636363636363638	0.04990853551146973
-1.242685111754166	cosine	24.0	0.0	4.0	0.2121212121212122	0.16852366968754684
-0.618050613273345	cosine	24.0	16.0	20.0	0.3333333333333335	0.06570102610411901
0.23989675539139363	cosine	24.0	12.0	8.0	0.4242424242424244	0.02742697317621316
-0.8807169351385102	cosine	24.0	12.0	16.0	0.4848484848484851	0.014106153084401886
-1.2159300650794134	cosine	24.0	8.0	4.0	0.24242424242424254	0.1362855657955242
0.7168587879224628	cosine	24.0	12.0	16.0	0.1818181818181819	0.20529080418760415
0.33016463372517163	cosine	24.0	16.0	0.0	0.45454545454545475	0.019834630913749846
-0.9568267870746439	cosine	24.0	20.0	8.0	0.30303030303030315	0.08511721571435177
-0.47236694439152205	cosine	24.0	12.0	4.0	0.30303030303030315	0.08511721571435177
0.015119021821585048	cosine	24.0	16.0	8.0	0.4242424242424244	0.02742697317621316
0.5971594470064231	cosine	24.0	12.0	16.0	0.2727272727272728	0.10854448149943507
1.1812088976209252	cosine	24.0	0.0	4.0	0.3333333333333335	0.06570102610411901
0.39168674990607055	cosine	24.0	12.0	4.0	0.3333333333333335	0.06570102610411901
-0.9166447594300505	cosine	24.0	12.0	16.0	0.12121212121212127	0.29164672996678775
1.8815689551592416	cosine	24.0	0.0	20.0	0.15151515151515157	0.24644312334002483
-0.18925718103892722	cosine	24.0	4.0	8.0	0.3333333333333335	0.06570102610411901
-0.8175386614015424	cosine	24.0	16.0	12.0	0.2727272727272728	0.10854448149943507
-1.0157277192801062	cosine	24.0	20.0	16.0	0.30303030303030315	0.08511721571435177
-0.5158277193906897	cosine	24.0	20.0	0.0	0.3636363636363638	0.04990853551146973
0.6897857894392814	cosine	24.0	12.0	16.0	0.2727272727272728	0.10854448149943507
-0.8194309515856687	cosine	24.0	0.0	20.0	0.3939393939393941	0.037302414641954044
0.6424030484042813	cosine	24.0	0.0	4.0	0.5151515151515154	0.00986438530634296
-0.49833978604420054	cosine	24.0	20.0	8.0	0.2727272727272728	0.10854448149943507
-0.06795693696743117	cosine	24.0	16.0	0.0	0.666666666666667	0.0012756406460599887
1.1316729669153043	cosine	24.0	12.0	20.0	0.45454545454545475	0.019834630913749846
1.4461290058202425	cosine	24.0	12.0	4.0	0.4848484848484851	0.014106153084401886
-1.1923386215476703	cosine	24.0	20.0	12.0	0.3939393939393941	0.037302414641954044
-0.6567810181993238	cosine	24.0	16.0	8.0	0.15151515151515157	0.24644312334002483
-1.2907187794590496	cosine	24.0	12.0	4.0	0.4848484848484851	0.014106153084401886
0.07478975322785002	cosine	24.0	20.0	0.0	0.4242424242424244	0.02742697317621316
-0.577079643496625	cosine	24.0	12.0	8.0	0.5151515151515154	0.00986438530634296
-1.737849507805729	cosine	24.0	0.0	4.0	0.5151515151515154	0.00986438530634296
0.013644699809355856	cosine	24.0	20.0	16.0	0.6363636363636367	0.001988079806063042
-0.653840221168302	cosine	24.0	4.0	8.0	0.2121212121212122	0.16852366968754684
-0.3014077152467698	cosine	24.0	8.0	4.0	0.3636363636363638	0.04990853551146973
-0.4621455849356613	cosine	24.0	0.0	4.0	0.3636363636363638	0.04990853551146973
0.3444238896541873	cosine	24.0	16.0	12.0	0.45454545454545475	0.019834630913749846
-0.5199806889029455	cosine	24.0	12.0	0.0	0.4848484848484851	0.014106153084401886
-1.2149163685715372	cosine	24.0	16.0	4.0	0.24242424242424254	0.1362855657955242
0.6002666448464	cosine	24.0	0.0	16.0	0.3333333333333335	0.06570102610411901
-0.22323904261620836	cosine	24.0	16.0	12.0	0.30303030303030315	0.08511721571435177
-1.8057634105903717	cosine	24.0	12.0	16.0	0.3939393939393941	0.037302414641954044
0.21047574644173894	cosine	24.0	20.0	16.0	0.15151515151515157	0.24644312334002483
-0.8963353542440679	cosine	24.0	0.0	4.0	0.24242424242424254	0.1362855657955242
-0.19425799323803772	cosine	24.0	4.0	12.0	0.30303030303030315	0.08511721571435177
0.6893335713879597	cosine	24.0	12.0	20.0	0.2121212121212122	0.16852366968754684
0.34455464497910915	cosine	24.0	8.0	0.0	0.3333333333333335	0.06570102610411901
0.1537308303490243	cosine	24.0	0.0	20.0	0.15151515151515157	0.24644312334002483
-0.22615489072686523	cosine	24.0	20.0	0.0	0.2121212121212122	0.16852366968754684
-1.2013591718626992	cosine	24.0	4.0	8.0	0.1818181818181819	0.20529080418760415
2.1334760297355264	cosine	24.0	8.0	0.0	0.7272727272727276	0.0004983045770249599
-1.2380208759610878	cosine	24.0	12.0	8.0	0.5454545454545456	0.0067819162397311575
-0.28540108081975707	cosine	24.0	0.0	16.0	0.575757575757576	0.004583576838638997
0.3623862696486929	cosine	24.0	16.0	4.0	0.2727272727272728	0.10854448149943507
1.4276593044296289	cosine	24.0	16.0	4.0	0.4242424242424244	0.02742697317621316
-0.6261193674917144	cosine	24.0	8.0	12.0	0.2727272727272728	0.10854448149943507
1.6548091612971139	cosine	24.0	20.0	0.0	0.3636363636363638	0.04990853551146973
-0.22378566632435776	cosine	24.0	8.0	12.0	0.3939393939393941	0.037302414641954044
-1.3393700473358288	cosine	24.0	8.0	20.0	0.575757575757576	0.004583576838638997
-1.739956494690634	cosine	24.0	16.0	0.0	0.2727272727272728	0.10854448149943507
-0.395725444398029	cosine	24.0	12.0	8.0	0.3939393939393941	0.037302414641954044
1.3962149875907794	cosine	24.0	12.0	0.0	0.4848484848484851	0.014106153084401886
-1.6095459112196941	cosine	24.0	20.0	16.0	0.30303030303030315	0.08511721571435177
0.012079046967581546	cosine	24.0	8.0	0.0	0.3939393939393941	0.037302414641954044
-0.5196168667443071	cosine	24.0	4.0	8.0	0.5151515151515154	0.00986438530634296
0.019075171160258125	cosine	24.0	8.0	20.0	0.45454545454545475	0.019834630913749846
0.5541280917971846	cosine	24.0	0.0	8.0	0.4242424242424244	0.02742697317621316
0.5600964831848835	cosine	24.0	20.0	0.0	0.30303030303030315	0.08511721571435177
-0.7129958108927116	cosine	24.0	20.0	16.0	0.24242424242424254	0.1362855657955242
0.3931292324833223	cosine	24.0	4.0	8.0	0.30303030303030315	0.08511721571435177
1.0416062624340532	cosine	24.0	0.0	20.0	0.3333333333333335	0.06570102610411901
0.2669374940085015	cosine	24.0	4.0	0.0	0.2727272727272728	0.10854448149943507
1.5448484507281508	cosine	24.0	8.0	16.0	0.30303030303030315	0.08511721571435177
-0.2666885814756788	cosine	24.0	16.0	20.0	0.30303030303030315	0.08511721571435177
1.1968985305736675	cosine	24.0	20.0	0.0	0.4242424242424244	0.02742697317621316
-1.6047816919027564	cosine	24.0	16.0	20.0	0.3939393939393941	0.037302414641954044
-0.5993144438776897	cosine	24.0	20.0	0.0	0.24242424242424254	0.1362855657955242
0.9552947006029153	cosine	24.0	16.0	0.0	0.4848484848484851	0.014106153084401886
1.1487280369547725	cosine	24.0	16.0	8.0	0.3939393939393941	0.037302414641954044
-1.026858071616368	cosine	24.0	16.0	12.0	0.30303030303030315	0.08511721571435177
-0.8005278209918517	cosine	24.0	16.0	8.0	0.3939393939393941	0.037302414641954044
1.4871245442883334	cosine	24.0	16.0	0.0	0.3939393939393941	0.037302414641954044
0.46517059660394855	cosine	24.0	8.0	20.0	0.3939393939393941	0.037302414641954044
0.1418986780707018	cosine	24.0	20.0	16.0	0.3939393939393941	0.037302414641954044
0.13083992073894654	cosine	24.0	20.0	8.0	0.5454545454545456	0.0067819162397311575
-0.447379041934979	cosine	24.0	20.0	4.0	0.4848484848484851	0.014106153084401886
-1.2784565289454057	cosine	24.0	20.0	8.0	0.6060606060606063	0.003044944233852819
0.1278956220184158	cosine	24.0	0.0	20.0	0.24242424242424254	0.1362855657955242
-1.095735594783786	cosine	24.0	4.0	8.0	0.4242424242424244	0.02742697317621316
-0.4645334952923658	cosine	24.0	20.0	4.0	0.5454545454545456	0.0067819162397311575
0.33790023889758564	cosine	24.0	4.0	0.0	0.2121212121212122	0.16852366968754684
0.9200149234550502	cosine	24.0	0.0	20.0	0.1818181818181819	0.20529080418760415
-0.22289992674382703	cosine	24.0	8.0	0.0	0.6060606060606063	0.003044944233852819
1.582733120197864	cosine	24.0	12.0	16.0	0.3636363636363638	0.04990853551146973
0.9737111244955957	cosine	24.0	20.0	16.0	0.1818181818181819	0.20529080418760415
1.2561797741680376	cosine	24.0	4.0	0.0	0.45454545454545475	0.019834630913749846
-1.4076247233864774	cosine	24.0	12.0	0.0	0.5454545454545456	0.0067819162397311575
-1.0844772240385814	cosine	24.0	16.0	0.0	0.7272727272727276	0.0004983045770249599
-0.6963983813822635	cosine	24.0	16.0	0.0	0.6363636363636367	0.001988079806063042
-0.4777013054539664	cosine	24.0	12.0	8.0	0.24242424242424254	0.1362855657955242
2.6636178508336448	cosine	24.0	12.0	8.0	0.3636363636363638	0.04990853551146973
0.46428780086990745	cosine	24.0	0.0	8.0	0.4848484848484851	0.014106153084401886
1.9116415000426585	cosine	24.0	16.0	20.0	0.2727272727272728	0.10854448149943507
0.8926623288688366	cosine	24.0	4.0	20.0	0.24242424242424254	0.1362855657955242
0.1603281791369912	cosine	24.0	8.0	20.0	0.5454545454545456	0.0067819162397311575
0.9460950162401504	cosine	24.0	4.0	16.0	0.3636363636363638	0.04990853551146973
-0.9154998280692905	cosine	24.0	12.0	20.0	0.4242424242424244	0.02742697317621316
1.113419310055681	cosine	24.0	4.0	8.0	0.24242424242424254	0.1362855657955242
-1.6730014986221973	cosine	24.0	4.0	8.0	0.5151515151515154	0.00986438530634296
0.3524793833775013	cosine	24.0	0.0	20.0	0.45454545454545475	0.019834630913749846
0.272006284535092	cosine	24.0	16.0	20.0	0.3636363636363638	0.04990853551146973
0.7945739065650491	cosine	24.0	20.0	16.0	0.30303030303030315	0.08511721571435177
-2.050888632173484	cosine	24.0	12.0	8.0	0.2727272727272728	0.10854448149943507
-1.2592163544207322	cosine	24.0	20.0	16.0	0.3939393939393941	0.037302414641954044
-0.03590114690355641	cosine	24.0	12.0	16.0	0.30303030303030315	0.08511721571435177
-0.8623661692621023	cosine	24.0	4.0	8.0	0.3636363636363638	0.04990853551146973
-0.033681361805845744	cosine	24.0	4.0	12.0	0.2121212121212122	0.16852366968754684
-0.5023566231749731	cosine	24.0	0.0	16.0	0.30303030303030315	0.08511721571435177
-1.2235612151497945	cosine	24.0	12.0	8.0	0.24242424242424254	0.1362855657955242
1.2374665007163879	cosine	24.0	0.0	12.0	0.6969696969696972	0.0008043156973336818
2.2184767492998385	cosine	24.0	20.0	12.0	0.30303030303030315	0.08511721571435177
-1.6639079963119776	cosine	24.0	16.0	12.0	0.2727272727272728	0.10854448149943507
-1.01779092774638	cosine	24.0	12.0	8.0	0.3636363636363638	0.04990853551146973
0.9044932496050355	cosine	24.0	4.0	8.0	0.45454545454545475	0.019834630913749846
-0.7941872240161649	cosine	24.0	16.0	8.0	0.4242424242424244	0.02742697317621316
0.14649962695015525	cosine	24.0	4.0	8.0	0.24242424242424254	0.1362855657955242
-1.5330078941337903	cosine	24.0	16.0	12.0	0.45454545454545475	0.019834630913749846
2.5977460248120976	cosine	24.0	16.0	12.0	0.45454545454545475	0.019834630913749846
-0.6302559198050565	cosine	24.0	4.0	20.0	0.2121212121212122	0.16852366968754684
0.02028879412586476	cosine	24.0	16.0	0.0	0.3636363636363638	0.04990853551146973
-0.18738740759763156	cosine	24.0	8.0	0.0	0.3939393939393941	0.037302414641954044
0.7720528262718823	cosine	24.0	0.0	4.0	0.2727272727272728	0.10854448149943507
-0.9391824989876209	cosine	24.0	8.0	12.0	0.3939393939393941	0.037302414641954044
-0.5286553297257673	cosine	24.0	20.0	0.0	0.3939393939393941	0.037302414641954044
2.1385648548573264	cosine	24.0	0.0	20.0	0.4242424242424244	0.02742697317621316
0.5720916770229991	cosine	24.0	12.0	16.0	0.30303030303030315	0.08511721571435177
0.5765392921248382	cosine	24.0	12.0	8.0	0.575757575757576	0.004583576838638997
-1.408102834297628	cosine	24.0	16.0	8.0	0.45454545454545475	0.019834630913749846
1.554892670535273	cosine	24.0	12.0	20.0	0.4242424242424244	0.02742697317621316
-1.2643517203890045	cosine	24.0	20.0	16.0	0.4242424242424244	0.02742697317621316
-1.3276083436804824	cosine	24.0	8.0	4.0	0.5151515151515154	0.00986438530634296
-0.6813785052349116	cosine	24.0	12.0	8.0	0.5454545454545456	0.0067819162397311575
0.11324803662575611	cosine	24.0	16.0	0.0	0.45454545454545475	0.019834630913749846
0.580569768322	cosine	24.0	12.0	16.0	0.7272727272727276	0.0004983045770249599
0.6035801998183161	cosine	24.0	12.0	0.0	0.2121212121212122	0.16852366968754684
-1.16163050126637	cosine	24.0	16.0	8.0	0.30303030303030315	0.08511721571435177
1.4587614912454951	cosine	24.0	12.0	8.0	0.24242424242424254	0.1362855657955242
1.211161816226508	cosine	24.0	8.0	16.0	0.24242424242424254	0.1362855657955242
-1.726398351810141	cosine	24.0	20.0	8.0	0.6363636363636367	0.001988079806063042
-0.17942893981071592	cosine	24.0	20.0	0.0	0.30303030303030315	0.08511721571435177
-0.522458498060256	cosine	24.0	16.0	20.0	0.5151515151515154	0.00986438530634296
0.7370555334976368	cosine	24.0	16.0	8.0	0.4242424242424244	0.02742697317621316
2.0657037138245746	cosine	24.0	4.0	20.0	0.3939393939393941	0.037302414641954044
-0.5942896929872012	cosine	24.0	20.0	8.0	0.45454545454545475	0.019834630913749846
0.7211724332480706	cosine	24.0	12.0	20.0	0.3939393939393941	0.037302414641954044
-0.40970957619660736	cosine	24.0	20.0	16.0	0.5454545454545456	0.0067819162397311575
-0.6846702253432435	cosine	24.0	0.0	4.0	0.575757575757576	0.004583576838638997
-1.479958675681126	cosine	24.0	4.0	8.0	0.2727272727272728	0.10854448149943507
0.19235513106226484	cosine	24.0	12.0	4.0	0.30303030303030315	0.08511721571435177
0.8448397346651015	cosine	24.0	20.0	0.0	0.3636363636363638	0.04990853551146973
-1.8609322891333338	cosine	24.0	16.0	12.0	0.2727272727272728	0.10854448149943507
-2.405917152693791	cosine	24.0	12.0	0.0	0.5454545454545456	0.0067819162397311575
0.31301198099238225	cosine	24.0	8.0	12.0	0.2727272727272728	0.10854448149943507
-0.011842647298424647	cosine	24.0	12.0	4.0	0.5151515151515154	0.00986438530634296
-0.806542007363022	cosine	24.0	20.0	16.0	0.45454545454545475	0.019834630913749846
-0.8654082124773479	cosine	24.0	20.0	16.0	0.2727272727272728	0.10854448149943507
-0.8214722884500038	cosine	24.0	12.0	8.0	0.2121212121212122	0.16852366968754684
-0.16557648580048517	cosine	24.0	20.0	4.0	0.3939393939393941	0.037302414641954044
-1.0756282787379732	cosine	24.0	20.0	0.0	0.6060606060606063	0.003044944233852819
0.0838778777546632	cosine	24.0	16.0	12.0	0.30303030303030315	0.08511721571435177
-0.3773643448815457	cosine	24.0	16.0	12.0	0.24242424242424254	0.1362855657955242
-0.4299929437068075	cosine	24.0	8.0	20.0	0.30303030303030315	0.08511721571435177
-0.8900170763663213	cosine	24.0	8.0	12.0	0.24242424242424254	0.1362855657955242
-1.1015658783389546	cosine	24.0	8.0	16.0	0.4242424242424244	0.02742697317621316
1.8844273990723894	cosine	24.0	12.0	20.0	0.4848484848484851	0.014106153084401886
1.8540537545663063	cosine	24.0	12.0	8.0	0.3333333333333335	0.06570102610411901
-0.11410887552887852	cosine	24.0	12.0	8.0	0.4242424242424244	0.02742697317621316
-0.2299191625556461	cosine	24.0	16.0	12.0	0.2121212121212122	0.16852366968754684
0.2760488370247237	cosine	24.0	0.0	8.0	0.3333333333333335	0.06570102610411901
0.33925912533239244	cosine	24.0	16.0	12.0	0.1818181818181819	0.20529080418760415
1.0440690716207701	cosine	24.0	8.0	12.0	0.3333333333333335	0.06570102610411901
-1.9290706283710903	cosine	24.0	4.0	16.0	0.2121212121212122	0.16852366968754684
-0.5497009081026596	cosine	24.0	12.0	16.0	0.24242424242424254	0.1362855657955242
-0.9387820417216161	cosine	24.0	20.0	8.0	0.2121212121212122	0.16852366968754684
-0.5202671026273495	cosine	24.0	20.0	0.0	0.2727272727272728	0.10854448149943507
-0.23004928098938554	cosine	24.0	0.0	4.0	0.4848484848484851	0.014106153084401886
-0.9690413729172609	cosine	24.0	0.0	8.0	0.5151515151515154	0.00986438530634296
-1.1907345803954188	cosine	24.0	12.0	8.0	0.2121212121212122	0.16852366968754684
0.2326048747960542	cosine	24.0	0.0	20.0	0.15151515151515157	0.24644312334002483
0.7369513052780678	cosine	24.0	8.0	0.0	0.3939393939393941	0.037302414641954044
0.36461514966963743	cosine	24.0	8.0	16.0	0.5151515151515154	0.00986438530634296
0.02269355238489471	cosine	24.0	8.0	16.0	0.45454545454545475	0.019834630913749846
1.9701337955236693	cosine	24.0	8.0	4.0	0.1818181818181819	0.20529080418760415
-0.8929445873410249	cosine	24.0	0.0	4.0	0.3636363636363638	0.04990853551146973
-0.3504054100439216	cosine	24.0	0.0	20.0	0.2727272727272728	0.10854448149943507
0.7633273063035151	cosine	24.0	20.0	16.0	0.2727272727272728	0.10854448149943507
-0.04733834587126548	cosine	24.0	20.0	0.0	0.3939393939393941	0.037302414641954044
-1.3064247675003993	cosine	24.0	12.0	8.0	0.3333333333333335	0.06570102610411901
-1.1028977312711081	cosine	24.0	4.0	8.0	0.2121212121212122	0.16852366968754684
0.4855531283865858	cosine	24.0	4.0	0.0	0.30303030303030315	0.08511721571435177
-1.552946398785403	cosine	24.0	0.0	4.0	0.2727272727272728	0.10854448149943507
0.5757764624051549	cosine	24.0	4.0	12.0	0.8787878787878791	3.4864630077916996e-05
0.37199071794582056	cosine	24.0	8.0	20.0	0.30303030303030315	0.08511721571435177
-0.9109866854247756	cosine	24.0	8.0	20.0	0.3333333333333335	0.06570102610411901
-0.05650137087460306	cosine	24.0	20.0	0.0	0.45454545454545475	0.019834630913749846
1.3677805300977097	cosine	24.0	16.0	0.0	0.4848484848484851	0.014106153084401886
-0.025686793016097487	cosine	24.0	4.0	12.0	0.4848484848484851	0.014106153084401886
1.3241876195651243	cosine	24.0	16.0	8.0	0.5151515151515154	0.00986438530634296
-1.538101983707917	cosine	24.0	0.0	16.0	0.3333333333333335	0.06570102610411901
-0.09458153181055722	cosine	24.0	12.0	16.0	0.45454545454545475	0.019834630913749846
0.45645976382613623	cosine	24.0	20.0	4.0	0.4848484848484851	0.014106153084401886
0.7984612165060371	cosine	24.0	0.0	12.0	0.4848484848484851	0.014106153084401886
1.2338178457674875	cosine	24.0	8.0	20.0	0.24242424242424254	0.1362855657955242
-0.04393636986344317	cosine	24.0	8.0	12.0	0.2121212121212122	0.16852366968754684
0.2595143391255106	cosine	24.0	20.0	4.0	0.3333333333333335	0.06570102610411901
1.3266947516406815	cosine	24.0	8.0	20.0	0.5454545454545456	0.0067819162397311575
-2.0644061945398193	cosine	24.0	20.0	0.0	0.3939393939393941	0.037302414641954044
-0.43516321573657585	cosine	24.0	12.0	4.0	0.2121212121212122	0.16852366968754684
-0.5099985865795577	cosine	24.0	16.0	20.0	0.2121212121212122	0.16852366968754684
0.496113733847303	cosine	24.0	16.0	12.0	0.666666666666667	0.0012756406460599887
0.4763670052795776	cosine	24.0	8.0	16.0	0.24242424242424254	0.1362855657955242
1.0197541627991438	cosine	24.0	4.0	0.0	0.30303030303030315	0.08511721571435177
0.4725286367202884	cosine	24.0	0.0	16.0	0.3333333333333335	0.06570102610411901
0.9781727291835891	cosine	24.0	16.0	20.0	0.24242424242424254	0.1362855657955242
0.1853798861875068	cosine	24.0	16.0	20.0	0.3636363636363638	0.04990853551146973
-0.7615856035130467	cosine	24.0	20.0	12.0	0.575757575757576	0.004583576838638997
0.5079051289300449	cosine	24.0	4.0	8.0	0.1818181818181819	0.20529080418760415
-0.8892204386740885	cosine	24.0	16.0	20.0	0.24242424242424254	0.1362855657955242
-0.595820912704632	cosine	24.0	20.0	0.0	0.30303030303030315	0.08511721571435177
-0.6142842912427943	cosine	24.0	20.0	12.0	0.6363636363636367	0.001988079806063042
1.2142637418747468	cosine	24.0	8.0	12.0	0.30303030303030315	0.08511721571435177
-0.11391209742023678	cosine	24.0	8.0	0.0	0.1818181818181819	0.20529080418760415
-1.2320680313779717	cosine	24.0	4.0	16.0	0.45454545454545475	0.019834630913749846
-0.607843249399326	cosine	24.0	16.0	0.0	0.3939393939393941	0.037302414641954044
0.2999946516716949	cosine	24.0	12.0	20.0	0.4242424242424244	0.02742697317621316
0.896285789509132	cosine	24.0	4.0	8.0	0.2121212121212122	0.16852366968754684
-0.4975863104017066	cosine	24.0	4.0	0.0	0.3939393939393941	0.037302414641954044
-1.1979172834390601	cosine	24.0	12.0	0.0	0.4242424242424244	0.02742697317621316
0.6473896175511922	cosine	24.0	12.0	8.0	0.575757575757576	0.004583576838638997
-1.6084610437731595	cosine	24.0	20.0	0.0	0.4848484848484851	0.014106153084401886
0.7315176385642396	cosine	24.0	16.0	12.0	0.45454545454545475	0.019834630913749846
-1.1653427743013494	cosine	24.0	20.0	16.0	0.4242424242424244	0.02742697317621316
-0.806259312732522	cosine	24.0	16.0	0.0	0.5151515151515154	0.00986438530634296
0.9235615003946873	cosine	24.0	8.0	4.0	0.4848484848484851	0.014106153084401886
0.35739869785297806	cosine	24.0	20.0	16.0	0.2121212121212122	0.16852366968754684
-1.3210018520206557	cosine	24.0	12.0	8.0	0.3939393939393941	0.037302414641954044
-1.9626596355763715	cosine	24.0	12.0	8.0	0.5151515151515154	0.00986438530634296
-0.10748599193682194	cosine	24.0	20.0	0.0	0.24242424242424254	0.1362855657955242
0.09385381247611961	cosine	24.0	20.0	16.0	0.3333333333333335	0.06570102610411901
1.6048410666069142	cosine	24.0	8.0	12.0	0.4848484848484851	0.014106153084401886
0.5021356066593152	cosine	24.0	20.0	16.0	0.2121212121212122	0.16852366968754684
1.1074837445997978	cosine	24.0	0.0	16.0	0.5151515151515154	0.00986438530634296
-0.3050481171185558	cosine	24.0	0.0	4.0	0.45454545454545475	0.019834630913749846
-1.7749951331877258	cosine	24.0	16.0	8.0	0.6363636363636367	0.001988079806063042
0.02229125344925844	cosine	24.0	20.0	8.0	0.24242424242424254	0.1362855657955242
-0.5150438982796103	cosine	24.0	0.0	8.0	0.3939393939393941	0.037302414641954044
-0.6937531602028247	cosine	24.0	4.0	0.0	0.24242424242424254	0.1362855657955242
2.737485292097165	cosine	24.0	0.0	16.0	0.15151515151515157	0.24644312334002483
-0.8946886626965801	cosine	24.0	4.0	8.0	0.15151515151515157	0.24644312334002483
-0.34848311338302324	cosine	24.0	0.0	20.0	0.2727272727272728	0.10854448149943507
0.23213500413582044	cosine	24.0	8.0	12.0	0.6363636363636367	0.001988079806063042
-0.21494127625936868	cosine	24.0	20.0	12.0	0.30303030303030315	0.08511721571435177
1.4549750177616543	cosine	24.0	16.0	8.0	0.24242424242424254	0.1362855657955242
-0.0800439832406231	cosine	24.0	16.0	12.0	0.3636363636363638	0.04990853551146973
0.8683409407058735	cosine	24.0	4.0	0.0	0.30303030303030315	0.08511721571435177
1.2973894050353072	cosine	24.0	12.0	20.0	0.6060606060606063	0.003044944233852819
1.76901705527252	cosine	24.0	0.0	20.0	0.2121212121212122	0.16852366968754684
-0.40495313050149717	cosine	24.0	8.0	16.0	0.3636363636363638	0.04990853551146973
0.04710261105168828	cosine	24.0	4.0	0.0	0.2121212121212122	0.16852366968754684
0.26965213348493006	cosine	24.0	0.0	16.0	0.24242424242424254	0.1362855657955242
-0.9378488498677026	cosine	24.0	0.0	20.0	0.3636363636363638	0.04990853551146973
-0.025399458235169963	cosine	24.0	4.0	0.0	0.3636363636363638	0.04990853551146973
1.2907158432984376	cosine	24.0	8.0	12.0	0.3939393939393941	0.037302414641954044
0.16921222979249864	cosine	24.0	20.0	12.0	0.1818181818181819	0.20529080418760415
-0.594187310470221	cosine	24.0	8.0	16.0	0.2121212121212122	0.16852366968754684
0.6731465175343627	cosine	24.0	16.0	8.0	0.5151515151515154	0.00986438530634296
0.8820452018223521	cosine	24.0	4.0	8.0	0.30303030303030315	0.08511721571435177
-0.9953164222935483	cosine	24.0	20.0	0.0	0.24242424242424254	0.1362855657955242
0.07100910247862853	cosine	24.0	0.0	4.0	0.24242424242424254	0.1362855657955242
0.3467711762891639	cosine	24.0	4.0	8.0	0.5454545454545456	0.0067819162397311575
0.15356062728464043	cosine	24.0	12.0	20.0	0.24242424242424254	0.1362855657955242
0.6659532268628798	cosine	24.0	16.0	8.0	0.3333333333333335	0.06570102610411901
-0.0409642426577037	cosine	24.0	4.0	0.0	0.24242424242424254	0.1362855657955242
-0.5845350685788641	cosine	24.0	4.0	0.0	0.5151515151515154	0.00986438530634296
-0.14186958318077544	cosine	24.0	12.0	8.0	0.30303030303030315	0.08511721571435177
-0.5692099185119043	cosine	24.0	16.0	4.0	0.45454545454545475	0.019834630913749846
0.036725548888567605	cosine	24.0	12.0	8.0	0.3939393939393941	0.037302414641954044
0.7475128533410571	cosine	24.0	16.0	20.0	0.15151515151515157	0.24644312334002483
-0.49426696301430795	cosine	24.0	12.0	16.0	0.3939393939393941	0.037302414641954044
-1.4898312550274928	cosine	24.0	0.0	4.0	0.5151515151515154	0.00986438530634296
0.9662518409271605	cosine	24.0	4.0	0.0	0.2727272727272728	0.10854448149943507
1.920518740978231	cosine	24.0	8.0	4.0	0.3333333333333335	0.06570102610411901
-1.520323803844246	cosine	24.0	4.0	8.0	0.4242424242424244	0.02742697317621316
0.8653710358809281	cosine	24.0	4.0	20.0	0.45454545454545475	0.019834630913749846
2.432369303534396	cosine	24.0	4.0	0.0	0.3636363636363638	0.04990853551146973
-0.3516314006006743	cosine	24.0	4.0	8.0	0.2727272727272728	0.10854448149943507
0.4053244476738512	cosine	24.0	4.0	8.0	0.3333333333333335	0.06570102610411901
1.6461573811638937	cosine	24.0	12.0	0.0	0.45454545454545475	0.019834630913749846
-0.026600224002326704	cosine	24.0	8.0	4.0	0.30303030303030315	0.08511721571435177
-1.4036795970995908	cosine	24.0	16.0	20.0	0.1818181818181819	0.20529080418760415
-0.4307269450408244	cosine	24.0	0.0	4.0	0.575757575757576	0.004583576838638997
0.5941065771627467	cosine	24.0	16.0	20.0	0.575757575757576	0.004583576838638997
0.5205013014758658	cosine	24.0	12.0	16.0	0.1818181818181819	0.20529080418760415
-0.2674099882982649	cosine	24.0	16.0	20.0	0.3333333333333335	0.06570102610411901
0.5972830277944381	cosine	24.0	4.0	16.0	0.1818181818181819	0.20529080418760415
-0.4438019391950413	cosine	24.0	12.0	8.0	0.5454545454545456	0.0067819162397311575
0.29751386896723647	cosine	24.0	12.0	8.0	0.3333333333333335	0.06570102610411901
0.668644378836371	cosine	24.0	12.0	20.0	0.15151515151515157	0.24644312334002483
1.1050494954218164	cosine	24.0	8.0	12.0	0.1818181818181819	0.20529080418760415
0.6039948700444115	cosine	24.0	4.0	0.0	0.30303030303030315	0.08511721571435177
-0.30236149116346384	cosine	24.0	8.0	16.0	0.2727272727272728	0.10854448149943507
-1.2554953827251312	cosine	24.0	16.0	12.0	0.666666666666667	0.0012756406460599887
0.5798103278918844	cosine	24.0	20.0	8.0	0.15151515151515157	0.24644312334002483
0.865165991176875	cosine	24.0	20.0	16.0	0.5151515151515154	0.00986438530634296
-0.9352127346443967	cosine	24.0	8.0	4.0	0.15151515151515157	0.24644312334002483
-0.16866887085721374	cosine	24.0	20.0	4.0	0.6060606060606063	0.003044944233852819
-1.092879412015892	cosine	24.0	4.0	16.0	0.2727272727272728	0.10854448149943507
0.28319512204729075	cosine	24.0	4.0	20.0	0.3939393939393941	0.037302414641954044
0.38496464765742416	cosine	24.0	12.0	16.0	0.30303030303030315	0.08511721571435177
2.2682032973339226	cosine	24.0	0.0	12.0	0.4848484848484851	0.014106153084401886
0.4907525565107783	cosine	24.0	8.0	20.0	0.2121212121212122	0.16852366968754684
1.7597685174505604	cosine	24.0	12.0	4.0	0.4848484848484851	0.014106153084401886
0.05296144240371934	cosine	24.0	12.0	20.0	0.09090909090909095	0.3403766952212308
-1.7531481879883213	cosine	24.0	20.0	8.0	0.45454545454545475	0.019834630913749846
0.5125758745651319	cosine	24.0	4.0	12.0	0.2727272727272728	0.10854448149943507
0.8734076471217076	cosine	24.0	8.0	12.0	0.5151515151515154	0.00986438530634296
0.001189582250548383	cosine	24.0	12.0	20.0	0.24242424242424254	0.1362855657955242
-0.4885271231849849	cosine	24.0	0.0	4.0	0.3636363636363638	0.04990853551146973
0.6745972324184197	cosine	24.0	12.0	8.0	0.30303030303030315	0.08511721571435177
0.08629657222285163	cosine	24.0	16.0	12.0	0.45454545454545475	0.019834630913749846
-0.5435741347225618	cosine	24.0	8.0	12.0	0.3636363636363638	0.04990853551146973
1.2704528905594903	cosine	24.0	20.0	12.0	0.24242424242424254	0.1362855657955242
-1.3428169530899636	cosine	24.0	12.0	20.0	0.4848484848484851	0.014106153084401886
-0.028384702536047832	cosine	24.0	4.0	0.0	0.3333333333333335	0.06570102610411901
0.47142065277597683	cosine	24.0	12.0	8.0	0.1818181818181819	0.20529080418760415
-0.3903021770867986	cosine	24.0	8.0	4.0	0.3333333333333335	0.06570102610411901
-1.4543743925292045	cosine	24.0	0.0	8.0	0.24242424242424254	0.1362855657955242
-0.7091219364281663	cosine	24.0	0.0	4.0	0.3333333333333335	0.06570102610411901
-0.19209234595724015	cosine	24.0	20.0	4.0	0.2727272727272728	0.10854448149943507
0.12220997637257289	cosine	24.0	16.0	20.0	0.4848484848484851	0.014106153084401886
-0.42970024570503634	cosine	24.0	8.0	4.0	0.4848484848484851	0.014106153084401886
-0.719212327302927	cosine	24.0	20.0	16.0	0.5454545454545456	0.0067819162397311575
-1.6165115047055358	cosine	24.0	20.0	12.0	0.5151515151515154	0.00986438530634296
-0.5589977139791281	cosine	24.0	4.0	8.0	0.5151515151515154	0.00986438530634296
1.3986518920635755	cosine	24.0	8.0	12.0	0.24242424242424254	0.1362855657955242
-0.21850577926688627	cosine	24.0	20.0	0.0	0.30303030303030315	0.08511721571435177
1.204812437707477	cosine	24.0	20.0	16.0	0.575757575757576	0.004583576838638997
0.08805898501084108	cosine	24.0	0.0	16.0	0.5454545454545456	0.0067819162397311575
1.4401513831798896	cosine	24.0	0.0	8.0	0.6060606060606063	0.003044944233852819
-0.32350656080584966	cosine	24.0	20.0	0.0	0.45454545454545475	0.019834630913749846
-0.8112322552746619	cosine	24.0	4.0	20.0	0.2727272727272728	0.10854448149943507
0.41083856553682047	cosine	24.0	8.0	4.0	0.15151515151515157	0.24644312334002483
-1.301533156474092	cosine	24.0	16.0	12.0	0.24242424242424254	0.1362855657955242
1.3198785564091253	cosine	24.0	4.0	20.0	0.6363636363636367	0.001988079806063042
-2.501553326120878	cosine	24.0	0.0	4.0	0.2727272727272728	0.10854448149943507
0.50667111922296	cosine	24.0	0.0	8.0	0.6363636363636367	0.001988079806063042
1.0873879988550375	cosine	24.0	16.0	4.0	0.575757575757576	0.004583576838638997
0.8568546015513093	cosine	24.0	12.0	8.0	0.24242424242424254	0.1362855657955242
0.2700354803387601	cosine	24.0	20.0	12.0	0.30303030303030315	0.08511721571435177
-0.4489223913860326	cosine	24.0	8.0	0.0	0.24242424242424254	0.1362855657955242
0.470910166312963	cosine	24.0	4.0	20.0	0.24242424242424254	0.1362855657955242
-0.7067264928071568	cosine	24.0	8.0	12.0	0.3333333333333335	0.06570102610411901
-0.6176089598450555	cosine	24.0	20.0	12.0	0.30303030303030315	0.08511721571435177
-0.14976079572464573	cosine	24.0	4.0	8.0	0.2121212121212122	0.16852366968754684
-0.8396038987045931	cosine	24.0	12.0	16.0	0.30303030303030315	0.08511721571435177
-0.2875283873881676	cosine	24.0	12.0	20.0	0.3333333333333335	0.06570102610411901
-0.7571912479383475	cosine	24.0	8.0	16.0	0.4848484848484851	0.014106153084401886
-2.451450856911714	cosine	24.0	16.0	0.0	0.30303030303030315	0.08511721571435177
-0.9024561171266555	cosine	24.0	8.0	16.0	0.4848484848484851	0.014106153084401886
1.4390204144545007	cosine	24.0	0.0	8.0	0.3939393939393941	0.037302414641954044
0.3103495256008176	cosine	24.0	20.0	0.0	0.4848484848484851	0.014106153084401886
0.4333885711363665	cosine	24.0	8.0	0.0	0.5151515151515154	0.00986438530634296
1.1006996082615936	cosine	24.0	12.0	8.0	0.2121212121212122	0.16852366968754684
-1.1838958793546073	cosine	24.0	8.0	4.0	0.15151515151515157	0.24644312334002483
0.23086069140526605	cosine	24.0	0.0	12.0	0.3939393939393941	0.037302414641954044
-2.2324952874699466	cosine	24.0	20.0	12.0	0.3333333333333335	0.06570102610411901
-1.1191412543112607	cosine	24.0	4.0	0.0	0.3636363636363638	0.04990853551146973
-0.7040046787659545	cosine	24.0	20.0	0.0	0.2727272727272728	0.10854448149943507
-0.09687904767485389	cosine	24.0	16.0	12.0	0.1818181818181819	0.20529080418760415
1.1481452799087917	cosine	24.0	8.0	4.0	0.4848484848484851	0.014106153084401886
1.010851668413226	cosine	24.0	4.0	12.0	0.5454545454545456	0.0067819162397311575
1.3933572906507028	cosine	24.0	12.0	20.0	0.2727272727272728	0.10854448149943507
-0.4513025137079128	cosine	24.0	8.0	0.0	0.3939393939393941	0.037302414641954044
0.9253497441109579	cosine	24.0	8.0	12.0	0.3636363636363638	0.04990853551146973
0.3348118915431501	cosine	24.0	12.0	8.0	0.15151515151515157	0.24644312334002483
-1.4476996000154063	cosine	24.0	4.0	8.0	0.4242424242424244	0.02742697317621316
0.744041419717276	cosine	24.0	8.0	4.0	0.3636363636363638	0.04990853551146973
1.2015023030438265	cosine	24.0	20.0	16.0	0.2727272727272728	0.10854448149943507
0.17288219180207795	cosine	24.0	8.0	0.0	0.30303030303030315	0.08511721571435177
-0.16217978797889543	cosine	24.0	16.0	20.0	0.3636363636363638	0.04990853551146973
-0.4825388872690811	cosine	24.0	12.0	0.0	0.575757575757576	0.004583576838638997
0.04458458474929823	cosine	24.0	20.0	0.0	0.30303030303030315	0.08511721571435177
-0.6433997842051107	cosine	24.0	8.0	20.0	0.15151515151515157	0.24644312334002483
1.8430121212972428	cosine	24.0	12.0	16.0	0.24242424242424254	0.1362855657955242
0.9362943981839175	cosine	24.0	20.0	0.0	0.3333333333333335	0.06570102610411901
-0.4809121767340402	cosine	24.0	0.0	4.0	0.2121212121212122	0.16852366968754684
0.7998105525992724	cosine	24.0	16.0	4.0	0.2121212121212122	0.16852366968754684
1.0671526983375548	cosine	24.0	12.0	0.0	0.5151515151515154	0.00986438530634296
0.6338295103328889	cosine	24.0	8.0	16.0	0.2727272727272728	0.10854448149943507
0.5605841384836823	cosine	24.0	12.0	16.0	0.2121212121212122	0.16852366968754684
0.375294772592404	cosine	24.0	0.0	8.0	0.1818181818181819	0.20529080418760415
1.1403010301771392	cosine	24.0	4.0	12.0	0.2727272727272728	0.10854448149943507
0.6187063702735565	cosine	24.0	4.0	0.0	0.24242424242424254	0.1362855657955242
-1.139214366381534	cosine	24.0	12.0	20.0	0.3636363636363638	0.04990853551146973
0.8758419855556464	cosine	24.0	16.0	8.0	0.2727272727272728	0.10854448149943507
-0.7900862228991895	cosine	24.0	8.0	12.0	0.45454545454545475	0.019834630913749846
-1.132483450674303	cosine	24.0	12.0	16.0	0.30303030303030315	0.08511721571435177
1.7979009141250277	cosine	24.0	16.0	20.0	0.2121212121212122	0.16852366968754684
0.13701338712687233	cosine	24.0	16.0	8.0	0.3636363636363638	0.04990853551146973
-0.2524873946075583	cosine	24.0	8.0	4.0	0.09090909090909095	0.3403766952212308
-0.40585566789792415	cosine	24.0	0.0	20.0	0.1818181818181819	0.20529080418760415
-0.5679110197635411	cosine	24.0	4.0	0.0	0.30303030303030315	0.08511721571435177
0.047549065666465565	cosine	24.0	12.0	16.0	0.24242424242424254	0.1362855657955242
0.887076577824916	cosine	24.0	8.0	16.0	0.1818181818181819	0.20529080418760415
-0.6284298917832363	cosine	24.0	20.0	0.0	0.24242424242424254	0.1362855657955242
1.1418151703405424	cosine	24.0	8.0	4.0	0.3636363636363638	0.04990853551146973
-0.22155767360461215	cosine	24.0	20.0	0.0	0.3333333333333335	0.06570102610411901
-0.4348884892805517	cosine	24.0	16.0	20.0	0.45454545454545475	0.019834630913749846
-0.5207728220172545	cosine	24.0	20.0	0.0	0.3333333333333335	0.06570102610411901
0.608623609941883	cosine	24.0	8.0	4.0	0.2121212121212122	0.16852366968754684
-1.1652459231023358	cosine	24.0	20.0	16.0	0.15151515151515157	0.24644312334002483
0.13029608564261153	cosine	24.0	20.0	16.0	0.4848484848484851	0.014106153084401886
0.3299041426152873	cosine	24.0	4.0	0.0	0.30303030303030315	0.08511721571435177
-0.5378450804121905	cosine	24.0	0.0	4.0	0.3636363636363638	0.04990853551146973
0.7249372544781352	cosine	24.0	4.0	0.0	0.2121212121212122	0.16852366968754684
-1.2027849921032585	cosine	24.0	12.0	8.0	0.2727272727272728	0.10854448149943507
-0.22343881449442493	cosine	24.0	8.0	12.0	0.8181818181818186	0.00010656710346223243
0.26364656241367584	cosine	24.0	12.0	16.0	0.2121212121212122	0.16852366968754684
-1.367913855859657	cosine	24.0	4.0	12.0	0.2727272727272728	0.10854448149943507
0.2132004996128338	cosine	24.0	8.0	4.0	0.6060606060606063	0.003044944233852819
-2.9268614436664824	cosine	24.0	20.0	4.0	0.6060606060606063	0.003044944233852819
-0.7686106153733175	cosine	24.0	12.0	0.0	0.3636363636363638	0.04990853551146973
-1.0161828740711851	cosine	24.0	8.0	4.0	0.1818181818181819	0.20529080418760415
-0.08965489214108971	cosine	24.0	16.0	8.0	0.7575757575757579	0.000303320964553055
-0.29545728801222354	cosine	24.0	4.0	16.0	0.666666666666667	0.0012756406460599887
-1.7781037783406042	cosine	24.0	4.0	8.0	0.5454545454545456	0.0067819162397311575
0.7641583192292103	cosine	24.0	16.0	12.0	0.24242424242424254	0.1362855657955242
0.763118270933176	cosine	24.0	20.0	0.0	0.4848484848484851	0.014106153084401886
0.8211442986271876	cosine	24.0	0.0	20.0	0.30303030303030315	0.08511721571435177
0.17129587860903572	cosine	24.0	20.0	0.0	0.45454545454545475	0.019834630913749846
0.22510119855392768	cosine	24.0	8.0	4.0	0.2121212121212122	0.16852366968754684
1.5553752742578533	cosine	24.0	4.0	8.0	0.24242424242424254	0.1362855657955242
-0.8160776337810264	cosine	24.0	12.0	16.0	0.2727272727272728	0.10854448149943507
0.4704137138027698	cosine	24.0	16.0	20.0	0.2727272727272728	0.10854448149943507
2.0262537014645825	cosine	24.0	8.0	20.0	0.30303030303030315	0.08511721571435177
-1.0463484109533343	cosine	24.0	4.0	12.0	0.575757575757576	0.004583576838638997
1.6116192385191588	cosine	24.0	8.0	0.0	0.3939393939393941	0.037302414641954044
1.3227633198334012	cosine	24.0	0.0	12.0	0.3636363636363638	0.04990853551146973
1.644290237366201	cosine	24.0	8.0	4.0	0.5151515151515154	0.00986438530634296
-0.5319733558520605	cosine	24.0	12.0	8.0	0.5151515151515154	0.00986438530634296
-0.06623769619452798	cosine	24.0	12.0	20.0	0.2121212121212122	0.16852366968754684
-0.38045260263855235	cosine	24.0	20.0	0.0	0.1818181818181819	0.20529080418760415
-0.2897023324733198	cosine	24.0	0.0	20.0	0.4242424242424244	0.02742697317621316
1.5006114219783757	cosine	24.0	0.0	16.0	0.4848484848484851	0.014106153084401886
0.918054765245998	cosine	24.0	4.0	20.0	0.09090909090909095	0.3403766952212308
0.4148602176401036	cosine	24.0	4.0	16.0	0.7272727272727276	0.0004983045770249599
0.33261666193778666	cosine	24.0	4.0	8.0	0.30303030303030315	0.08511721571435177
-0.4965614511107127	cosine	24.0	4.0	0.0	0.30303030303030315	0.08511721571435177
-0.7094131687769983	cosine	24.0	16.0	12.0	0.24242424242424254	0.1362855657955242
-0.7242479827170656	cosine	24.0	20.0	12.0	0.3333333333333335	0.06570102610411901
0.10108383102148252	cosine	24.0	4.0	12.0	0.4242424242424244	0.02742697317621316
-0.598032726991105	cosine	24.0	12.0	16.0	0.45454545454545475	0.019834630913749846
-0.2117925259874625	cosine	24.0	8.0	12.0	0.666666666666667	0.0012756406460599887
0.6879707233384653	cosine	24.0	8.0	12.0	0.3333333333333335	0.06570102610411901
0.03064835994721514	cosine	24.0	20.0	12.0	0.3939393939393941	0.037302414641954044
-0.7323896368073517	cosine	24.0	4.0	0.0	0.45454545454545475	0.019834630913749846
2.2681410989970834	cosine	24.0	8.0	4.0	0.1818181818181819	0.20529080418760415
-1.8390664482643493	cosine	24.0	20.0	8.0	0.45454545454545475	0.019834630913749846
-0.8802602832412609	cosine	24.0	20.0	16.0	0.3636363636363638	0.04990853551146973
-0.8963923651906462	cosine	24.0	4.0	0.0	0.3636363636363638	0.04990853551146973
0.2678707962982082	cosine	24.0	4.0	12.0	0.24242424242424254	0.1362855657955242
0.07474857840736776	cosine	24.0	20.0	16.0	0.24242424242424254	0.1362855657955242
-1.7987935590443593	cosine	24.0	8.0	12.0	0.30303030303030315	0.08511721571435177
0.4833754481237982	cosine	24.0	12.0	4.0	0.5151515151515154	0.00986438530634296
0.681575102687679	cosine	24.0	12.0	16.0	0.3636363636363638	0.04990853551146973
1.1311615894655784	cosine	24.0	4.0	8.0	0.3636363636363638	0.04990853551146973
0.7786019395016606	cosine	24.0	16.0	20.0	0.2727272727272728	0.10854448149943507
-1.2783105111913138	cosine	24.0	0.0	20.0	0.4848484848484851	0.014106153084401886
0.4124788139107454	cosine	24.0	12.0	8.0	0.45454545454545475	0.019834630913749846
-1.3315725146656796	cosine	24.0	0.0	4.0	0.1818181818181819	0.20529080418760415
-0.04245830180115625	cosine	24.0	12.0	16.0	0.2121212121212122	0.16852366968754684
0.14629587320753176	cosine	24.0	20.0	12.0	0.2727272727272728	0.10854448149943507
-0.7811750617705326	cosine	24.0	0.0	4.0	0.5151515151515154	0.00986438530634296
0.4344439267695998	cosine	24.0	8.0	12.0	0.3939393939393941	0.037302414641954044
-1.3589985148571528	cosine	24.0	20.0	16.0	0.15151515151515157	0.24644312334002483
-0.7197498457929822	cosine	24.0	8.0	16.0	0.3939393939393941	0.037302414641954044
-1.4629861381742415	cosine	24.0	8.0	20.0	0.5151515151515154	0.00986438530634296
-0.7904924319775534	cosine	24.0	0.0	12.0	0.5454545454545456	0.0067819162397311575
0.05693143656520198	cosine	24.0	8.0	12.0	0.4242424242424244	0.02742697317621316
0.9494157288992991	cosine	24.0	20.0	12.0	0.4848484848484851	0.014106153084401886
-1.5409144061258404	cosine	24.0	16.0	12.0	0.24242424242424254	0.1362855657955242
0.80035616326832	cosine	24.0	4.0	12.0	0.3939393939393941	0.037302414641954044
-0.18904460329158396	cosine	24.0	8.0	12.0	0.30303030303030315	0.08511721571435177
0.2885602093233544	cosine	24.0	8.0	0.0	0.5454545454545456	0.0067819162397311575
0.2051571403170183	cosine	24.0	0.0	8.0	0.24242424242424254	0.1362855657955242
-1.69951293830182	cosine	24.0	4.0	8.0	0.575757575757576	0.004583576838638997
0.5217017200839255	cosine	24.0	8.0	12.0	0.45454545454545475	0.019834630913749846
-0.38340484255762775	cosine	24.0	4.0	12.0	0.3333333333333335	0.06570102610411901
0.7838018356981242	cosine	24.0	12.0	4.0	0.5454545454545456	0.0067819162397311575
-0.5270311646575897	cosine	24.0	20.0	4.0	0.5151515151515154	0.00986438530634296
-1.101372633872924	cosine	24.0	12.0	8.0	0.30303030303030315	0.08511721571435177
0.18080375502691476	cosine	24.0	8.0	16.0	0.5454545454545456	0.0067819162397311575
-0.1141431545562397	cosine	24.0	20.0	16.0	0.2727272727272728	0.10854448149943507
-0.9838581077272596	cosine	24.0	12.0	20.0	0.45454545454545475	0.019834630913749846
-1.6358029999182304	cosine	24.0	20.0	0.0	0.3333333333333335	0.06570102610411901
-0.37376614177026823	cosine	24.0	16.0	20.0	0.4848484848484851	0.014106153084401886
1.310324902379373	cosine	24.0	4.0	8.0	0.2121212121212122	0.16852366968754684
-0.3817390440544951	cosine	24.0	4.0	8.0	0.666666666666667	0.0012756406460599887
1.687984259298193	cosine	24.0	16.0	8.0	0.4242424242424244	0.02742697317621316
1.7109765681463294	cosine	24.0	8.0	16.0	0.5151515151515154	0.00986438530634296
-1.193680701408983	cosine	24.0	16.0	20.0	0.3636363636363638	0.04990853551146973
-0.26427793145627715	cosine	24.0	4.0	16.0	0.4848484848484851	0.014106153084401886
0.41710586894924034	cosine	24.0	12.0	16.0	0.2727272727272728	0.10854448149943507
0.7092578581866162	cosine	24.0	0.0	20.0	0.3333333333333335	0.06570102610411901
-0.10631522283012107	cosine	24.0	8.0	16.0	0.45454545454545475	0.019834630913749846
-0.09652346903937194	cosine	24.0	8.0	12.0	0.1818181818181819	0.20529080418760415
2.074891873303557	cosine	24.0	8.0	12.0	0.575757575757576	0.004583576838638997
-1.8091295003911214	cosine	24.0	8.0	12.0	0.3333333333333335	0.06570102610411901
1.3987103594452983	cosine	24.0	4.0	16.0	0.45454545454545475	0.019834630913749846
1.118374577944573	cosine	24.0	16.0	12.0	0.4848484848484851	0.014106153084401886
1.6115570815532145	cosine	24.0	20.0	12.0	0.3333333333333335	0.06570102610411901
0.11011334338790728	cosine	24.0	8.0	20.0	0.4242424242424244	0.02742697317621316
-0.5869710748815771	cosine	24.0	12.0	20.0	0.3939393939393941	0.037302414641954044
-1.8953777875361828	cosine	24.0	20.0	16.0	0.2727272727272728	0.10854448149943507
-0.40247282399937223	cosine	24.0	16.0	0.0	0.3636363636363638	0.04990853551146973
-1.520099734595737	cosine	24.0	16.0	20.0	0.4242424242424244	0.02742697317621316
-1.0406091986066757	cosine	24.0	16.0	8.0	0.4242424242424244	0.02742697317621316
1.1763206850278247	cosine	24.0	20.0	12.0	0.5454545454545456	0.0067819162397311575
-1.0423471298224039	cosine	24.0	4.0	8.0	0.4848484848484851	0.014106153084401886
-1.6302319355892654	cosine	24.0	16.0	12.0	0.4848484848484851	0.014106153084401886
-0.4289432026760536	cosine	24.0	8.0	4.0	0.3333333333333335	0.06570102610411901
-0.028570788610155176	cosine	24.0	0.0	4.0	0.30303030303030315	0.08511721571435177
1.0961290492413043	cosine	24.0	0.0	4.0	0.30303030303030315	0.08511721571435177
-0.4027256987300462	cosine	24.0	20.0	0.0	0.3636363636363638	0.04990853551146973
-1.1845667036249279	cosine	24.0	0.0	8.0	0.5454545454545456	0.0067819162397311575
-0.675076093163042	cosine	24.0	12.0	8.0	0.5151515151515154	0.00986438530634296
-0.3056172089021744	cosine	24.0	12.0	16.0	0.3333333333333335	0.06570102610411901
0.6690462552978708	cosine	24.0	0.0	20.0	0.4242424242424244	0.02742697317621316
0.06031219225848137	cosine	24.0	12.0	16.0	0.2727272727272728	0.10854448149943507
0.6152980592035961	cosine	24.0	12.0	16.0	0.24242424242424254	0.1362855657955242
-0.7294440157698384	cosine	24.0	8.0	16.0	0.15151515151515157	0.24644312334002483
-0.3044277554341066	cosine	24.0	12.0	16.0	0.1818181818181819	0.20529080418760415
0.9882121443517009	cosine	24.0	20.0	16.0	0.3636363636363638	0.04990853551146973
-2.0695751904463218	cosine	24.0	12.0	8.0	0.30303030303030315	0.08511721571435177
-1.0543118398944595	cosine	24.0	12.0	8.0	0.24242424242424254	0.1362855657955242
-0.6865262375905258	cosine	24.0	16.0	20.0	0.45454545454545475	0.019834630913749846
-0.029340715634865788	cosine	24.0	20.0	16.0	0.30303030303030315	0.08511721571435177
1.0007845057051434	cosine	24.0	20.0	12.0	0.5151515151515154	0.00986438530634296
-0.14972689999902378	cosine	24.0	8.0	4.0	0.1818181818181819	0.20529080418760415
-0.7289012742921473	cosine	24.0	16.0	12.0	0.7878787878787882	0.0001813930547667903
0.033989005592816895	cosine	24.0	0.0	16.0	0.3333333333333335	0.06570102610411901
-0.5561485902846929	cosine	24.0	12.0	16.0	0.3939393939393941	0.037302414641954044
2.556354574759489	cosine	24.0	0.0	4.0	0.4242424242424244	0.02742697317621316
-1.403478404050186	cosine	24.0	0.0	16.0	0.3939393939393941	0.037302414641954044
0.06255906444568197	cosine	24.0	8.0	12.0	0.3333333333333335	0.06570102610411901
-0.10646295998476554	cosine	24.0	20.0	8.0	0.4848484848484851	0.014106153084401886
0.9809476004345402	cosine	24.0	16.0	20.0	0.4242424242424244	0.02742697317621316
-0.23573171757444222	cosine	24.0	8.0	12.0	0.2727272727272728	0.10854448149943507
0.9566958979066222	cosine	24.0	0.0	12.0	0.45454545454545475	0.019834630913749846
0.9700976390092967	cosine	24.0	8.0	4.0	0.30303030303030315	0.08511721571435177
0.4692773414423669	cosine	24.0	4.0	8.0	0.3333333333333335	0.06570102610411901
-0.6670999306717008	cosine	24.0	20.0	0.0	0.2121212121212122	0.16852366968754684
-0.5329356088274766	cosine	24.0	8.0	0.0	0.24242424242424254	0.1362855657955242
-0.45141113820048295	cosine	24.0	16.0	8.0	0.3636363636363638	0.04990853551146973
1.4936330786790588	cosine	24.0	20.0	12.0	0.45454545454545475	0.019834630913749846
-0.19843130334052675	cosine	24.0	12.0	8.0	0.2727272727272728	0.10854448149943507
-0.6226478004131936	cosine	24.0	8.0	12.0	0.2727272727272728	0.10854448149943507
2.1035619677790303	cosine	24.0	0.0	20.0	0.5454545454545456	0.0067819162397311575
0.48241387836827904	cosine	24.0	8.0	12.0	0.5151515151515154	0.00986438530634296
-0.03326816473851836	cosine	24.0	20.0	0.0	0.3636363636363638	0.04990853551146973
0.48740980809837636	cosine	24.0	8.0	12.0	0.2727272727272728	0.10854448149943507
0.2709038734931674	cosine	24.0	8.0	12.0	0.3333333333333335	0.06570102610411901
0.9521008574622898	cosine	24.0	16.0	20.0	0.30303030303030315	0.08511721571435177
0.9007683732193177	cosine	24.0	12.0	20.0	0.4848484848484851	0.014106153084401886
1.4708982343229515	cosine	24.0	4.0	20.0	0.45454545454545475	0.019834630913749846
-0.5671971219640937	cosine	24.0	8.0	0.0	0.5151515151515154	0.00986438530634296
0.3142762266689486	cosine	24.0	0.0	20.0	0.24242424242424254	0.1362855657955242
-0.25890514737975573	cosine	24.0	8.0	4.0	0.5151515151515154	0.00986438530634296
0.5860398755000629	cosine	24.0	0.0	20.0	0.3636363636363638	0.04990853551146973
2.6547651510385473	cosine	24.0	8.0	0.0	0.5454545454545456	0.0067819162397311575
0.679106532319469	cosine	24.0	4.0	0.0	0.2727272727272728	0.10854448149943507
0.5266586181959346	cosine	24.0	0.0	12.0	0.4848484848484851	0.014106153084401886
-1.8682295503921378	cosine	24.0	20.0	16.0	0.2121212121212122	0.16852366968754684
-0.9685164940713403	cosine	24.0	4.0	12.0	0.24242424242424254	0.1362855657955242
3.2580898677477124	cosine	24.0	0.0	20.0	0.24242424242424254	0.1362855657955242
-0.07823720994491272	cosine	24.0	0.0	4.0	0.24242424242424254	0.1362855657955242
-0.4253837227012581	cosine	24.0	8.0	20.0	0.30303030303030315	0.08511721571435177
-1.5129572125791457	cosine	24.0	0.0	4.0	0.45454545454545475	0.019834630913749846
0.11657769969725322	cosine	24.0	8.0	0.0	0.2727272727272728	0.10854448149943507
0.311594238895473	cosine	24.0	12.0	16.0	0.2121212121212122	0.16852366968754684
-0.2723215719854085	cosine	24.0	8.0	4.0	0.24242424242424254	0.1362855657955242
-1.4662174561250727	cosine	24.0	12.0	8.0	0.2727272727272728	0.10854448149943507
1.3191518059861387	cosine	24.0	12.0	16.0	0.12121212121212127	0.29164672996678775
1.8638128601268902	cosine	24.0	12.0	8.0	0.4242424242424244	0.02742697317621316
0.5092829261199011	cosine	24.0	0.0	16.0	0.7272727272727276	0.0004983045770249599
0.26811241803602964	cosine	24.0	4.0	20.0	0.4242424242424244	0.02742697317621316
0.4900508507470213	cosine	24.0	0.0	16.0	0.3333333333333335	0.06570102610411901
-0.10928641594661534	cosine	24.0	20.0	16.0	0.2727272727272728	0.10854448149943507
-0.4850237739362324	cosine	24.0	16.0	12.0	0.2727272727272728	0.10854448149943507
0.7211783995785976	cosine	24.0	16.0	20.0	0.45454545454545475	0.019834630913749846
1.2208690292102014	cosine	24.0	12.0	8.0	0.30303030303030315	0.08511721571435177
0.9291694543924449	cosine	24.0	20.0	0.0	0.4848484848484851	0.014106153084401886
0.858672385984112	cosine	24.0	12.0	4.0	0.4242424242424244	0.02742697317621316
-0.5626080982109095	cosine	24.0	8.0	4.0	0.3636363636363638	0.04990853551146973
-0.42370500964907665	cosine	24.0	4.0	20.0	0.4848484848484851	0.014106153084401886
-0.21754467997159638	cosine	24.0	8.0	0.0	0.5454545454545456	0.0067819162397311575
0.2806626914194387	cosine	24.0	20.0	0.0	0.1818181818181819	0.20529080418760415
1.0200672187501951	cosine	24.0	20.0	16.0	0.24242424242424254	0.1362855657955242
1.2281814412593963	cosine	24.0	20.0	0.0	0.15151515151515157	0.24644312334002483
-0.7256289905864788	cosine	24.0	20.0	16.0	0.4242424242424244	0.02742697317621316
3.0805529952532402	cosine	24.0	12.0	8.0	0.2121212121212122	0.16852366968754684
0.9937662970612711	cosine	24.0	0.0	20.0	0.2121212121212122	0.16852366968754684
0.6196354120776426	cosine	24.0	12.0	20.0	0.3333333333333335	0.06570102610411901
-0.6279918297841837	cosine	24.0	16.0	20.0	0.3636363636363638	0.04990853551146973
0.7304195744270733	cosine	24.0	0.0	16.0	0.4242424242424244	0.02742697317621316
1.5170133560239434	cosine	24.0	16.0	20.0	0.30303030303030315	0.08511721571435177
1.1390926227778781	cosine	24.0	12.0	8.0	0.2727272727272728	0.10854448149943507
-0.8237744306555526	cosine	24.0	0.0	16.0	0.6060606060606063	0.003044944233852819
1.2560630281041425	cosine	24.0	12.0	4.0	0.6363636363636367	0.001988079806063042
-1.0022544867881202	cosine	24.0	4.0	12.0	0.2727272727272728	0.10854448149943507
-0.619679592260525	cosine	24.0	16.0	8.0	0.2121212121212122	0.16852366968754684
0.9597795871503254	cosine	24.0	12.0	16.0	0.4242424242424244	0.02742697317621316
-0.7653556811415224	cosine	24.0	8.0	12.0	0.4242424242424244	0.02742697317621316
0.32562831340613657	cosine	24.0	8.0	12.0	0.2727272727272728	0.10854448149943507
0.3946812435291253	cosine	24.0	0.0	16.0	0.24242424242424254	0.1362855657955242
0.21346355794190938	cosine	24.0	8.0	16.0	0.3636363636363638	0.04990853551146973
-1.0550586287682717	cosine	24.0	12.0	16.0	0.4242424242424244	0.02742697317621316
0.3969725374795443	cosine	24.0	16.0	20.0	0.5151515151515154	0.00986438530634296
1.0282383253139935	cosine	24.0	12.0	8.0	0.15151515151515157	0.24644312334002483
-1.8132642049172407	cosine	24.0	16.0	20.0	0.3636363636363638	0.04990853551146973
0.16302799001003043	cosine	24.0	16.0	12.0	0.3636363636363638	0.04990853551146973
0.9802247248174333	cosine	24.0	4.0	0.0	0.3636363636363638	0.04990853551146973
-1.4245943020403113	cosine	24.0	12.0	16.0	0.3939393939393941	0.037302414641954044
1.1961222834273928	cosine	24.0	0.0	8.0	0.5454545454545456	0.0067819162397311575
0.5135489980389377	cosine	24.0	4.0	0.0	0.3636363636363638	0.04990853551146973
0.8904524183428909	cosine	24.0	4.0	0.0	0.3636363636363638	0.04990853551146973
-0.27933320591266886	cosine	24.0	16.0	4.0	0.666666666666667	0.0012756406460599887
1.0004715801112072	cosine	24.0	20.0	16.0	0.3939393939393941	0.037302414641954044
0.26481064607505533	cosine	24.0	12.0	16.0	0.30303030303030315	0.08511721571435177
0.26495680943806504	cosine	24.0	12.0	8.0	0.3333333333333335	0.06570102610411901
0.45502267628890813	cosine	24.0	12.0	0.0	0.575757575757576	0.004583576838638997
0.6607263396706545	cosine	24.0	20.0	0.0	0.2727272727272728	0.10854448149943507
0.21941358775793154	cosine	24.0	16.0	20.0	0.6363636363636367	0.001988079806063042
0.1716120613812187	cosine	24.0	0.0	4.0	0.7575757575757579	0.000303320964553055
0.4039228576677548	cosine	24.0	0.0	20.0	0.30303030303030315	0.08511721571435177
-1.0345418136511382	cosine	24.0	12.0	8.0	0.3333333333333335	0.06570102610411901
0.0072313269029626644	cosine	24.0	16.0	12.0	0.45454545454545475	0.019834630913749846
0.684008992778924	cosine	24.0	12.0	16.0	0.3939393939393941	0.037302414641954044
1.2600864088139274	cosine	24.0	12.0	4.0	0.6363636363636367	0.001988079806063042
-1.4171990918508213	cosine	24.0	12.0	0.0	0.24242424242424254	0.1362855657955242
-0.7097256954332642	cosine	24.0	20.0	16.0	0.2727272727272728	0.10854448149943507
-0.29817407057782874	cosine	24.0	8.0	20.0	0.4242424242424244	0.02742697317621316
-0.38337518192718634	cosine	24.0	12.0	0.0	0.4242424242424244	0.02742697317621316
1.1049609545641328	cosine	24.0	8.0	4.0	0.24242424242424254	0.1362855657955242
-1.693464216504472	cosine	24.0	0.0	4.0	0.24242424242424254	0.1362855657955242
-1.0139472377818577	cosine	24.0	16.0	20.0	0.3636363636363638	0.04990853551146973
0.7509043592694172	cosine	24.0	12.0	0.0	0.2727272727272728	0.10854448149943507
-0.22146658677004963	cosine	24.0	0.0	4.0	0.3939393939393941	0.037302414641954044
-0.9831361402703535	cosine	24.0	4.0	20.0	0.45454545454545475	0.019834630913749846
1.3465548528839988	cosine	24.0	12.0	0.0	0.666666666666667	0.0012756406460599887
-0.8882315076802865	cosine	24.0	4.0	8.0	0.3939393939393941	0.037302414641954044
1.825396894296368	cosine	24.0	12.0	8.0	0.2121212121212122	0.16852366968754684
1.0516721188975275	cosine	24.0	4.0	0.0	0.4848484848484851	0.014106153084401886
0.07521908607630147	cosine	24.0	20.0	8.0	0.2727272727272728	0.10854448149943507
-0.5646736463382357	cosine	24.0	20.0	0.0	0.2121212121212122	0.16852366968754684
-0.12547315702578887	cosine	24.0	20.0	0.0	0.2727272727272728	0.10854448149943507
-0.2932389346215438	cosine	24.0	0.0	8.0	0.2121212121212122	0.16852366968754684
-0.10200853748420055	cosine	24.0	4.0	8.0	0.2727272727272728	0.10854448149943507
-0.9536395647193707	cosine	24.0	12.0	0.0	0.5151515151515154	0.00986438530634296
-0.6382117784540444	cosine	24.0	0.0	4.0	0.4242424242424244	0.02742697317621316
-0.8373278647121435	cosine	24.0	4.0	12.0	0.45454545454545475	0.019834630913749846
0.6731146344483626	cosine	24.0	4.0	20.0	0.2121212121212122	0.16852366968754684
-1.0230868410657021	cosine	24.0	16.0	8.0	0.6060606060606063	0.003044944233852819
-1.101001556446668	cosine	24.0	8.0	12.0	0.4242424242424244	0.02742697317621316
0.2642046795984249	cosine	24.0	12.0	8.0	0.4242424242424244	0.02742697317621316
-1.0800702460168978	cosine	24.0	0.0	16.0	0.7878787878787882	0.0001813930547667903
0.29078949774624113	cosine	24.0	12.0	4.0	0.6060606060606063	0.003044944233852819
-1.0661239576734913	cosine	24.0	20.0	0.0	0.30303030303030315	0.08511721571435177
-1.0696895823427561	cosine	24.0	16.0	8.0	0.3636363636363638	0.04990853551146973
-0.25571499479359733	cosine	24.0	20.0	8.0	0.3333333333333335	0.06570102610411901
-1.59722625951623	cosine	24.0	20.0	0.0	0.45454545454545475	0.019834630913749846
0.4591478871067676	cosine	24.0	20.0	0.0	0.3333333333333335	0.06570102610411901
-0.8050624637096743	cosine	24.0	4.0	8.0	0.4848484848484851	0.014106153084401886
-0.5545340471138657	cosine	24.0	8.0	4.0	0.3636363636363638	0.04990853551146973
0.11893053322771596	cosine	24.0	4.0	8.0	0.3333333333333335	0.06570102610411901
0.238623583902161	cosine	24.0	16.0	12.0	0.45454545454545475	0.019834630913749846
-2.77641342361273	cosine	24.0	20.0	12.0	0.5151515151515154	0.00986438530634296
-0.9914054082103815	cosine	24.0	12.0	8.0	0.30303030303030315	0.08511721571435177
-0.08799195648696875	cosine	24.0	12.0	16.0	0.1818181818181819	0.20529080418760415
-1.0222160663922817	cosine	24.0	8.0	4.0	0.2727272727272728	0.10854448149943507
-0.2304572074903975	cosine	24.0	0.0	20.0	0.2727272727272728	0.10854448149943507
-1.9779803817539423	cosine	24.0	0.0	16.0	0.3939393939393941	0.037302414641954044
0.09844923919878455	cosine	24.0	0.0	20.0	0.24242424242424254	0.1362855657955242
0.8345315850882957	cosine	24.0	0.0	8.0	0.3636363636363638	0.04990853551146973
0.7768018504333783	cosine	24.0	0.0	12.0	0.2121212121212122	0.16852366968754684
0.3405142678315516	cosine	24.0	0.0	16.0	0.30303030303030315	0.08511721571435177
0.8531088132465634	cosine	24.0	0.0	16.0	0.3636363636363638	0.04990853551146973
-0.46768965565566734	cosine	24.0	8.0	16.0	0.3333333333333335	0.06570102610411901
0.6258835827600402	cosine	24.0	16.0	20.0	0.3333333333333335	0.06570102610411901
1.2106006855194518	cosine	24.0	8.0	12.0	0.45454545454545475	0.019834630913749846
-0.4114501594048859	cosine	24.0	12.0	16.0	0.5151515151515154	0.00986438530634296
1.2636508160471198	cosine	24.0	16.0	20.0	0.4848484848484851	0.014106153084401886
-2.8087888155314924	cosine	24.0	4.0	0.0	0.2121212121212122	0.16852366968754684
1.23621997582688	cosine	24.0	20.0	12.0	0.3636363636363638	0.04990853551146973
-0.4779896831101226	cosine	24.0	8.0	20.0	0.4848484848484851	0.014106153084401886
0.06980693975628434	cosine	24.0	8.0	16.0	0.3333333333333335	0.06570102610411901
0.08965981487938625	cosine	24.0	0.0	16.0	0.6060606060606063	0.003044944233852819
1.5707708841659567	cosine	24.0	0.0	4.0	0.2727272727272728	0.10854448149943507
-0.5874445904534101	cosine	24.0	12.0	16.0	0.2121212121212122	0.16852366968754684
0.33367607265594357	cosine	24.0	12.0	8.0	0.4242424242424244	0.02742697317621316
1.047749299575947	cosine	24.0	16.0	12.0	0.4848484848484851	0.014106153084401886
1.1745976061534924	cosine	24.0	16.0	20.0	0.2727272727272728	0.10854448149943507
-0.4643900467461753	cosine	24.0	12.0	16.0	0.3636363636363638	0.04990853551146973
1.93088348435664	cosine	24.0	12.0	8.0	0.24242424242424254	0.1362855657955242
0.098094431441074	cosine	24.0	20.0	4.0	0.575757575757576	0.004583576838638997
1.9466190441061688	cosine	24.0	12.0	16.0	0.6060606060606063	0.003044944233852819
-0.07061793621173013	cosine	24.0	16.0	12.0	0.3333333333333335	0.06570102610411901
-0.15543953565824253	cosine	24.0	0.0	20.0	0.45454545454545475	0.019834630913749846
2.0599966157419582	cosine	24.0	8.0	0.0	0.2121212121212122	0.16852366968754684
0.684244667703251	cosine	24.0	8.0	16.0	0.3333333333333335	0.06570102610411901
-0.8717495935071996	cosine	24.0	0.0	20.0	0.3939393939393941	0.037302414641954044
1.0237041533526745	cosine	24.0	20.0	16.0	0.4242424242424244	0.02742697317621316
0.9374202714725491	cosine	24.0	8.0	12.0	0.5151515151515154	0.00986438530634296
-0.004007902384304545	cosine	24.0	8.0	16.0	0.3333333333333335	0.06570102610411901
-0.2384012013988332	cosine	24.0	20.0	16.0	0.15151515151515157	0.24644312334002483
-0.7654888822882722	cosine	24.0	16.0	12.0	0.3636363636363638	0.04990853551146973
-0.045208174186500506	cosine	24.0	4.0	20.0	0.2727272727272728	0.10854448149943507
-0.24646404422446683	cosine	24.0	20.0	0.0	0.4242424242424244	0.02742697317621316
-0.5947204204584164	cosine	24.0	20.0	16.0	0.2121212121212122	0.16852366968754684
0.20750354534550708	cosine	24.0	16.0	12.0	0.2727272727272728	0.10854448149943507
-1.0681841758514494	cosine	24.0	20.0	4.0	0.5454545454545456	0.0067819162397311575
-0.7193204790188338	cosine	24.0	4.0	12.0	0.3333333333333335	0.06570102610411901
0.49967940540381417	cosine	24.0	20.0	12.0	0.30303030303030315	0.08511721571435177
-0.375588056015294	cosine	24.0	4.0	8.0	0.3636363636363638	0.04990853551146973
0.3351717596699119	cosine	24.0	20.0	16.0	0.3333333333333335	0.06570102610411901
1.4681639821429304	cosine	24.0	20.0	12.0	0.2121212121212122	0.16852366968754684
-1.1251994715352736	cosine	24.0	20.0	16.0	0.24242424242424254	0.1362855657955242
0.7852224416444193	cosine	24.0	20.0	0.0	0.4242424242424244	0.02742697317621316
2.286983018095356	cosine	24.0	8.0	0.0	0.45454545454545475	0.019834630913749846
-0.7091769362312911	cosine	24.0	16.0	20.0	0.1818181818181819	0.20529080418760415
-1.3212550357145225	cosine	24.0	16.0	0.0	0.3939393939393941	0.037302414641954044
-2.005161095173282	cosine	24.0	16.0	4.0	0.15151515151515157	0.24644312334002483
0.14096326252337768	cosine	24.0	0.0	4.0	0.3636363636363638	0.04990853551146973
1.1352398959839587	cosine	24.0	20.0	12.0	0.5151515151515154	0.00986438530634296
0.7553841142113455	cosine	24.0	8.0	16.0	0.3333333333333335	0.06570102610411901
0.39113850450419935	cosine	24.0	8.0	12.0	0.2727272727272728	0.10854448149943507
-2.7779705489732676	cosine	24.0	16.0	20.0	0.15151515151515157	0.24644312334002483
0.9629743452148188	cosine	24.0	8.0	12.0	0.15151515151515157	0.24644312334002483
-0.6206060721069944	cosine	24.0	16.0	12.0	0.4848484848484851	0.014106153084401886
1.3929723928475801	cosine	24.0	0.0	20.0	0.3636363636363638	0.04990853551146973
0.6460098185875726	cosine	24.0	16.0	12.0	0.2121212121212122	0.16852366968754684
-1.2710201104010839	cosine	24.0	12.0	16.0	0.30303030303030315	0.08511721571435177
0.1311054212049945	cosine	24.0	8.0	4.0	0.2121212121212122	0.16852366968754684
-1.0592858931824347	cosine	24.0	12.0	8.0	0.4242424242424244	0.02742697317621316
0.35737950406027325	cosine	24.0	16.0	4.0	0.3333333333333335	0.06570102610411901
1.1488530362098461	cosine	24.0	8.0	12.0	0.2121212121212122	0.16852366968754684
0.058139034441238205	cosine	24.0	12.0	16.0	0.24242424242424254	0.1362855657955242
1.0263157979430317	cosine	24.0	12.0	4.0	0.1818181818181819	0.20529080418760415
-0.5254522218383193	cosine	24.0	8.0	12.0	0.3636363636363638	0.04990853551146973
0.16107739698233167	cosine	24.0	12.0	16.0	0.2121212121212122	0.16852366968754684
1.0898508608368922	cosine	24.0	4.0	0.0	0.15151515151515157	0.24644312334002483
1.2774386666308333	cosine	24.0	20.0	16.0	0.4242424242424244	0.02742697317621316
-1.444284959860871	cosine	24.0	4.0	20.0	0.4242424242424244	0.02742697317621316
-0.11622648214169892	cosine	24.0	8.0	0.0	0.3333333333333335	0.06570102610411901
-0.4357418974579712	cosine	24.0	16.0	12.0	0.4242424242424244	0.02742697317621316
0.43870661568275116	cosine	24.0	0.0	4.0	0.24242424242424254	0.1362855657955242
1.4369841208609526	cosine	24.0	20.0	8.0	0.30303030303030315	0.08511721571435177
0.1926408058703201	cosine	24.0	12.0	20.0	0.24242424242424254	0.1362855657955242
0.6114659659387521	cosine	24.0	8.0	4.0	0.2121212121212122	0.16852366968754684
0.06510735779405505	cosine	24.0	12.0	16.0	0.45454545454545475	0.019834630913749846
-1.4486688924763806	cosine	24.0	4.0	0.0	0.2121212121212122	0.16852366968754684
-0.8384938413284428	cosine	24.0	12.0	16.0	0.12121212121212127	0.29164672996678775
-0.04392723661587879	cosine	24.0	4.0	8.0	0.3636363636363638	0.04990853551146973
0.40980144317314626	cosine	24.0	20.0	4.0	0.2121212121212122	0.16852366968754684
-0.7556071353511619	cosine	24.0	20.0	8.0	0.3939393939393941	0.037302414641954044
-0.16591274751602797	cosine	24.0	16.0	8.0	0.3333333333333335	0.06570102610411901
0.3522523417776412	cosine	24.0	16.0	20.0	0.2121212121212122	0.16852366968754684
-0.734613805272405	cosine	24.0	20.0	4.0	0.24242424242424254	0.1362855657955242
0.8547921712447697	cosine	24.0	8.0	12.0	0.4848484848484851	0.014106153084401886
-0.6008452855131178	cosine	24.0	8.0	16.0	0.4242424242424244	0.02742697317621316
0.018545455811063944	cosine	24.0	16.0	8.0	0.5454545454545456	0.0067819162397311575
-0.27191170542018245	cosine	24.0	0.0	4.0	0.3636363636363638	0.04990853551146973
-0.7919184179287697	cosine	24.0	4.0	8.0	0.2727272727272728	0.10854448149943507
0.7517304508894125	cosine	24.0	0.0	12.0	0.45454545454545475	0.019834630913749846
0.3203193333225028	cosine	24.0	16.0	12.0	0.1818181818181819	0.20529080418760415
0.6797863951927446	cosine	24.0	8.0	16.0	0.3636363636363638	0.04990853551146973
0.24709555851726056	cosine	24.0	12.0	0.0	0.45454545454545475	0.019834630913749846
-0.6986806647165171	cosine	24.0	12.0	20.0	0.1818181818181819	0.20529080418760415
0.04932688325429516	cosine	24.0	0.0	4.0	0.4242424242424244	0.02742697317621316
1.7934849303932028	cosine	24.0	0.0	12.0	0.45454545454545475	0.019834630913749846
-0.430550902321929	cosine	24.0	0.0	16.0	0.2121212121212122	0.16852366968754684
-1.2335647156958203	cosine	24.0	8.0	12.0	0.4242424242424244	0.02742697317621316
-1.1048778936611523	cosine	24.0	20.0	4.0	0.2121212121212122	0.16852366968754684
-0.1004600500305921	cosine	24.0	8.0	12.0	0.4242424242424244	0.02742697317621316
0.4633238962168114	cosine	24.0	8.0	20.0	0.4242424242424244	0.02742697317621316
0.19064608965554455	cosine	24.0	4.0	8.0	0.4848484848484851	0.014106153084401886
-0.42948269314718873	cosine	24.0	16.0	4.0	0.3939393939393941	0.037302414641954044
1.2438278294464256	cosine	24.0	8.0	4.0	0.30303030303030315	0.08511721571435177
0.8728469617253553	cosine	24.0	16.0	0.0	0.30303030303030315	0.08511721571435177
0.7220697241583974	cosine	24.0	20.0	0.0	0.3939393939393941	0.037302414641954044
-0.48350260923013993	cosine	24.0	20.0	8.0	0.5151515151515154	0.00986438530634296
-0.05055439148090794	cosine	24.0	20.0	16.0	0.2121212121212122	0.16852366968754684
0.32447448006083	cosine	24.0	4.0	0.0	0.24242424242424254	0.1362855657955242
0.7300154366322529	cosine	24.0	20.0	0.0	0.24242424242424254	0.1362855657955242
1.547374737342912	cosine	24.0	8.0	0.0	0.24242424242424254	0.1362855657955242
-0.8143424674505017	cosine	24.0	8.0	4.0	0.3333333333333335	0.06570102610411901
-0.19495519211568776	cosine	24.0	20.0	0.0	0.4242424242424244	0.02742697317621316
-0.235887798856496	cosine	24.0	16.0	20.0	0.45454545454545475	0.019834630913749846
-0.8752468592666699	cosine	24.0	0.0	20.0	0.4848484848484851	0.014106153084401886
-1.096002980497381	cosine	24.0	8.0	16.0	0.3333333333333335	0.06570102610411901
0.2981165925834624	cosine	24.0	8.0	20.0	0.5151515151515154	0.00986438530634296
-1.919092966846169	cosine	24.0	4.0	20.0	0.575757575757576	0.004583576838638997
1.156789893552612	cosine	24.0	0.0	20.0	0.2121212121212122	0.16852366968754684
0.9219217493010995	cosine	24.0	12.0	0.0	0.45454545454545475	0.019834630913749846
-0.5108813712809467	cosine	24.0	4.0	8.0	0.2121212121212122	0.16852366968754684
0.8772688119645283	cosine	24.0	8.0	12.0	0.3939393939393941	0.037302414641954044
-2.892785443855571	cosine	24.0	20.0	16.0	0.3636363636363638	0.04990853551146973
-0.2953913976971217	cosine	24.0	0.0	20.0	0.30303030303030315	0.08511721571435177
-0.8159356310047731	cosine	24.0	16.0	20.0	0.2727272727272728	0.10854448149943507
-0.20528620866174974	cosine	24.0	12.0	8.0	0.1818181818181819	0.20529080418760415
0.7878904011864043	cosine	24.0	0.0	4.0	0.3636363636363638	0.04990853551146973
-0.3046130796858848	cosine	24.0	12.0	8.0	0.1818181818181819	0.20529080418760415
-0.6966048633183028	cosine	24.0	16.0	20.0	0.1818181818181819	0.20529080418760415
-0.6261907335777821	cosine	24.0	4.0	12.0	0.2121212121212122	0.16852366968754684
0.6077316237613173	cosine	24.0	4.0	8.0	0.3333333333333335	0.06570102610411901
-0.6588977430854919	cosine	24.0	20.0	16.0	0.30303030303030315	0.08511721571435177
-0.46568359364520606	cosine	24.0	16.0	20.0	0.45454545454545475	0.019834630913749846
-0.25699003393603304	cosine	24.0	16.0	12.0	0.2121212121212122	0.16852366968754684
0.3475184171374975	cosine	24.0	12.0	8.0	0.5454545454545456	0.0067819162397311575
0.4493684985095924	cosine	24.0	20.0	0.0	0.2727272727272728	0.10854448149943507
-0.7232269098012278	cosine	24.0	4.0	0.0	0.30303030303030315	0.08511721571435177
0.4224528150512079	cosine	24.0	8.0	20.0	0.2727272727272728	0.10854448149943507
-0.728183737203957	cosine	24.0	4.0	0.0	0.15151515151515157	0.24644312334002483
1.1235498003828173	cosine	24.0	8.0	0.0	0.45454545454545475	0.019834630913749846
-1.051557420030877	cosine	24.0	0.0	20.0	0.2121212121212122	0.16852366968754684
0.8358466010409973	cosine	24.0	20.0	8.0	0.575757575757576	0.004583576838638997
0.6581040330201058	cosine	24.0	12.0	0.0	0.3636363636363638	0.04990853551146973
1.8969412172753073	cosine	24.0	4.0	20.0	0.4242424242424244	0.02742697317621316
1.8958864121376064	cosine	24.0	8.0	16.0	0.45454545454545475	0.019834630913749846
-1.289568352441089	cosine	24.0	8.0	4.0	0.15151515151515157	0.24644312334002483
1.4335074959477345	cosine	24.0	12.0	16.0	0.2727272727272728	0.10854448149943507
0.29838774787202393	cosine	24.0	0.0	20.0	0.45454545454545475	0.019834630913749846
0.6635012091258462	cosine	24.0	12.0	8.0	0.45454545454545475	0.019834630913749846
-0.45542253127994176	cosine	24.0	20.0	8.0	0.30303030303030315	0.08511721571435177
-0.8426247290429274	cosine	24.0	16.0	12.0	0.30303030303030315	0.08511721571435177
-0.11983322799476841	cosine	24.0	20.0	16.0	0.3333333333333335	0.06570102610411901
-0.057403762841185785	cosine	24.0	12.0	20.0	0.30303030303030315	0.08511721571435177
0.8548402672305508	cosine	24.0	4.0	8.0	0.3636363636363638	0.04990853551146973
-0.17000838609009053	cosine	24.0	12.0	16.0	0.30303030303030315	0.08511721571435177
1.031290352403811	cosine	24.0	16.0	8.0	0.5454545454545456	0.0067819162397311575
