ID	Waveform	Period	Phase	Nadir	Tau	P
-0.5405455556786872	cosine	12.0	8.0	12.0	0.25361874927309164	0.1255204679350863
-0.06782882295784004	cosine	12.0	8.0	4.0	0.3619613829965134	0.05069410813155855
-1.39293408565304	cosine	12.0	8.0	4.0	0.2585438449975096	0.12097741769556491
-0.16811625095773744	cosine	12.0	0.0	8.0	0.3550662489823283	0.054032165056400634
-0.8754055642138892	cosine	12.0	4.0	8.0	0.3619613829965134	0.05069410813155855
0.20274871685958348	cosine	12.0	8.0	4.0	0.08618128166583652	0.3482541443364599
0.20262883281581862	cosine	12.0	4.0	12.0	0.11835541632744277	0.2960997041901293
1.5794097775357474	cosine	12.0	4.0	0.0	0.18959881966484035	0.19542302050708665
0.8664265060629859	cosine	12.0	4.0	12.0	0.42269791545515273	0.027871390595851784
-0.36684978230119436	cosine	12.0	4.0	0.0	0.2585438449975096	0.12097741769556491
0.7606647191957261	cosine	12.0	0.0	4.0	0.22407133233117496	0.15526767178736262
-0.90923621869741	cosine	12.0	8.0	4.0	0.2585438449975096	0.12097741769556491
1.1963668486334214	cosine	12.0	0.0	8.0	0.11835541632744277	0.2960997041901293
0.2190214446214428	cosine	12.0	4.0	0.0	0.08618128166583652	0.3482541443364599
0.0003503401532956339	cosine	12.0	4.0	8.0	0.6032689716608557	0.0031641476005237878
1.7396261463651794	cosine	12.0	8.0	4.0	0.2930163576638442	0.0923983316073646
-1.9996314734103933	cosine	12.0	4.0	12.0	0.2874345825095039	0.09665182047357773
-1.9362540527855907	cosine	12.0	0.0	8.0	0.32125041574591606	0.0729854504975157
-1.0493539100390914	cosine	12.0	12.0	8.0	0.25361874927309164	0.1255204679350863
1.452425328258606	cosine	12.0	4.0	0.0	0.3274888703301788	0.06915082967409426
-0.4281619991187707	cosine	12.0	4.0	0.0	0.3274888703301788	0.06915082967409426
-1.391817265046408	cosine	12.0	12.0	4.0	0.25361874927309164	0.1255204679350863
0.12520142592136688	cosine	12.0	8.0	4.0	0.2930163576638442	0.0923983316073646
0.42904711700023457	cosine	12.0	4.0	8.0	0.051708768999501914	0.40748358899052883
-1.230407724838046	cosine	12.0	12.0	8.0	0.38888208221874054	0.03920408275739032
0.25044040938860823	cosine	12.0	12.0	4.0	0.32125041574591606	0.0729854504975157
-0.778230639816256	cosine	12.0	8.0	0.0	0.625592914873626	0.0023179539834495147
-1.4842124019872922	cosine	12.0	12.0	8.0	0.32125041574591606	0.0729854504975157
2.0194304081352086	cosine	12.0	0.0	4.0	0.22407133233117496	0.15526767178736262
-0.2817566331697098	cosine	12.0	0.0	4.0	0.2585438449975096	0.12097741769556491
1.0923502901910194	cosine	12.0	8.0	12.0	0.32125041574591606	0.0729854504975157
0.34546469027982213	cosine	12.0	4.0	8.0	0.2585438449975096	0.12097741769556491
1.2322995905340774	cosine	12.0	0.0	4.0	0.12065379433217113	0.29251458065492797
-1.052130671870309	cosine	12.0	4.0	12.0	0.1859870828002672	0.19996727842991707
-0.5796508387118801	cosine	12.0	8.0	12.0	0.21980291603667942	0.15992129427517748
0.16059133071612003	cosine	12.0	4.0	8.0	0.2585438449975096	0.12097741769556491
0.12199861059412334	cosine	12.0	8.0	4.0	0.2930163576638442	0.0923983316073646
0.8171222203405476	cosine	12.0	12.0	8.0	0.152171249563855	0.24550766712327832
0.24083599116127058	cosine	12.0	4.0	8.0	0.46537892099551725	0.01759321537403951
0.29474869588621405	cosine	12.0	12.0	8.0	0.3550662489823283	0.054032165056400634
0.5131574653208847	cosine	12.0	4.0	0.0	0.3619613829965134	0.05069410813155855
-1.30802974036118	cosine	12.0	8.0	12.0	0.5241454151643894	0.008841950715020199
-0.1321542636781451	cosine	12.0	0.0	8.0	0.152171249563855	0.24550766712327832
1.1261710073815219	cosine	12.0	8.0	4.0	0.22407133233117496	0.15526767178736262
0.06624529468479488	cosine	12.0	8.0	4.0	0.22407133233117496	0.15526767178736262
0.16457916989114005	cosine	12.0	4.0	8.0	0.017236256333167305	0.46891098662411435
-1.3624629348416772	cosine	12.0	4.0	0.0	0.46537892099551725	0.01759321537403951
-0.06733501692394606	cosine	12.0	0.0	4.0	0.22407133233117496	0.15526767178736262
0.810440824810239	cosine	12.0	0.0	4.0	0.3274888703301788	0.06915082967409426
-0.7982364157930537	cosine	12.0	8.0	12.0	0.38888208221874054	0.03920408275739032
1.0142161045928797	cosine	12.0	12.0	8.0	0.5917770816372139	0.00370031333790455
0.8033610093436222	cosine	12.0	0.0	4.0	0.18959881966484035	0.19542302050708665
1.984435018505388	cosine	12.0	12.0	8.0	0.11835541632744277	0.2960997041901293
-0.36434468990597296	cosine	12.0	8.0	12.0	0.152171249563855	0.24550766712327832
0.17247465887849464	cosine	12.0	8.0	4.0	0.6377414843271904	0.0019491085902795186
-1.1259803754781885	cosine	12.0	4.0	8.0	0.6377414843271904	0.0019491085902795186
-1.6718260561589346	cosine	12.0	0.0	4.0	0.051708768999501914	0.40748358899052883
1.6587106713339486	cosine	12.0	0.0	8.0	0.2874345825095039	0.09665182047357773
-0.545288469535562	cosine	12.0	0.0	4.0	0.43090640832918264	0.025576674512344563
0.06928036826165802	cosine	12.0	4.0	12.0	0.625592914873626	0.0023179539834495147
-2.4110789922207787	cosine	12.0	4.0	0.0	0.12065379433217113	0.29251458065492797
-0.6705871187045992	cosine	12.0	0.0	4.0	0.3619613829965134	0.05069410813155855
-1.4009242755302302	cosine	12.0	8.0	4.0	0.22407133233117496	0.15526767178736262
-0.11992455490129593	cosine	12.0	8.0	4.0	0.3274888703301788	0.06915082967409426
-1.0449180589964748	cosine	12.0	0.0	4.0	0.2585438449975096	0.12097741769556491
0.09949119458694541	cosine	12.0	0.0	4.0	0.43090640832918264	0.025576674512344563
-1.1357150286828734	cosine	12.0	4.0	0.0	0.2930163576638442	0.0923983316073646
0.5590793806743635	cosine	12.0	0.0	4.0	0.3619613829965134	0.05069410813155855
-0.5054149105766533	cosine	12.0	12.0	4.0	0.5579612484008016	0.0057813869036329145
-0.6454689768614876	cosine	12.0	8.0	4.0	0.3274888703301788	0.06915082967409426
0.4270408830869199	cosine	12.0	4.0	12.0	0.25361874927309164	0.1255204679350863
1.0378873728771103	cosine	12.0	8.0	0.0	0.21980291603667942	0.15992129427517748
0.22388165398876433	cosine	12.0	4.0	12.0	0.32125041574591606	0.0729854504975157
1.793980219495619	cosine	12.0	4.0	8.0	0.15512630699850574	0.2413181331871364
0.20969615572969974	cosine	12.0	0.0	4.0	0.2585438449975096	0.12097741769556491
2.7439167250374945	cosine	12.0	0.0	8.0	0.1859870828002672	0.19996727842991707
-0.008960438472488275	cosine	12.0	4.0	0.0	0.43090640832918264	0.025576674512344563
0.7994941406066833	cosine	12.0	4.0	8.0	0.43090640832918264	0.025576674512344563
-0.04243061840468268	cosine	12.0	0.0	8.0	0.49032958192797715	0.0132390167871721
-0.5893740789909141	cosine	12.0	4.0	0.0	0.2930163576638442	0.0923983316073646
0.13931008581959317	cosine	12.0	8.0	4.0	0.3274888703301788	0.06915082967409426
1.2452750347304893	cosine	12.0	8.0	4.0	0.39643389566284803	0.03639255752172218
2.231126923771947	cosine	12.0	8.0	12.0	0.32125041574591606	0.0729854504975157
-0.2938186645018393	cosine	12.0	4.0	12.0	0.21980291603667942	0.15992129427517748
0.01823588347765597	cosine	12.0	4.0	0.0	0.3619613829965134	0.05069410813155855
-1.4351098151924013	cosine	12.0	4.0	0.0	0.15512630699850574	0.2413181331871364
0.45778284777975753	cosine	12.0	0.0	4.0	0.2930163576638442	0.0923983316073646
2.6615032987635154	cosine	12.0	8.0	4.0	0.08618128166583652	0.3482541443364599
0.21857568113879425	cosine	12.0	12.0	8.0	0.25361874927309164	0.1255204679350863
-0.34658255235548396	cosine	12.0	8.0	4.0	0.2585438449975096	0.12097741769556491
1.2152031490668576	cosine	12.0	0.0	8.0	0.25361874927309164	0.1255204679350863
-1.3306185227795733	cosine	12.0	0.0	4.0	0.18959881966484035	0.19542302050708665
-2.10724696295577	cosine	12.0	0.0	8.0	0.38888208221874054	0.03920408275739032
-1.6258673938961905	cosine	12.0	8.0	4.0	0.49985143366185186	0.011841856219536968
-3.2668158054834566	cosine	12.0	8.0	0.0	0.5917770816372139	0.00370031333790455
0.5163063496520565	cosine	12.0	4.0	0.0	0.39643389566284803	0.03639255752172218
-0.9600615469212957	cosine	12.0	12.0	4.0	0.08453958309103055	0.35100513154713553
0.41607219272573087	cosine	12.0	8.0	4.0	0.2930163576638442	0.0923983316073646
-1.5568624980323154	cosine	12.0	12.0	4.0	0.32125041574591606	0.0729854504975157
-1.2979778502897499	cosine	12.0	8.0	12.0	0.2874345825095039	0.09665182047357773
1.0104348345754819	cosine	12.0	8.0	4.0	0.43090640832918264	0.025576674512344563
0.6026777450831652	cosine	12.0	12.0	8.0	0.152171249563855	0.24550766712327832
0.022167830049683535	cosine	12.0	4.0	0.0	0.15512630699850574	0.2413181331871364
0.49163661720652335	cosine	12.0	4.0	0.0	0.2930163576638442	0.0923983316073646
-1.9509472344525782	cosine	12.0	4.0	8.0	0.18959881966484035	0.19542302050708665
-0.9060035244762354	cosine	12.0	8.0	0.0	0.32125041574591606	0.0729854504975157
-1.4337933302992687	cosine	12.0	4.0	8.0	0.051708768999501914	0.40748358899052883
-0.26193486220370854	cosine	12.0	8.0	12.0	0.32125041574591606	0.0729854504975157
-0.6809887835969168	cosine	12.0	4.0	8.0	0.2585438449975096	0.12097741769556491
-0.9471116760204386	cosine	12.0	8.0	0.0	0.1859870828002672	0.19996727842991707
-0.1871546364880708	cosine	12.0	8.0	4.0	0.46537892099551725	0.01759321537403951
-0.3044830337288801	cosine	12.0	4.0	0.0	0.22407133233117496	0.15526767178736262
-1.0282861634236735	cosine	12.0	0.0	4.0	0.2585438449975096	0.12097741769556491
0.6186815007771611	cosine	12.0	4.0	8.0	0.18959881966484035	0.19542302050708665
2.177009974875841	cosine	12.0	4.0	8.0	0.051708768999501914	0.40748358899052883
-1.045780972913828	cosine	12.0	8.0	4.0	0.22407133233117496	0.15526767178736262
0.5743136982606687	cosine	12.0	12.0	4.0	0.3550662489823283	0.054032165056400634
-0.6465625946849669	cosine	12.0	4.0	8.0	0.3274888703301788	0.06915082967409426
-0.9994424635259629	cosine	12.0	8.0	4.0	0.46537892099551725	0.01759321537403951
-0.9127040448473273	cosine	12.0	12.0	8.0	0.2874345825095039	0.09665182047357773
0.4591075766531947	cosine	12.0	8.0	4.0	0.2930163576638442	0.0923983316073646
-0.7632144015297219	cosine	12.0	8.0	12.0	0.8284879142920993	8.857230555250076e-05
0.5663608869243064	cosine	12.0	4.0	0.0	0.15512630699850574	0.2413181331871364
0.62909713220955	cosine	12.0	8.0	4.0	0.2585438449975096	0.12097741769556491
-0.49763823549285024	cosine	12.0	8.0	12.0	0.2874345825095039	0.09665182047357773
-0.07588565535787446	cosine	12.0	4.0	8.0	0.12065379433217113	0.29251458065492797
-1.9531763369151283	cosine	12.0	4.0	8.0	0.18959881966484035	0.19542302050708665
0.06328276176391243	cosine	12.0	8.0	4.0	0.15512630699850574	0.2413181331871364
0.4866791536704993	cosine	12.0	0.0	8.0	0.1859870828002672	0.19996727842991707
0.602739011237844	cosine	12.0	4.0	8.0	0.2585438449975096	0.12097741769556491
1.7094656867523947	cosine	12.0	8.0	4.0	0.43090640832918264	0.025576674512344563
-0.32732074885910206	cosine	12.0	4.0	0.0	0.15512630699850574	0.2413181331871364
0.7768442135180302	cosine	12.0	8.0	0.0	0.2874345825095039	0.09665182047357773
-0.03296839179412172	cosine	12.0	8.0	12.0	0.38888208221874054	0.03920408275739032
-0.09585696266551355	cosine	12.0	8.0	0.0	0.5917770816372139	0.00370031333790455
1.6185667812822506	cosine	12.0	4.0	8.0	0.15512630699850574	0.2413181331871364
0.7974464743258911	cosine	12.0	4.0	8.0	0.39643389566284803	0.03639255752172218
0.9131556019620883	cosine	12.0	4.0	8.0	0.2585438449975096	0.12097741769556491
-0.053628309423550104	cosine	12.0	4.0	12.0	0.32125041574591606	0.0729854504975157
-2.0764975294327965	cosine	12.0	8.0	12.0	0.2874345825095039	0.09665182047357773
0.6168675024175311	cosine	12.0	12.0	4.0	0.11835541632744277	0.2960997041901293
-0.5734353986702022	cosine	12.0	4.0	0.0	0.3274888703301788	0.06915082967409426
0.25498812067906845	cosine	12.0	4.0	0.0	0.2585438449975096	0.12097741769556491
0.5924967501873644	cosine	12.0	4.0	8.0	0.22407133233117496	0.15526767178736262
-0.4698726814292209	cosine	12.0	8.0	4.0	0.22407133233117496	0.15526767178736262
-0.07629069546643279	cosine	12.0	8.0	0.0	0.21980291603667942	0.15992129427517748
0.957014699898893	cosine	12.0	0.0	4.0	0.3274888703301788	0.06915082967409426
-0.28567960341245024	cosine	12.0	12.0	8.0	0.625592914873626	0.0023179539834495147
-0.6577386674146967	cosine	12.0	8.0	0.0	0.5241454151643894	0.008841950715020199
-0.36927542242225986	cosine	12.0	0.0	4.0	0.18959881966484035	0.19542302050708665
-0.8426865360615721	cosine	12.0	0.0	8.0	0.45651374869156497	0.01941025211611039
-0.5218405406849311	cosine	12.0	12.0	8.0	0.3550662489823283	0.054032165056400634
-0.18002941882122264	cosine	12.0	4.0	0.0	0.3619613829965134	0.05069410813155855
1.4383254345481764	cosine	12.0	8.0	4.0	0.2585438449975096	0.12097741769556491
-0.5282629682010327	cosine	12.0	4.0	8.0	0.08618128166583652	0.3482541443364599
0.7267386958468917	cosine	12.0	8.0	4.0	0.3619613829965134	0.05069410813155855
-1.0350817073576655	cosine	12.0	12.0	4.0	0.2874345825095039	0.09665182047357773
-0.31549302313427485	cosine	12.0	8.0	0.0	0.32125041574591606	0.0729854504975157
-0.858782986812064	cosine	12.0	8.0	12.0	0.25361874927309164	0.1255204679350863
0.8107652382601661	cosine	12.0	12.0	4.0	0.2874345825095039	0.09665182047357773
0.3687387759127871	cosine	12.0	4.0	8.0	0.39643389566284803	0.03639255752172218
0.19156973007261463	cosine	12.0	8.0	4.0	0.46537892099551725	0.01759321537403951
0.7915714394353598	cosine	12.0	4.0	0.0	0.15512630699850574	0.2413181331871364
-0.012015276900994078	cosine	12.0	8.0	4.0	0.6722139969935249	0.0011738963775857003
-0.8573098048844798	cosine	12.0	12.0	8.0	0.2874345825095039	0.09665182047357773
0.17762031587276095	cosine	12.0	4.0	0.0	0.7066865096598596	0.0006911698935639446
1.3444642635869655	cosine	12.0	12.0	8.0	0.050723749854618326	0.40921492606520676
-0.11760844063258283	cosine	12.0	0.0	4.0	0.43090640832918264	0.025576674512344563
-0.6622274548239768	cosine	12.0	8.0	4.0	0.22407133233117496	0.15526767178736262
-0.29901576880892183	cosine	12.0	8.0	4.0	0.2930163576638442	0.0923983316073646
0.9240599739193476	cosine	12.0	4.0	8.0	0.22407133233117496	0.15526767178736262
-1.1980259324758327	cosine	12.0	0.0	8.0	0.42269791545515273	0.027871390595851784
-0.30100913686529374	cosine	12.0	4.0	0.0	0.3274888703301788	0.06915082967409426
-0.19452788458659018	cosine	12.0	0.0	4.0	0.18959881966484035	0.19542302050708665
0.06336103007980044	cosine	12.0	12.0	4.0	0.1859870828002672	0.19996727842991707
-1.417503603219159	cosine	12.0	8.0	4.0	0.3619613829965134	0.05069410813155855
-0.7211431689512792	cosine	12.0	4.0	12.0	0.1859870828002672	0.19996727842991707
-0.9424550241525469	cosine	12.0	8.0	4.0	0.43090640832918264	0.025576674512344563
1.5087026306895546	cosine	12.0	4.0	8.0	0.3274888703301788	0.06915082967409426
-0.13945040368062506	cosine	12.0	0.0	4.0	0.2930163576638442	0.0923983316073646
0.5239535763272986	cosine	12.0	4.0	8.0	0.15512630699850574	0.2413181331871364
0.6329280304594921	cosine	12.0	4.0	12.0	0.5579612484008016	0.0057813869036329145
-0.9520115114186021	cosine	12.0	12.0	8.0	0.25361874927309164	0.1255204679350863
0.10298992002671407	cosine	12.0	12.0	4.0	0.38888208221874054	0.03920408275739032
0.431696525711073	cosine	12.0	12.0	4.0	0.49032958192797715	0.0132390167871721
1.6598339314974564	cosine	12.0	12.0	8.0	0.2874345825095039	0.09665182047357773
-0.612326725576554	cosine	12.0	4.0	8.0	0.12065379433217113	0.29251458065492797
-1.1303574625977062	cosine	12.0	12.0	8.0	0.32125041574591606	0.0729854504975157
-2.094215375993638	cosine	12.0	0.0	4.0	0.3274888703301788	0.06915082967409426
-1.0055869656582972	cosine	12.0	12.0	8.0	0.32125041574591606	0.0729854504975157
0.4298269351732455	cosine	12.0	8.0	4.0	0.7411590223261941	0.00039778904624074133
-0.27704873805084385	cosine	12.0	8.0	4.0	0.3274888703301788	0.06915082967409426
0.8199318147899168	cosine	12.0	4.0	8.0	0.18959881966484035	0.19542302050708665
-0.8421142758510987	cosine	12.0	8.0	4.0	0.2930163576638442	0.0923983316073646
-0.2522755964451576	cosine	12.0	4.0	8.0	0.3274888703301788	0.06915082967409426
0.8499814341428085	cosine	12.0	4.0	8.0	0.39643389566284803	0.03639255752172218
-0.2963446282177503	cosine	12.0	8.0	12.0	0.08453958309103055	0.35100513154713553
-0.537177461819316	cosine	12.0	0.0	4.0	0.46537892099551725	0.01759321537403951
0.09090410615168655	cosine	12.0	8.0	4.0	0.2930163576638442	0.0923983316073646
-1.0108109402877004	cosine	12.0	12.0	4.0	0.5579612484008016	0.0057813869036329145
-0.7440518620519118	cosine	12.0	4.0	0.0	0.46537892099551725	0.01759321537403951
0.37046930792088995	cosine	12.0	12.0	8.0	0.1859870828002672	0.19996727842991707
1.0345295016629803	cosine	12.0	8.0	4.0	0.2585438449975096	0.12097741769556491
0.6464496751487114	cosine	12.0	4.0	8.0	0.2585438449975096	0.12097741769556491
-0.06307228520201448	cosine	12.0	4.0	0.0	0.18959881966484035	0.19542302050708665
1.5245547475772392	cosine	12.0	4.0	8.0	0.18959881966484035	0.19542302050708665
-1.3474016778897346	cosine	12.0	8.0	0.0	0.152171249563855	0.24550766712327832
0.17426084429624814	cosine	12.0	8.0	12.0	0.152171249563855	0.24550766712327832
0.18370588382837078	cosine	12.0	4.0	8.0	0.46537892099551725	0.01759321537403951
-0.5682046597332877	cosine	12.0	4.0	8.0	0.15512630699850574	0.2413181331871364
0.9731954283424148	cosine	12.0	4.0	0.0	0.5343239463281865	0.007797958989405334
1.3165766618691934	cosine	12.0	12.0	8.0	0.25361874927309164	0.1255204679350863
0.5090170335632679	cosine	12.0	4.0	0.0	0.08618128166583652	0.3482541443364599
0.09345176011582357	cosine	12.0	12.0	4.0	0.3550662489823283	0.054032165056400634
-0.4786619592331084	cosine	12.0	8.0	4.0	0.2930163576638442	0.0923983316073646
0.3710886489264982	cosine	12.0	0.0	4.0	0.5343239463281865	0.007797958989405334
0.6109524549436285	cosine	12.0	0.0	4.0	0.46537892099551725	0.01759321537403951
0.42950006372205296	cosine	12.0	0.0	4.0	0.43090640832918264	0.025576674512344563
-0.27422583825588237	cosine	12.0	4.0	0.0	0.3619613829965134	0.05069410813155855
0.8874709471269643	cosine	12.0	8.0	12.0	0.1859870828002672	0.19996727842991707
0.27154000977474557	cosine	12.0	8.0	4.0	0.12065379433217113	0.29251458065492797
0.6319734081160423	cosine	12.0	4.0	8.0	0.6722139969935249	0.0011738963775857003
0.9641369499319067	cosine	12.0	8.0	4.0	0.08618128166583652	0.3482541443364599
-0.5581684799297816	cosine	12.0	8.0	4.0	0.22407133233117496	0.15526767178736262
-0.5481247908119895	cosine	12.0	4.0	8.0	0.3619613829965134	0.05069410813155855
-0.6457442501307991	cosine	12.0	4.0	8.0	0.18959881966484035	0.19542302050708665
-0.5413651879029882	cosine	12.0	0.0	4.0	0.3274888703301788	0.06915082967409426
-0.5497497958304334	cosine	12.0	8.0	4.0	0.18959881966484035	0.19542302050708665
-0.4334560871255744	cosine	12.0	8.0	4.0	0.3274888703301788	0.06915082967409426
0.8710303145156402	cosine	12.0	8.0	12.0	0.25361874927309164	0.1255204679350863
1.600893570458078	cosine	12.0	8.0	12.0	0.42269791545515273	0.027871390595851784
-1.7761559904399575	cosine	12.0	0.0	4.0	0.2930163576638442	0.0923983316073646
-1.1192232613710043	cosine	12.0	4.0	8.0	0.15512630699850574	0.2413181331871364
-0.5288371405997749	cosine	12.0	0.0	4.0	0.22407133233117496	0.15526767178736262
-0.3009587478483217	cosine	12.0	4.0	12.0	0.3550662489823283	0.054032165056400634
-0.9765142813385025	cosine	12.0	4.0	0.0	0.3619613829965134	0.05069410813155855
-0.8716428947465468	cosine	12.0	8.0	12.0	0.3550662489823283	0.054032165056400634
0.3922969544438722	cosine	12.0	4.0	12.0	0.2874345825095039	0.09665182047357773
-0.5792893504433333	cosine	12.0	8.0	4.0	0.18959881966484035	0.19542302050708665
1.1550352879800516	cosine	12.0	4.0	0.0	0.49985143366185186	0.011841856219536968
-0.4812018783011051	cosine	12.0	4.0	0.0	0.3274888703301788	0.06915082967409426
1.387557576850123	cosine	12.0	4.0	12.0	0.6932245813464505	0.000852303292498537
0.0059813769183655755	cosine	12.0	12.0	8.0	0.5579612484008016	0.0057813869036329145
0.8134295219017706	cosine	12.0	0.0	8.0	0.42269791545515273	0.027871390595851784
0.9244367485830356	cosine	12.0	4.0	8.0	0.18959881966484035	0.19542302050708665
0.6707456976861987	cosine	12.0	4.0	8.0	0.49985143366185186	0.011841856219536968
0.9814827711002438	cosine	12.0	4.0	0.0	0.3619613829965134	0.05069410813155855
-0.7110845075913983	cosine	12.0	8.0	4.0	0.2585438449975096	0.12097741769556491
-0.3870585272251992	cosine	12.0	12.0	8.0	0.625592914873626	0.0023179539834495147
0.5575318228436437	cosine	12.0	12.0	8.0	0.152171249563855	0.24550766712327832
0.34317174707149645	cosine	12.0	0.0	4.0	0.18959881966484035	0.19542302050708665
1.2174525150101811	cosine	12.0	8.0	0.0	0.1859870828002672	0.19996727842991707
2.419647039984909	cosine	12.0	0.0	4.0	0.2585438449975096	0.12097741769556491
0.2841053301253404	cosine	12.0	12.0	8.0	0.11835541632744277	0.2960997041901293
-1.4762295621743922	cosine	12.0	8.0	4.0	0.18959881966484035	0.19542302050708665
-1.2282632491142211	cosine	12.0	8.0	4.0	0.08618128166583652	0.3482541443364599
0.8131713806973884	cosine	12.0	0.0	8.0	0.42269791545515273	0.027871390595851784
1.1819893351885469	cosine	12.0	8.0	0.0	0.3550662489823283	0.054032165056400634
-0.05812051781680345	cosine	12.0	8.0	4.0	0.46537892099551725	0.01759321537403951
0.39008586367611103	cosine	12.0	4.0	8.0	0.2585438449975096	0.12097741769556491
2.1851904275731218	cosine	12.0	4.0	8.0	0.15512630699850574	0.2413181331871364
1.1325566568798724	cosine	12.0	12.0	8.0	0.49032958192797715	0.0132390167871721
-0.43402167881986115	cosine	12.0	8.0	12.0	0.11835541632744277	0.2960997041901293
1.3318550538972846	cosine	12.0	12.0	4.0	0.25361874927309164	0.1255204679350863
-2.9604941817131105	cosine	12.0	4.0	0.0	0.3619613829965134	0.05069410813155855
-0.4658247945070318	cosine	12.0	0.0	8.0	0.2874345825095039	0.09665182047357773
0.09276526109116225	cosine	12.0	8.0	12.0	0.32125041574591606	0.0729854504975157
-0.8340017274271809	cosine	12.0	12.0	4.0	0.42269791545515273	0.027871390595851784
-0.6886387390182832	cosine	12.0	8.0	4.0	0.2585438449975096	0.12097741769556491
-0.12784835949046075	cosine	12.0	4.0	0.0	0.3274888703301788	0.06915082967409426
1.124227263256286	cosine	12.0	4.0	0.0	0.39643389566284803	0.03639255752172218
1.206238118236789	cosine	12.0	0.0	8.0	0.25361874927309164	0.1255204679350863
-0.5265943140726655	cosine	12.0	4.0	8.0	0.6032689716608557	0.0031641476005237878
0.9769338212363583	cosine	12.0	4.0	8.0	0.2930163576638442	0.0923983316073646
0.07042696473430375	cosine	12.0	8.0	12.0	0.11835541632744277	0.2960997041901293
-1.190262296325285	cosine	12.0	4.0	12.0	0.152171249563855	0.24550766712327832
-0.04266149383085598	cosine	12.0	4.0	8.0	0.3274888703301788	0.06915082967409426
0.32618027179716824	cosine	12.0	0.0	4.0	0.15512630699850574	0.2413181331871364
-1.1710886335435828	cosine	12.0	8.0	4.0	0.22407133233117496	0.15526767178736262
2.159954202645234	cosine	12.0	4.0	0.0	0.46537892099551725	0.01759321537403951
-0.05904137401803428	cosine	12.0	4.0	12.0	0.625592914873626	0.0023179539834495147
0.5432580630602434	cosine	12.0	4.0	12.0	0.5241454151643894	0.008841950715020199
-0.34301639757722907	cosine	12.0	8.0	0.0	0.625592914873626	0.0023179539834495147
-0.7160208676482052	cosine	12.0	8.0	12.0	0.3550662489823283	0.054032165056400634
0.5765871265974661	cosine	12.0	8.0	4.0	0.22407133233117496	0.15526767178736262
-0.14864094308960674	cosine	12.0	8.0	4.0	0.12065379433217113	0.29251458065492797
-1.8398175318325463	cosine	12.0	8.0	4.0	0.6032689716608557	0.0031641476005237878
-0.5228075680530141	cosine	12.0	8.0	4.0	0.12065379433217113	0.29251458065492797
0.5954706712049378	cosine	12.0	8.0	4.0	0.2585438449975096	0.12097741769556491
0.9632201724245362	cosine	12.0	0.0	4.0	0.39643389566284803	0.03639255752172218
1.7926100670030738	cosine	12.0	8.0	4.0	0.18959881966484035	0.19542302050708665
0.9319247256207834	cosine	12.0	4.0	12.0	0.42269791545515273	0.027871390595851784
0.8091595212409596	cosine	12.0	4.0	8.0	0.39643389566284803	0.03639255752172218
0.31948899999465363	cosine	12.0	8.0	12.0	0.32125041574591606	0.0729854504975157
-0.7428987962856232	cosine	12.0	4.0	0.0	0.2930163576638442	0.0923983316073646
0.28786460020619287	cosine	12.0	4.0	0.0	0.3619613829965134	0.05069410813155855
-0.17771212754442878	cosine	12.0	4.0	8.0	0.15512630699850574	0.2413181331871364
-1.1268855288732327	cosine	12.0	4.0	0.0	0.3619613829965134	0.05069410813155855
0.6311095546279734	cosine	12.0	12.0	8.0	0.38888208221874054	0.03920408275739032
0.543174489319312	cosine	12.0	0.0	4.0	0.3274888703301788	0.06915082967409426
1.2674712780197284	cosine	12.0	8.0	4.0	0.46537892099551725	0.01759321537403951
0.27386523691443115	cosine	12.0	12.0	8.0	0.25361874927309164	0.1255204679350863
0.3604941282416067	cosine	12.0	4.0	0.0	0.2930163576638442	0.0923983316073646
-0.6842959709220406	cosine	12.0	4.0	8.0	0.3274888703301788	0.06915082967409426
-2.1783789512941825	cosine	12.0	4.0	8.0	0.2930163576638442	0.0923983316073646
0.3139675902971912	cosine	12.0	12.0	8.0	0.1859870828002672	0.19996727842991707
-1.3463033095408516	cosine	12.0	8.0	12.0	0.32125041574591606	0.0729854504975157
-1.25322661370656	cosine	12.0	4.0	12.0	0.21980291603667942	0.15992129427517748
-0.449054133301741	cosine	12.0	8.0	12.0	0.25361874927309164	0.1255204679350863
-0.6784106657694897	cosine	12.0	0.0	8.0	0.2874345825095039	0.09665182047357773
1.0714104451558797	cosine	12.0	4.0	8.0	0.3274888703301788	0.06915082967409426
-0.7499576091817747	cosine	12.0	4.0	8.0	0.5687964589945211	0.005022850586273721
-1.9947215870209483	cosine	12.0	12.0	8.0	0.21980291603667942	0.15992129427517748
-0.8525840680722069	cosine	12.0	8.0	12.0	0.5241454151643894	0.008841950715020199
1.911478829552599	cosine	12.0	12.0	8.0	0.2874345825095039	0.09665182047357773
-0.11072828619564065	cosine	12.0	8.0	0.0	0.38888208221874054	0.03920408275739032
-0.6835770768584785	cosine	12.0	8.0	4.0	0.49985143366185186	0.011841856219536968
0.43803083866760295	cosine	12.0	8.0	4.0	0.43090640832918264	0.025576674512344563
0.8120420572224637	cosine	12.0	8.0	12.0	0.152171249563855	0.24550766712327832
-0.3874781867779533	cosine	12.0	4.0	8.0	0.39643389566284803	0.03639255752172218
1.7057309991737548	cosine	12.0	8.0	4.0	0.18959881966484035	0.19542302050708665
-2.7829005875978936	cosine	12.0	8.0	4.0	0.12065379433217113	0.29251458065492797
0.33826156890842257	cosine	12.0	4.0	0.0	0.08618128166583652	0.3482541443364599
-0.97108855354654	cosine	12.0	0.0	4.0	0.3619613829965134	0.05069410813155855
-1.0801661312682242	cosine	12.0	12.0	8.0	0.152171249563855	0.24550766712327832
-0.0017750105224740628	cosine	12.0	4.0	0.0	0.3274888703301788	0.06915082967409426
-0.28720725687910553	cosine	12.0	12.0	4.0	0.25361874927309164	0.1255204679350863
0.10265358739432855	cosine	12.0	4.0	0.0	0.3274888703301788	0.06915082967409426
0.4775067123562183	cosine	12.0	0.0	4.0	0.43090640832918264	0.025576674512344563
0.8274824506124934	cosine	12.0	8.0	0.0	0.42269791545515273	0.027871390595851784
-0.6564975176862747	cosine	12.0	4.0	0.0	0.3274888703301788	0.06915082967409426
2.8066629827528344	cosine	12.0	4.0	8.0	0.43090640832918264	0.025576674512344563
1.2441440174756315	cosine	12.0	0.0	4.0	0.2930163576638442	0.0923983316073646
0.86071696499568	cosine	12.0	8.0	0.0	0.6932245813464505	0.000852303292498537
1.5324383628630833	cosine	12.0	4.0	12.0	0.5917770816372139	0.00370031333790455
-0.8017073522913453	cosine	12.0	4.0	8.0	0.3274888703301788	0.06915082967409426
1.4766637695108158	cosine	12.0	4.0	8.0	0.5343239463281865	0.007797958989405334
1.0459707128032096	cosine	12.0	4.0	0.0	0.2930163576638442	0.0923983316073646
-0.7138770215096819	cosine	12.0	4.0	8.0	0.22407133233117496	0.15526767178736262
0.42710848925135175	cosine	12.0	0.0	4.0	0.22407133233117496	0.15526767178736262
1.449514016156415	cosine	12.0	8.0	4.0	0.18959881966484035	0.19542302050708665
-0.5286151161785584	cosine	12.0	0.0	4.0	0.46537892099551725	0.01759321537403951
-0.23441183728435194	cosine	12.0	8.0	4.0	0.3274888703301788	0.06915082967409426
1.4727406258605664	cosine	12.0	8.0	12.0	0.152171249563855	0.24550766712327832
-0.7370455445839716	cosine	12.0	4.0	0.0	0.2585438449975096	0.12097741769556491
-0.9852716208073269	cosine	12.0	0.0	4.0	0.12065379433217113	0.29251458065492797
-0.07364247619607689	cosine	12.0	8.0	4.0	0.2930163576638442	0.0923983316073646
-0.7725096007936371	cosine	12.0	4.0	0.0	0.22407133233117496	0.15526767178736262
0.03864347240976855	cosine	12.0	12.0	4.0	0.152171249563855	0.24550766712327832
-0.15279428939183873	cosine	12.0	8.0	4.0	0.43090640832918264	0.025576674512344563
-0.7802995524338094	cosine	12.0	4.0	8.0	0.46537892099551725	0.01759321537403951
-1.1688465474858827	cosine	12.0	8.0	12.0	0.32125041574591606	0.0729854504975157
-0.4052173949237088	cosine	12.0	8.0	4.0	0.3274888703301788	0.06915082967409426
0.4218639803448374	cosine	12.0	12.0	8.0	0.25361874927309164	0.1255204679350863
1.4476206869173796	cosine	12.0	4.0	12.0	0.5579612484008016	0.0057813869036329145
0.3322280556814106	cosine	12.0	4.0	0.0	0.12065379433217113	0.29251458065492797
-0.899896470405703	cosine	12.0	4.0	0.0	0.12065379433217113	0.29251458065492797
-0.1710305693753153	cosine	12.0	12.0	4.0	0.11835541632744277	0.2960997041901293
-2.2123291814844412	cosine	12.0	4.0	0.0	0.12065379433217113	0.29251458065492797
0.7801406170094551	cosine	12.0	4.0	12.0	0.2874345825095039	0.09665182047357773
0.25767542404929666	cosine	12.0	4.0	0.0	0.2930163576638442	0.0923983316073646
-0.3184591439978005	cosine	12.0	0.0	8.0	0.21980291603667942	0.15992129427517748
-0.4465982095597429	cosine	12.0	4.0	8.0	0.6032689716608557	0.0031641476005237878
0.8871771859637807	cosine	12.0	8.0	4.0	0.18959881966484035	0.19542302050708665
-0.4419075753403911	cosine	12.0	8.0	4.0	0.15512630699850574	0.2413181331871364
-0.14356731503867529	cosine	12.0	4.0	0.0	0.46537892099551725	0.01759321537403951
0.0955597985507633	cosine	12.0	0.0	8.0	0.3550662489823283	0.054032165056400634
0.8663513978142321	cosine	12.0	8.0	4.0	0.18959881966484035	0.19542302050708665
-0.2792682216096639	cosine	12.0	12.0	4.0	0.21980291603667942	0.15992129427517748
-0.7147272417859863	cosine	12.0	12.0	4.0	0.42269791545515273	0.027871390595851784
-1.6312912035460836	cosine	12.0	8.0	4.0	0.18959881966484035	0.19542302050708665
-0.629611595873184	cosine	12.0	8.0	4.0	0.2930163576638442	0.0923983316073646
-1.1201877304787107	cosine	12.0	8.0	4.0	0.3619613829965134	0.05069410813155855
0.15775743398489625	cosine	12.0	8.0	12.0	0.45651374869156497	0.01941025211611039
-0.4560495882449211	cosine	12.0	12.0	4.0	0.32125041574591606	0.0729854504975157
-0.22527887333212981	cosine	12.0	0.0	4.0	0.22407133233117496	0.15526767178736262
0.254251908609451	cosine	12.0	0.0	8.0	0.25361874927309164	0.1255204679350863
1.4184713907476885	cosine	12.0	0.0	8.0	0.38888208221874054	0.03920408275739032
-1.3482979471206729	cosine	12.0	4.0	8.0	0.18959881966484035	0.19542302050708665
-0.4468196543876974	cosine	12.0	4.0	8.0	0.3274888703301788	0.06915082967409426
-0.10672459031764724	cosine	12.0	4.0	8.0	0.18959881966484035	0.19542302050708665
-1.4820237747044454	cosine	12.0	4.0	8.0	0.39643389566284803	0.03639255752172218
-2.051486151604561	cosine	12.0	8.0	4.0	0.2585438449975096	0.12097741769556491
-0.005795566000196528	cosine	12.0	4.0	12.0	0.3550662489823283	0.054032165056400634
0.18566838322233173	cosine	12.0	12.0	8.0	0.42269791545515273	0.027871390595851784
1.7699754116551962	cosine	12.0	4.0	8.0	0.49985143366185186	0.011841856219536968
-0.354422225623902	cosine	12.0	4.0	12.0	0.2874345825095039	0.09665182047357773
0.7082587768925274	cosine	12.0	0.0	4.0	0.22407133233117496	0.15526767178736262
0.5617587979570013	cosine	12.0	8.0	12.0	0.6932245813464505	0.000852303292498537
-0.26101576237084767	cosine	12.0	8.0	0.0	0.42269791545515273	0.027871390595851784
-0.2914810130825998	cosine	12.0	0.0	4.0	0.3274888703301788	0.06915082967409426
-0.17836177067878217	cosine	12.0	0.0	8.0	0.11835541632744277	0.2960997041901293
0.6846823572369676	cosine	12.0	0.0	4.0	0.46537892099551725	0.01759321537403951
-0.03473428224583164	cosine	12.0	12.0	8.0	0.5241454151643894	0.008841950715020199
-0.2870448702377812	cosine	12.0	4.0	8.0	0.2930163576638442	0.0923983316073646
-0.5461754520009978	cosine	12.0	4.0	0.0	0.22407133233117496	0.15526767178736262
-0.5153890901222729	cosine	12.0	4.0	0.0	0.3619613829965134	0.05069410813155855
1.0654388870527258	cosine	12.0	4.0	0.0	0.3619613829965134	0.05069410813155855
-0.697116849567889	cosine	12.0	12.0	4.0	0.21980291603667942	0.15992129427517748
-0.44049892874765995	cosine	12.0	4.0	0.0	0.5343239463281865	0.007797958989405334
-0.41649603305200283	cosine	12.0	4.0	0.0	0.3619613829965134	0.05069410813155855
-1.837218110754609	cosine	12.0	12.0	8.0	0.152171249563855	0.24550766712327832
-0.8050183922027558	cosine	12.0	0.0	4.0	0.08618128166583652	0.3482541443364599
0.2657568130628473	cosine	12.0	4.0	12.0	0.2874345825095039	0.09665182047357773
0.1558003120759428	cosine	12.0	4.0	0.0	0.6377414843271904	0.0019491085902795186
-0.8126581965473446	cosine	12.0	12.0	8.0	0.32125041574591606	0.0729854504975157
1.1529021853248012	cosine	12.0	8.0	4.0	0.39643389566284803	0.03639255752172218
0.741568169650028	cosine	12.0	4.0	8.0	0.3619613829965134	0.05069410813155855
-1.3498595911754292	cosine	12.0	0.0	8.0	0.1859870828002672	0.19996727842991707
-0.6949227648668334	cosine	12.0	4.0	8.0	0.22407133233117496	0.15526767178736262
0.1804239096041732	cosine	12.0	12.0	8.0	0.5579612484008016	0.0057813869036329145
-0.37952908026827903	cosine	12.0	12.0	4.0	0.08453958309103055	0.35100513154713553
-0.30836150097271964	cosine	12.0	12.0	8.0	0.625592914873626	0.0023179539834495147
-1.2566558024459307	cosine	12.0	4.0	0.0	0.18959881966484035	0.19542302050708665
1.0691422093493024	cosine	12.0	8.0	4.0	0.22407133233117496	0.15526767178736262
-0.7484942843347834	cosine	12.0	12.0	8.0	0.5241454151643894	0.008841950715020199
0.9888618946460049	cosine	12.0	4.0	8.0	0.5343239463281865	0.007797958989405334
1.1596295586801704	cosine	12.0	12.0	8.0	0.38888208221874054	0.03920408275739032
-1.1552469074708467	cosine	12.0	4.0	8.0	0.15512630699850574	0.2413181331871364
2.0215995555775157	cosine	12.0	12.0	4.0	0.25361874927309164	0.1255204679350863
-0.09983581181649331	cosine	12.0	8.0	12.0	0.3550662489823283	0.054032165056400634
-1.8005746180564186	cosine	12.0	12.0	8.0	0.11835541632744277	0.2960997041901293
0.9959766112500483	cosine	12.0	8.0	4.0	0.15512630699850574	0.2413181331871364
0.01960606135055982	cosine	12.0	4.0	8.0	0.43090640832918264	0.025576674512344563
1.1315960756555659	cosine	12.0	8.0	12.0	0.45651374869156497	0.01941025211611039
-0.3952861444058723	cosine	12.0	12.0	4.0	0.25361874927309164	0.1255204679350863
-0.052382593230606914	cosine	12.0	8.0	0.0	0.1859870828002672	0.19996727842991707
1.2382957673554433	cosine	12.0	12.0	8.0	0.2874345825095039	0.09665182047357773
-0.03488628963564046	cosine	12.0	4.0	8.0	0.15512630699850574	0.2413181331871364
-1.7616023733816073	cosine	12.0	8.0	4.0	0.2930163576638442	0.0923983316073646
-0.5648526454979734	cosine	12.0	0.0	8.0	0.38888208221874054	0.03920408275739032
-1.0256575175469853	cosine	12.0	4.0	12.0	0.25361874927309164	0.1255204679350863
-2.244046037208249	cosine	12.0	4.0	12.0	0.08453958309103055	0.35100513154713553
0.277272735496186	cosine	12.0	4.0	0.0	0.051708768999501914	0.40748358899052883
-0.5306747213750334	cosine	12.0	12.0	4.0	0.49032958192797715	0.0132390167871721
0.7032576469493265	cosine	12.0	8.0	4.0	0.22407133233117496	0.15526767178736262
0.4198338668984073	cosine	12.0	12.0	8.0	0.42269791545515273	0.027871390595851784
0.9795218543797091	cosine	12.0	8.0	12.0	0.42269791545515273	0.027871390595851784
1.439623608992593	cosine	12.0	8.0	12.0	0.38888208221874054	0.03920408275739032
1.680634764158262	cosine	12.0	0.0	4.0	0.15512630699850574	0.2413181331871364
0.13657254659041393	cosine	12.0	8.0	0.0	0.32125041574591606	0.0729854504975157
-1.2137060539130555	cosine	12.0	4.0	0.0	0.39643389566284803	0.03639255752172218
-1.2350286928390029	cosine	12.0	4.0	8.0	0.5343239463281865	0.007797958989405334
-0.23466617122367858	cosine	12.0	4.0	8.0	0.2585438449975096	0.12097741769556491
0.5141234198638055	cosine	12.0	12.0	8.0	0.25361874927309164	0.1255204679350863
-1.5039990304596713	cosine	12.0	0.0	4.0	0.3619613829965134	0.05069410813155855
0.22168764145462533	cosine	12.0	4.0	8.0	0.3274888703301788	0.06915082967409426
0.9917239563684901	cosine	12.0	8.0	4.0	0.3274888703301788	0.06915082967409426
1.8858666207048371	cosine	12.0	12.0	8.0	0.625592914873626	0.0023179539834495147
-0.7210835594143753	cosine	12.0	12.0	8.0	0.1859870828002672	0.19996727842991707
0.6026275718206491	cosine	12.0	12.0	8.0	0.45651374869156497	0.01941025211611039
0.09699706518418248	cosine	12.0	4.0	12.0	0.45651374869156497	0.01941025211611039
-1.3256644454855415	cosine	12.0	4.0	0.0	0.18959881966484035	0.19542302050708665
1.1542835986494069	cosine	12.0	0.0	4.0	0.12065379433217113	0.29251458065492797
-0.33990822959954065	cosine	12.0	8.0	12.0	0.49032958192797715	0.0132390167871721
-1.3940215410345802	cosine	12.0	12.0	8.0	0.5241454151643894	0.008841950715020199
0.2892445665327219	cosine	12.0	0.0	8.0	0.1859870828002672	0.19996727842991707
0.3904555683021996	cosine	12.0	4.0	8.0	0.18959881966484035	0.19542302050708665
0.22305539694646376	cosine	12.0	0.0	8.0	0.08453958309103055	0.35100513154713553
0.4450718553813383	cosine	12.0	8.0	0.0	0.32125041574591606	0.0729854504975157
-0.6615922787555356	cosine	12.0	12.0	8.0	0.5917770816372139	0.00370031333790455
-0.37685207569957524	cosine	12.0	4.0	12.0	0.21980291603667942	0.15992129427517748
-1.1666991210681266	cosine	12.0	8.0	4.0	0.46537892099551725	0.01759321537403951
-0.6156860864465223	cosine	12.0	4.0	8.0	0.46537892099551725	0.01759321537403951
0.11189380176964764	cosine	12.0	4.0	12.0	0.6932245813464505	0.000852303292498537
-0.6895501270569488	cosine	12.0	0.0	4.0	0.2585438449975096	0.12097741769556491
-0.6957463002964004	cosine	12.0	8.0	4.0	0.2585438449975096	0.12097741769556491
0.7605333032049213	cosine	12.0	4.0	0.0	0.12065379433217113	0.29251458065492797
0.12504134598715266	cosine	12.0	8.0	0.0	0.11835541632744277	0.2960997041901293
-1.657277690626494	cosine	12.0	4.0	0.0	0.39643389566284803	0.03639255752172218
0.6934738958260768	cosine	12.0	8.0	4.0	0.46537892099551725	0.01759321537403951
0.8025915738248055	cosine	12.0	8.0	4.0	0.43090640832918264	0.025576674512344563
-1.1867794450065792	cosine	12.0	4.0	12.0	0.38888208221874054	0.03920408275739032
0.055837048506310764	cosine	12.0	12.0	8.0	0.2874345825095039	0.09665182047357773
-0.9073753446263979	cosine	12.0	4.0	8.0	0.18959881966484035	0.19542302050708665
-0.8883855643710415	cosine	12.0	8.0	4.0	0.18959881966484035	0.19542302050708665
-0.7993943483865972	cosine	12.0	12.0	4.0	0.49032958192797715	0.0132390167871721
-0.42569282302409706	cosine	12.0	8.0	12.0	0.1859870828002672	0.19996727842991707
-0.7858898858374245	cosine	12.0	4.0	0.0	0.39643389566284803	0.03639255752172218
-0.7140510920343802	cosine	12.0	12.0	4.0	0.32125041574591606	0.0729854504975157
2.3894263884347144	cosine	12.0	8.0	12.0	0.49032958192797715	0.0132390167871721
1.3939990507074433	cosine	12.0	4.0	12.0	0.32125041574591606	0.0729854504975157
1.2984490356120828	cosine	12.0	4.0	8.0	0.22407133233117496	0.15526767178736262
-0.40167374741895445	cosine	12.0	8.0	12.0	0.2874345825095039	0.09665182047357773
0.2502791345583628	cosine	12.0	0.0	4.0	0.2585438449975096	0.12097741769556491
1.4498915168340547	cosine	12.0	4.0	12.0	0.25361874927309164	0.1255204679350863
-1.070632097645689	cosine	12.0	0.0	8.0	0.32125041574591606	0.0729854504975157
-1.5089631431254649	cosine	12.0	0.0	4.0	0.6032689716608557	0.0031641476005237878
2.0761528479019153	cosine	12.0	4.0	8.0	0.2930163576638442	0.0923983316073646
0.10589707684237162	cosine	12.0	12.0	4.0	0.2874345825095039	0.09665182047357773
1.1591322777822626	cosine	12.0	12.0	4.0	0.49032958192797715	0.0132390167871721
-0.1250182112797006	cosine	12.0	12.0	8.0	0.152171249563855	0.24550766712327832
0.8877031207142723	cosine	12.0	4.0	8.0	0.18959881966484035	0.19542302050708665
2.1626787913820773	cosine	12.0	4.0	8.0	0.18959881966484035	0.19542302050708665
1.2096307912319266	cosine	12.0	12.0	4.0	0.49032958192797715	0.0132390167871721
0.398716922967088	cosine	12.0	12.0	8.0	0.21980291603667942	0.15992129427517748
0.9468162760077447	cosine	12.0	8.0	12.0	0.38888208221874054	0.03920408275739032
0.07519245815461569	cosine	12.0	12.0	4.0	0.2874345825095039	0.09665182047357773
0.04337432203263866	cosine	12.0	0.0	8.0	0.5241454151643894	0.008841950715020199
0.6773762694465391	cosine	12.0	8.0	4.0	0.7066865096598596	0.0006911698935639446
-1.3760673998772466	cosine	12.0	4.0	12.0	0.32125041574591606	0.0729854504975157
-0.5370226537303137	cosine	12.0	8.0	4.0	0.08618128166583652	0.3482541443364599
-0.5565471787517536	cosine	12.0	4.0	8.0	0.2930163576638442	0.0923983316073646
1.038268107688444	cosine	12.0	4.0	0.0	0.2930163576638442	0.0923983316073646
-0.4566194600542288	cosine	12.0	4.0	8.0	0.3619613829965134	0.05069410813155855
2.232647230920817	cosine	12.0	8.0	0.0	0.11835541632744277	0.2960997041901293
1.3053074061356917	cosine	12.0	0.0	4.0	0.6377414843271904	0.0019491085902795186
1.6135117063917173	cosine	12.0	8.0	4.0	0.15512630699850574	0.2413181331871364
-1.6319360629932231	cosine	12.0	12.0	4.0	0.2874345825095039	0.09665182047357773
0.7987728509399977	cosine	12.0	4.0	8.0	0.3619613829965134	0.05069410813155855
2.11421819232492	cosine	12.0	4.0	0.0	0.39643389566284803	0.03639255752172218
-2.0664460951396295	cosine	12.0	8.0	4.0	0.3274888703301788	0.06915082967409426
1.5012321223401877	cosine	12.0	0.0	4.0	0.43090640832918264	0.025576674512344563
-0.04371743304886544	cosine	12.0	4.0	12.0	0.11835541632744277	0.2960997041901293
2.338421107535909	cosine	12.0	8.0	4.0	0.43090640832918264	0.025576674512344563
-1.477810287917663	cosine	12.0	12.0	8.0	0.25361874927309164	0.1255204679350863
-0.793044318983401	cosine	12.0	8.0	12.0	0.2874345825095039	0.09665182047357773
0.5027718666156297	cosine	12.0	12.0	8.0	0.152171249563855	0.24550766712327832
0.22374813775285707	cosine	12.0	0.0	4.0	0.43090640832918264	0.025576674512344563
-0.010560746745081352	cosine	12.0	8.0	0.0	0.5579612484008016	0.0057813869036329145
-0.5478628646026222	cosine	12.0	0.0	4.0	0.3274888703301788	0.06915082967409426
0.741046135505363	cosine	12.0	8.0	0.0	0.1859870828002672	0.19996727842991707
-0.18392103574094323	cosine	12.0	4.0	0.0	0.2930163576638442	0.0923983316073646
0.6125660853044541	cosine	12.0	0.0	4.0	0.6032689716608557	0.0031641476005237878
-1.6842328396423516	cosine	12.0	8.0	4.0	0.22407133233117496	0.15526767178736262
0.4614504600190611	cosine	12.0	8.0	4.0	0.15512630699850574	0.2413181331871364
-0.9815062218835997	cosine	12.0	12.0	4.0	0.32125041574591606	0.0729854504975157
0.24989390521729007	cosine	12.0	0.0	4.0	0.39643389566284803	0.03639255752172218
0.647835542769548	cosine	12.0	4.0	8.0	0.46537892099551725	0.01759321537403951
0.028263100523918665	cosine	12.0	12.0	4.0	0.625592914873626	0.0023179539834495147
1.3192190126578534	cosine	12.0	0.0	8.0	0.152171249563855	0.24550766712327832
-0.31176527794346903	cosine	12.0	8.0	0.0	0.152171249563855	0.24550766712327832
-0.9690010059908668	cosine	12.0	8.0	12.0	0.1859870828002672	0.19996727842991707
-1.077863241568878	cosine	12.0	0.0	4.0	0.5343239463281865	0.007797958989405334
-1.4932936694660253	cosine	12.0	0.0	4.0	0.15512630699850574	0.2413181331871364
1.1632585085920204	cosine	12.0	4.0	8.0	0.18959881966484035	0.19542302050708665
0.7111950611800952	cosine	12.0	8.0	4.0	0.43090640832918264	0.025576674512344563
1.006255337137691	cosine	12.0	8.0	12.0	0.25361874927309164	0.1255204679350863
-0.5057615607963034	cosine	12.0	4.0	8.0	0.12065379433217113	0.29251458065492797
2.1792867456364107	cosine	12.0	0.0	4.0	0.6377414843271904	0.0019491085902795186
0.260841218166875	cosine	12.0	4.0	8.0	0.6032689716608557	0.0031641476005237878
1.163430787831409	cosine	12.0	4.0	8.0	0.43090640832918264	0.025576674512344563
-0.3519050411141769	cosine	12.0	4.0	8.0	0.39643389566284803	0.03639255752172218
-0.8011642412770029	cosine	12.0	8.0	12.0	0.42269791545515273	0.027871390595851784
-0.5894289407877968	cosine	12.0	8.0	12.0	0.38888208221874054	0.03920408275739032
-1.0425571918332934	cosine	12.0	4.0	0.0	0.12065379433217113	0.29251458065492797
-1.769857878558576	cosine	12.0	4.0	8.0	0.6722139969935249	0.0011738963775857003
2.18463770651184	cosine	12.0	4.0	0.0	0.5687964589945211	0.005022850586273721
-0.9931027272139671	cosine	12.0	0.0	4.0	0.7066865096598596	0.0006911698935639446
0.36904624775656897	cosine	12.0	8.0	12.0	0.152171249563855	0.24550766712327832
0.06475078133186657	cosine	12.0	12.0	8.0	0.3550662489823283	0.054032165056400634
-0.35785211469333433	cosine	12.0	0.0	4.0	0.7411590223261941	0.00039778904624074133
0.900130209007231	cosine	12.0	8.0	4.0	0.18959881966484035	0.19542302050708665
1.0523671497946692	cosine	12.0	4.0	8.0	0.5343239463281865	0.007797958989405334
-0.5367496435087699	cosine	12.0	8.0	4.0	0.2930163576638442	0.0923983316073646
1.0576622430597344	cosine	12.0	4.0	0.0	0.18959881966484035	0.19542302050708665
0.4628578356461459	cosine	12.0	8.0	0.0	0.1859870828002672	0.19996727842991707
0.8177119200408798	cosine	12.0	12.0	8.0	0.152171249563855	0.24550766712327832
0.03056340269466527	cosine	12.0	4.0	12.0	0.6932245813464505	0.000852303292498537
1.9839512927623653	cosine	12.0	12.0	8.0	0.1859870828002672	0.19996727842991707
-0.31922790849280364	cosine	12.0	4.0	8.0	0.08618128166583652	0.3482541443364599
-0.7301653740840424	cosine	12.0	0.0	8.0	0.3550662489823283	0.054032165056400634
-1.1172211636435088	cosine	12.0	8.0	4.0	0.49985143366185186	0.011841856219536968
-0.6324077175804699	cosine	12.0	12.0	4.0	0.5917770816372139	0.00370031333790455
2.352238740756351	cosine	12.0	8.0	4.0	0.46537892099551725	0.01759321537403951
2.582997006470767	cosine	12.0	0.0	4.0	0.2585438449975096	0.12097741769556491
0.18084695733630604	cosine	12.0	4.0	0.0	0.46537892099551725	0.01759321537403951
-0.32680494355538137	cosine	12.0	8.0	4.0	0.08618128166583652	0.3482541443364599
0.06407110270345699	cosine	12.0	8.0	4.0	0.08618128166583652	0.3482541443364599
-1.2248998560323339	cosine	12.0	12.0	8.0	0.2874345825095039	0.09665182047357773
0.35381235099643793	cosine	12.0	4.0	8.0	0.3619613829965134	0.05069410813155855
-0.36756729663049076	cosine	12.0	0.0	4.0	0.46537892099551725	0.01759321537403951
-0.636423767643809	cosine	12.0	0.0	4.0	0.12065379433217113	0.29251458065492797
-0.3714752871531482	cosine	12.0	4.0	12.0	0.42269791545515273	0.027871390595851784
0.20659693801611098	cosine	12.0	8.0	12.0	0.2874345825095039	0.09665182047357773
-0.8102955222448266	cosine	12.0	8.0	12.0	0.45651374869156497	0.01941025211611039
0.3845925808295758	cosine	12.0	0.0	8.0	0.2874345825095039	0.09665182047357773
-1.3215373462055857	cosine	12.0	8.0	4.0	0.3619613829965134	0.05069410813155855
-2.1349307097062975	cosine	12.0	8.0	12.0	0.2874345825095039	0.09665182047357773
-0.0008425278463138504	cosine	12.0	8.0	0.0	0.38888208221874054	0.03920408275739032
-1.5481481105877521	cosine	12.0	12.0	4.0	0.1859870828002672	0.19996727842991707
0.37212228362679	cosine	12.0	8.0	4.0	0.2585438449975096	0.12097741769556491
0.7674351473282898	cosine	12.0	4.0	0.0	0.2930163576638442	0.0923983316073646
2.649665337936605	cosine	12.0	4.0	8.0	0.5687964589945211	0.005022850586273721
-2.0635305023686437	cosine	12.0	4.0	8.0	0.3274888703301788	0.06915082967409426
-0.285256084340084	cosine	12.0	4.0	0.0	0.39643389566284803	0.03639255752172218
-0.6262351639951702	cosine	12.0	4.0	8.0	0.017236256333167305	0.46891098662411435
0.20939753170743702	cosine	12.0	4.0	12.0	0.3550662489823283	0.054032165056400634
-1.1281140333946968	cosine	12.0	4.0	0.0	0.08618128166583652	0.3482541443364599
-0.7942926302362149	cosine	12.0	4.0	8.0	0.2585438449975096	0.12097741769556491
1.9046066924173055	cosine	12.0	12.0	4.0	0.38888208221874054	0.03920408275739032
0.19857216306382833	cosine	12.0	4.0	8.0	0.46537892099551725	0.01759321537403951
1.6776668252656546	cosine	12.0	0.0	4.0	0.5687964589945211	0.005022850586273721
-0.32089930695989677	cosine	12.0	8.0	4.0	0.08618128166583652	0.3482541443364599
0.341271899361736	cosine	12.0	4.0	0.0	0.5343239463281865	0.007797958989405334
0.05188290966624755	cosine	12.0	0.0	4.0	0.46537892099551725	0.01759321537403951
-1.1355711885829731	cosine	12.0	8.0	0.0	0.2874345825095039	0.09665182047357773
1.424300172975836	cosine	12.0	4.0	8.0	0.2585438449975096	0.12097741769556491
-0.275210733427911	cosine	12.0	4.0	8.0	0.3619613829965134	0.05069410813155855
0.36613361907909964	cosine	12.0	8.0	12.0	0.2874345825095039	0.09665182047357773
0.6336447854876531	cosine	12.0	12.0	4.0	0.6594087481100382	0.0014209342667878978
-0.00387796018985911	cosine	12.0	8.0	12.0	0.5917770816372139	0.00370031333790455
-1.0415609377281856	cosine	12.0	8.0	12.0	0.42269791545515273	0.027871390595851784
0.7486480074934909	cosine	12.0	4.0	12.0	0.2874345825095039	0.09665182047357773
0.22126304737179273	cosine	12.0	4.0	12.0	0.32125041574591606	0.0729854504975157
0.02698894774185515	cosine	12.0	8.0	4.0	0.22407133233117496	0.15526767178736262
-0.017105362374848943	cosine	12.0	4.0	0.0	0.3619613829965134	0.05069410813155855
-0.1870687296496887	cosine	12.0	8.0	4.0	0.3274888703301788	0.06915082967409426
0.6345564361780286	cosine	12.0	12.0	4.0	0.25361874927309164	0.1255204679350863
-0.08559504564007887	cosine	12.0	4.0	12.0	0.152171249563855	0.24550766712327832
-0.6994666066094168	cosine	12.0	0.0	4.0	0.2930163576638442	0.0923983316073646
0.2439810074727692	cosine	12.0	12.0	4.0	0.49032958192797715	0.0132390167871721
-1.7728727438965033	cosine	12.0	12.0	8.0	0.25361874927309164	0.1255204679350863
1.6384243077658087	cosine	12.0	0.0	4.0	0.39643389566284803	0.03639255752172218
-0.15265456510786293	cosine	12.0	8.0	4.0	0.2930163576638442	0.0923983316073646
1.3633036860565153	cosine	12.0	0.0	8.0	0.11835541632744277	0.2960997041901293
-0.6266792512646844	cosine	12.0	0.0	4.0	0.5687964589945211	0.005022850586273721
0.6131580792846151	cosine	12.0	8.0	4.0	0.18959881966484035	0.19542302050708665
-0.7938085076025049	cosine	12.0	4.0	8.0	0.2930163576638442	0.0923983316073646
1.062825544180256	cosine	12.0	0.0	4.0	0.08618128166583652	0.3482541443364599
-0.6723909618304623	cosine	12.0	12.0	8.0	0.3550662489823283	0.054032165056400634
0.7265466087902304	cosine	12.0	12.0	4.0	0.152171249563855	0.24550766712327832
-0.3035248850208938	cosine	12.0	8.0	0.0	0.21980291603667942	0.15992129427517748
-0.1214054730022541	cosine	12.0	8.0	4.0	0.39643389566284803	0.03639255752172218
-2.6211569392804592	cosine	12.0	0.0	4.0	0.39643389566284803	0.03639255752172218
1.1057027992949953	cosine	12.0	12.0	8.0	0.25361874927309164	0.1255204679350863
-1.3416008744512709	cosine	12.0	8.0	4.0	0.15512630699850574	0.2413181331871364
1.6336247899192782	cosine	12.0	8.0	4.0	0.2585438449975096	0.12097741769556491
-0.06140330729517772	cosine	12.0	4.0	0.0	0.39643389566284803	0.03639255752172218
-0.6332121507321203	cosine	12.0	4.0	0.0	0.12065379433217113	0.29251458065492797
1.6385629393133594	cosine	12.0	4.0	8.0	0.08618128166583652	0.3482541443364599
0.424484845559087	cosine	12.0	8.0	4.0	0.22407133233117496	0.15526767178736262
0.22363093384720287	cosine	12.0	8.0	12.0	0.21980291603667942	0.15992129427517748
-2.1548250054195535	cosine	12.0	0.0	4.0	0.15512630699850574	0.2413181331871364
-1.1330240551831439	cosine	12.0	4.0	12.0	0.42269791545515273	0.027871390595851784
1.8276054119792895	cosine	12.0	4.0	0.0	0.46537892099551725	0.01759321537403951
-0.22960437593389735	cosine	12.0	12.0	8.0	0.152171249563855	0.24550766712327832
0.04439716356486627	cosine	12.0	4.0	0.0	0.49985143366185186	0.011841856219536968
0.7207189368424463	cosine	12.0	8.0	4.0	0.3274888703301788	0.06915082967409426
1.551313602349858	cosine	12.0	8.0	12.0	0.152171249563855	0.24550766712327832
-0.5422966053913079	cosine	12.0	4.0	8.0	0.051708768999501914	0.40748358899052883
-1.4086135964926498	cosine	12.0	8.0	12.0	0.3550662489823283	0.054032165056400634
-2.7965377149084985	cosine	12.0	8.0	4.0	0.12065379433217113	0.29251458065492797
-2.552730619675049	cosine	12.0	0.0	4.0	0.12065379433217113	0.29251458065492797
1.5707574712485974	cosine	12.0	12.0	8.0	0.32125041574591606	0.0729854504975157
-1.0831582237210877	cosine	12.0	12.0	8.0	0.21980291603667942	0.15992129427517748
0.9521791001801108	cosine	12.0	12.0	8.0	0.25361874927309164	0.1255204679350863
-2.0227808873671873	cosine	12.0	8.0	4.0	0.3619613829965134	0.05069410813155855
-0.08827253562202841	cosine	12.0	4.0	8.0	0.15512630699850574	0.2413181331871364
1.2486987951623356	cosine	12.0	8.0	0.0	0.21980291603667942	0.15992129427517748
0.1343438141568724	cosine	12.0	4.0	8.0	0.46537892099551725	0.01759321537403951
-0.6743316265832504	cosine	12.0	4.0	8.0	0.18959881966484035	0.19542302050708665
0.24276662498772847	cosine	12.0	12.0	8.0	0.2874345825095039	0.09665182047357773
1.6537624646562166	cosine	12.0	12.0	4.0	0.1859870828002672	0.19996727842991707
0.17979392107679198	cosine	12.0	4.0	12.0	0.42269791545515273	0.027871390595851784
-0.012045309335768781	cosine	12.0	8.0	12.0	0.32125041574591606	0.0729854504975157
1.0947042150993023	cosine	12.0	8.0	4.0	0.7066865096598596	0.0006911698935639446
-0.7577253446956635	cosine	12.0	8.0	0.0	0.11835541632744277	0.2960997041901293
1.981994325679586	cosine	12.0	8.0	4.0	0.3619613829965134	0.05069410813155855
-0.014553328677810156	cosine	12.0	4.0	8.0	0.39643389566284803	0.03639255752172218
1.6630012141730939	cosine	12.0	12.0	8.0	0.2874345825095039	0.09665182047357773
0.3582665915433466	cosine	12.0	4.0	12.0	0.152171249563855	0.24550766712327832
-0.9589617583861019	cosine	12.0	8.0	12.0	0.32125041574591606	0.0729854504975157
-1.0053634324863558	cosine	12.0	0.0	4.0	0.3274888703301788	0.06915082967409426
-0.6172055773938798	cosine	12.0	8.0	4.0	0.12065379433217113	0.29251458065492797
-0.06852533940967245	cosine	12.0	8.0	0.0	0.152171249563855	0.24550766712327832
-1.2353303040925343	cosine	12.0	0.0	4.0	0.22407133233117496	0.15526767178736262
-0.12020852486440212	cosine	12.0	4.0	8.0	0.43090640832918264	0.025576674512344563
-1.2462180466191204	cosine	12.0	0.0	4.0	0.3274888703301788	0.06915082967409426
0.37467535463306545	cosine	12.0	4.0	0.0	0.43090640832918264	0.025576674512344563
1.4184913365893543	cosine	12.0	8.0	4.0	0.12065379433217113	0.29251458065492797
-1.0138932772705844	cosine	12.0	0.0	4.0	0.12065379433217113	0.29251458065492797
0.5524888042012475	cosine	12.0	4.0	8.0	0.18959881966484035	0.19542302050708665
0.9144733216484449	cosine	12.0	12.0	8.0	0.2874345825095039	0.09665182047357773
-0.5059848180427772	cosine	12.0	4.0	12.0	0.45651374869156497	0.01941025211611039
0.3591675439461173	cosine	12.0	4.0	8.0	0.15512630699850574	0.2413181331871364
1.1720694141312347	cosine	12.0	8.0	0.0	0.32125041574591606	0.0729854504975157
1.1298158661284832	cosine	12.0	0.0	4.0	0.22407133233117496	0.15526767178736262
1.6590418392666044	cosine	12.0	0.0	8.0	0.32125041574591606	0.0729854504975157
-1.3455204102967138	cosine	12.0	12.0	4.0	0.1859870828002672	0.19996727842991707
0.9886196637360756	cosine	12.0	4.0	12.0	0.2874345825095039	0.09665182047357773
1.7161264024736806	cosine	12.0	8.0	4.0	0.2585438449975096	0.12097741769556491
-1.6661467403887746	cosine	12.0	8.0	12.0	0.45651374869156497	0.01941025211611039
-0.762423767474717	cosine	12.0	8.0	4.0	0.12065379433217113	0.29251458065492797
-1.756391370105241	cosine	12.0	0.0	4.0	0.22407133233117496	0.15526767178736262
-0.15660576323123312	cosine	12.0	4.0	12.0	0.1859870828002672	0.19996727842991707
-0.8254953905056202	cosine	12.0	8.0	0.0	0.25361874927309164	0.1255204679350863
-0.4914663211016641	cosine	12.0	4.0	8.0	0.2930163576638442	0.0923983316073646
0.9687767025865809	cosine	12.0	4.0	8.0	0.2585438449975096	0.12097741769556491
0.2006618132659535	cosine	12.0	4.0	8.0	0.39643389566284803	0.03639255752172218
-2.618472832343646	cosine	12.0	12.0	8.0	0.08453958309103055	0.35100513154713553
-0.2761904539183155	cosine	12.0	8.0	0.0	0.1859870828002672	0.19996727842991707
-0.3257199261445765	cosine	12.0	8.0	4.0	0.5343239463281865	0.007797958989405334
-0.5375394953231745	cosine	12.0	4.0	8.0	0.3619613829965134	0.05069410813155855
-0.24894752440530277	cosine	12.0	4.0	0.0	0.2930163576638442	0.0923983316073646
0.6892349249013368	cosine	12.0	0.0	4.0	0.22407133233117496	0.15526767178736262
-1.7141434300745961	cosine	12.0	4.0	0.0	0.08618128166583652	0.3482541443364599
-0.26952310783599237	cosine	12.0	4.0	8.0	0.5687964589945211	0.005022850586273721
-0.5205301562627864	cosine	12.0	8.0	4.0	0.15512630699850574	0.2413181331871364
-0.5875573318073539	cosine	12.0	8.0	12.0	0.11835541632744277	0.2960997041901293
0.4679303228836321	cosine	12.0	4.0	8.0	0.2585438449975096	0.12097741769556491
0.6909389988829574	cosine	12.0	8.0	4.0	0.15512630699850574	0.2413181331871364
0.04561470577248994	cosine	12.0	4.0	8.0	0.18959881966484035	0.19542302050708665
-0.08693709702802985	cosine	12.0	0.0	4.0	0.2585438449975096	0.12097741769556491
1.6998763313620209	cosine	12.0	8.0	4.0	0.6032689716608557	0.0031641476005237878
-2.606930213670911	cosine	12.0	4.0	8.0	0.18959881966484035	0.19542302050708665
1.7328077296511502	cosine	12.0	12.0	8.0	0.1859870828002672	0.19996727842991707
0.9874518975921039	cosine	12.0	0.0	4.0	0.2930163576638442	0.0923983316073646
-0.22197231690056735	cosine	12.0	8.0	0.0	0.32125041574591606	0.0729854504975157
-0.4852713449335618	cosine	12.0	8.0	4.0	0.22407133233117496	0.15526767178736262
-0.3556685238435751	cosine	12.0	4.0	0.0	0.2930163576638442	0.0923983316073646
0.18245698277130282	cosine	12.0	4.0	0.0	0.43090640832918264	0.025576674512344563
0.991081824792594	cosine	12.0	4.0	12.0	0.25361874927309164	0.1255204679350863
0.061033749648060215	cosine	12.0	4.0	8.0	0.43090640832918264	0.025576674512344563
1.038774446292574	cosine	12.0	12.0	8.0	0.38888208221874054	0.03920408275739032
0.37722360164494	cosine	12.0	12.0	8.0	0.38888208221874054	0.03920408275739032
-0.0589664518048607	cosine	12.0	4.0	0.0	0.3274888703301788	0.06915082967409426
-0.278672145668893	cosine	12.0	0.0	4.0	0.46537892099551725	0.01759321537403951
-0.27944700224314495	cosine	12.0	4.0	8.0	0.43090640832918264	0.025576674512344563
-0.19733011529207226	cosine	12.0	0.0	8.0	0.2874345825095039	0.09665182047357773
0.530186087124917	cosine	12.0	0.0	4.0	0.3274888703301788	0.06915082967409426
-0.25785162187449895	cosine	12.0	4.0	8.0	0.5343239463281865	0.007797958989405334
1.6159269098083258	cosine	12.0	12.0	8.0	0.1859870828002672	0.19996727842991707
-0.9770214859614613	cosine	12.0	4.0	0.0	0.3619613829965134	0.05069410813155855
0.22596068807123135	cosine	12.0	8.0	4.0	0.15512630699850574	0.2413181331871364
0.49338598159119623	cosine	12.0	8.0	4.0	0.2930163576638442	0.0923983316073646
-1.6281803459502082	cosine	12.0	8.0	4.0	0.18959881966484035	0.19542302050708665
-1.3329614988419616	cosine	12.0	4.0	0.0	0.2585438449975096	0.12097741769556491
-1.0259574445809134	cosine	12.0	4.0	12.0	0.3550662489823283	0.054032165056400634
0.5636944186717717	cosine	12.0	12.0	4.0	0.45651374869156497	0.01941025211611039
-0.11828211696972278	cosine	12.0	0.0	8.0	0.25361874927309164	0.1255204679350863
0.9530266600015077	cosine	12.0	4.0	8.0	0.49985143366185186	0.011841856219536968
-0.4355686975189877	cosine	12.0	0.0	8.0	0.5579612484008016	0.0057813869036329145
-1.8699038027305837	cosine	12.0	8.0	12.0	0.3550662489823283	0.054032165056400634
0.06268568577846201	cosine	12.0	12.0	8.0	0.1859870828002672	0.19996727842991707
1.5081573709844076	cosine	12.0	0.0	4.0	0.46537892099551725	0.01759321537403951
0.4347067816444997	cosine	12.0	12.0	4.0	0.5917770816372139	0.00370031333790455
-0.7408340499020629	cosine	12.0	8.0	4.0	0.5687964589945211	0.005022850586273721
-2.4036287599180457	cosine	12.0	4.0	8.0	0.22407133233117496	0.15526767178736262
1.4656865198330802	cosine	12.0	4.0	8.0	0.08618128166583652	0.3482541443364599
-0.9394932567504974	cosine	12.0	0.0	8.0	0.49032958192797715	0.0132390167871721
0.026017788796651516	cosine	12.0	8.0	4.0	0.22407133233117496	0.15526767178736262
0.5443454184198094	cosine	12.0	8.0	4.0	0.2930163576638442	0.0923983316073646
1.298241849814444	cosine	12.0	12.0	4.0	0.42269791545515273	0.027871390595851784
0.5412794485120666	cosine	12.0	0.0	4.0	0.2585438449975096	0.12097741769556491
-2.504391782376226	cosine	12.0	12.0	4.0	0.2874345825095039	0.09665182047357773
-0.7903417963561532	cosine	12.0	8.0	0.0	0.38888208221874054	0.03920408275739032
-1.4017827308162616	cosine	12.0	8.0	4.0	0.46537892099551725	0.01759321537403951
0.05686347577485905	cosine	12.0	8.0	4.0	0.22407133233117496	0.15526767178736262
0.07739830771526525	cosine	12.0	12.0	4.0	0.25361874927309164	0.1255204679350863
1.1876456631478574	cosine	12.0	12.0	8.0	0.25361874927309164	0.1255204679350863
0.4269606288060176	cosine	12.0	0.0	8.0	0.49032958192797715	0.0132390167871721
-1.1581844118485873	cosine	12.0	4.0	8.0	0.15512630699850574	0.2413181331871364
0.5053376626843968	cosine	12.0	8.0	4.0	0.3274888703301788	0.06915082967409426
2.5011331792944715	cosine	12.0	4.0	8.0	0.2585438449975096	0.12097741769556491
1.3849478806677678	cosine	12.0	12.0	4.0	0.1859870828002672	0.19996727842991707
1.2832879912044677	cosine	12.0	4.0	0.0	0.49985143366185186	0.011841856219536968
0.8811560853555473	cosine	12.0	8.0	4.0	0.5687964589945211	0.005022850586273721
-0.6370060312479264	cosine	12.0	4.0	12.0	0.21980291603667942	0.15992129427517748
-0.2770192001380362	cosine	12.0	12.0	8.0	0.152171249563855	0.24550766712327832
0.4151330555524846	cosine	12.0	0.0	8.0	0.21980291603667942	0.15992129427517748
0.35350189221572065	cosine	12.0	8.0	4.0	0.2585438449975096	0.12097741769556491
-0.23669061939737418	cosine	12.0	4.0	0.0	0.15512630699850574	0.2413181331871364
-1.088368201302723	cosine	12.0	0.0	4.0	0.6032689716608557	0.0031641476005237878
-0.6753148918022401	cosine	12.0	4.0	12.0	0.25361874927309164	0.1255204679350863
0.315444017526852	cosine	12.0	4.0	12.0	0.38888208221874054	0.03920408275739032
0.5849163002220185	cosine	12.0	4.0	12.0	0.5579612484008016	0.0057813869036329145
-0.8012112490044057	cosine	12.0	8.0	12.0	0.25361874927309164	0.1255204679350863
-0.21611981342666745	cosine	12.0	8.0	4.0	0.43090640832918264	0.025576674512344563
-0.7599307651826438	cosine	12.0	8.0	12.0	0.2874345825095039	0.09665182047357773
-0.7722123493081811	cosine	12.0	8.0	0.0	0.49032958192797715	0.0132390167871721
0.3643733600348702	cosine	12.0	8.0	4.0	0.2930163576638442	0.0923983316073646
-0.3427193563539781	cosine	12.0	8.0	0.0	0.38888208221874054	0.03920408275739032
0.36999857663399355	cosine	12.0	12.0	4.0	0.25361874927309164	0.1255204679350863
0.46421997261252684	cosine	12.0	4.0	12.0	0.21980291603667942	0.15992129427517748
-1.3760450116871128	cosine	12.0	8.0	0.0	0.42269791545515273	0.027871390595851784
-0.38830595818977787	cosine	12.0	8.0	0.0	0.21980291603667942	0.15992129427517748
1.6049939017559662	cosine	12.0	12.0	8.0	0.152171249563855	0.24550766712327832
0.6941865412352295	cosine	12.0	8.0	4.0	0.2585438449975096	0.12097741769556491
-0.4816816657795131	cosine	12.0	8.0	4.0	0.2585438449975096	0.12097741769556491
1.2638256022470997	cosine	12.0	8.0	4.0	0.15512630699850574	0.2413181331871364
-1.0393529899308371	cosine	12.0	8.0	4.0	0.3619613829965134	0.05069410813155855
-1.2231443924099101	cosine	12.0	4.0	12.0	0.32125041574591606	0.0729854504975157
-0.37166102178707777	cosine	12.0	12.0	8.0	0.32125041574591606	0.0729854504975157
0.675222244778728	cosine	12.0	4.0	0.0	0.15512630699850574	0.2413181331871364
-0.14506124369349996	cosine	12.0	4.0	8.0	0.15512630699850574	0.2413181331871364
0.5616853792147901	cosine	12.0	8.0	4.0	0.051708768999501914	0.40748358899052883
-0.05932556190113213	cosine	12.0	8.0	4.0	0.2585438449975096	0.12097741769556491
-0.0727260488583366	cosine	12.0	0.0	4.0	0.2585438449975096	0.12097741769556491
-0.2537733696930073	cosine	12.0	12.0	8.0	0.1859870828002672	0.19996727842991707
2.3744122236904146	cosine	12.0	4.0	12.0	0.152171249563855	0.24550766712327832
-0.6166368525920017	cosine	12.0	4.0	8.0	0.2930163576638442	0.0923983316073646
-0.18358405235554245	cosine	12.0	12.0	8.0	0.45651374869156497	0.01941025211611039
3.718223823548943	cosine	12.0	0.0	4.0	0.22407133233117496	0.15526767178736262
-1.6433315148954502	cosine	12.0	4.0	0.0	0.12065379433217113	0.29251458065492797
0.7531803811633735	cosine	12.0	4.0	8.0	0.15512630699850574	0.2413181331871364
1.3386555950204704	cosine	12.0	8.0	12.0	0.42269791545515273	0.027871390595851784
-0.2620784454338412	cosine	12.0	12.0	4.0	0.32125041574591606	0.0729854504975157
-0.26057021584295104	cosine	12.0	12.0	8.0	0.42269791545515273	0.027871390595851784
0.19133178097564785	cosine	12.0	0.0	8.0	0.3550662489823283	0.054032165056400634
-1.3441646789457171	cosine	12.0	8.0	4.0	0.2585438449975096	0.12097741769556491
-0.9192740425352088	cosine	12.0	8.0	0.0	0.38888208221874054	0.03920408275739032
-1.145132170215146	cosine	12.0	4.0	8.0	0.15512630699850574	0.2413181331871364
-1.5383113775194028	cosine	12.0	8.0	4.0	0.43090640832918264	0.025576674512344563
0.31757090826900025	cosine	12.0	12.0	8.0	0.21980291603667942	0.15992129427517748
0.3122417593389188	cosine	12.0	4.0	0.0	0.43090640832918264	0.025576674512344563
1.1775141522177817	cosine	12.0	4.0	0.0	0.3274888703301788	0.06915082967409426
0.16396176970225873	cosine	12.0	8.0	12.0	0.25361874927309164	0.1255204679350863
-3.0384349800898214	cosine	12.0	4.0	8.0	0.22407133233117496	0.15526767178736262
-0.35341169340652956	cosine	12.0	8.0	0.0	0.32125041574591606	0.0729854504975157
0.5130516076240087	cosine	12.0	0.0	4.0	0.18959881966484035	0.19542302050708665
2.005446696992683	cosine	12.0	4.0	8.0	0.08618128166583652	0.3482541443364599
2.25653425576477	cosine	12.0	0.0	8.0	0.152171249563855	0.24550766712327832
0.5887206944292268	cosine	12.0	4.0	0.0	0.12065379433217113	0.29251458065492797
-3.4328785242695923	cosine	12.0	4.0	0.0	0.5343239463281865	0.007797958989405334
-1.0659853817468454	cosine	12.0	8.0	0.0	0.21980291603667942	0.15992129427517748
-0.15892073377933785	cosine	12.0	4.0	8.0	0.08618128166583652	0.3482541443364599
1.0928778931734837	cosine	12.0	8.0	0.0	0.25361874927309164	0.1255204679350863
0.27197803712919966	cosine	12.0	8.0	0.0	0.25361874927309164	0.1255204679350863
2.390487565678925	cosine	12.0	12.0	4.0	0.45651374869156497	0.01941025211611039
0.170867886855418	cosine	12.0	8.0	12.0	0.1859870828002672	0.19996727842991707
-1.4441907348947975	cosine	12.0	0.0	4.0	0.22407133233117496	0.15526767178736262
-0.6691954425136611	cosine	12.0	8.0	4.0	0.18959881966484035	0.19542302050708665
-0.8537760227251693	cosine	12.0	12.0	8.0	0.152171249563855	0.24550766712327832
-0.7790029707055979	cosine	12.0	0.0	8.0	0.42269791545515273	0.027871390595851784
-0.7485195412887344	cosine	12.0	8.0	4.0	0.3274888703301788	0.06915082967409426
0.38352150814199165	cosine	12.0	12.0	8.0	0.38888208221874054	0.03920408275739032
0.8610484394619901	cosine	12.0	4.0	0.0	0.6377414843271904	0.0019491085902795186
-1.5479715959440188	cosine	12.0	4.0	8.0	0.46537892099551725	0.01759321537403951
-1.9632454499468124	cosine	12.0	12.0	4.0	0.3550662489823283	0.054032165056400634
-0.41636081150442045	cosine	12.0	4.0	0.0	0.08618128166583652	0.3482541443364599
-0.7103397146712985	cosine	12.0	8.0	4.0	0.12065379433217113	0.29251458065492797
0.25397719250672685	cosine	12.0	8.0	0.0	0.38888208221874054	0.03920408275739032
-1.757740900458568	cosine	12.0	0.0	8.0	0.32125041574591606	0.0729854504975157
-0.4492674553816199	cosine	12.0	12.0	8.0	0.1859870828002672	0.19996727842991707
0.3285611904165552	cosine	12.0	4.0	8.0	0.15512630699850574	0.2413181331871364
-0.21658505072192843	cosine	12.0	4.0	12.0	0.25361874927309164	0.1255204679350863
0.5204655039637112	cosine	12.0	12.0	4.0	0.1859870828002672	0.19996727842991707
-0.7910358917510097	cosine	12.0	4.0	8.0	0.12065379433217113	0.29251458065492797
-1.142837158480788	cosine	12.0	8.0	4.0	0.2930163576638442	0.0923983316073646
1.877658418297481	cosine	12.0	4.0	12.0	0.25361874927309164	0.1255204679350863
0.6990859186597593	cosine	12.0	12.0	8.0	0.5579612484008016	0.0057813869036329145
-0.957816812997867	cosine	12.0	4.0	8.0	0.5343239463281865	0.007797958989405334
0.523348209798334	cosine	12.0	0.0	4.0	0.3619613829965134	0.05069410813155855
0.20316296187494132	cosine	12.0	4.0	0.0	0.18959881966484035	0.19542302050708665
0.5724723000366639	cosine	12.0	4.0	8.0	0.3619613829965134	0.05069410813155855
0.9503356551640667	cosine	12.0	8.0	12.0	0.2874345825095039	0.09665182047357773
-1.5320770990527202	cosine	12.0	12.0	8.0	0.152171249563855	0.24550766712327832
-1.6861742845582108	cosine	12.0	4.0	8.0	0.3274888703301788	0.06915082967409426
2.2776904281211543	cosine	12.0	8.0	12.0	0.1859870828002672	0.19996727842991707
-0.015308041300839063	cosine	12.0	8.0	12.0	0.1859870828002672	0.19996727842991707
-0.025780394370252202	cosine	12.0	12.0	8.0	0.3550662489823283	0.054032165056400634
-0.48539113953033725	cosine	12.0	4.0	0.0	0.18959881966484035	0.19542302050708665
-1.0910490375318673	cosine	12.0	8.0	12.0	0.21980291603667942	0.15992129427517748
-0.2475891803010358	cosine	12.0	8.0	12.0	0.21980291603667942	0.15992129427517748
0.4721357577318103	cosine	12.0	0.0	8.0	0.152171249563855	0.24550766712327832
-0.143923295068406	cosine	12.0	12.0	4.0	0.2874345825095039	0.09665182047357773
-0.10164210392099822	cosine	12.0	8.0	12.0	0.152171249563855	0.24550766712327832
-0.03412869674722279	cosine	12.0	4.0	0.0	0.39643389566284803	0.03639255752172218
0.8640122995983064	cosine	12.0	4.0	0.0	0.5343239463281865	0.007797958989405334
-0.05953805161084185	cosine	12.0	0.0	8.0	0.45651374869156497	0.01941025211611039
-1.2712201140565504	cosine	12.0	8.0	12.0	0.6932245813464505	0.000852303292498537
-1.4762268638160538	cosine	12.0	8.0	12.0	0.21980291603667942	0.15992129427517748
0.692892396914611	cosine	12.0	8.0	4.0	0.08618128166583652	0.3482541443364599
0.5502567490954299	cosine	12.0	8.0	4.0	0.3274888703301788	0.06915082967409426
0.06118803097633403	cosine	12.0	12.0	4.0	0.32125041574591606	0.0729854504975157
-0.08665285764707478	cosine	12.0	4.0	8.0	0.3274888703301788	0.06915082967409426
-1.6144907051854114	cosine	12.0	12.0	8.0	0.2874345825095039	0.09665182047357773
-0.6468524589662276	cosine	12.0	8.0	0.0	0.45651374869156497	0.01941025211611039
-2.0026645718520513	cosine	12.0	12.0	8.0	0.21980291603667942	0.15992129427517748
0.29657267410288324	cosine	12.0	4.0	8.0	0.15512630699850574	0.2413181331871364
-0.8025927313281399	cosine	12.0	12.0	8.0	0.152171249563855	0.24550766712327832
-1.1145033631784411	cosine	12.0	8.0	12.0	0.42269791545515273	0.027871390595851784
-0.43190467221473666	cosine	12.0	12.0	4.0	0.5917770816372139	0.00370031333790455
0.27056458680711226	cosine	12.0	12.0	8.0	0.2874345825095039	0.09665182047357773
-0.39060122577104206	cosine	12.0	0.0	8.0	0.6594087481100382	0.0014209342667878978
-1.816266426623679	cosine	12.0	4.0	8.0	0.22407133233117496	0.15526767178736262
0.7681391325396821	cosine	12.0	4.0	8.0	0.3619613829965134	0.05069410813155855
-0.4817075965302087	cosine	12.0	0.0	4.0	0.39643389566284803	0.03639255752172218
0.11858939216778762	cosine	12.0	0.0	8.0	0.2874345825095039	0.09665182047357773
-0.5775156986685249	cosine	12.0	0.0	8.0	0.2874345825095039	0.09665182047357773
-0.10963535697345167	cosine	12.0	8.0	4.0	0.3619613829965134	0.05069410813155855
-0.1227773774068801	cosine	12.0	8.0	0.0	0.1859870828002672	0.19996727842991707
-1.0283434797297006	cosine	12.0	8.0	4.0	0.18959881966484035	0.19542302050708665
0.1746897153718448	cosine	12.0	12.0	8.0	0.5917770816372139	0.00370031333790455
0.3423971821215876	cosine	12.0	4.0	8.0	0.15512630699850574	0.2413181331871364
-0.6654663375006632	cosine	12.0	0.0	4.0	0.2585438449975096	0.12097741769556491
-0.013113119266217225	cosine	12.0	0.0	4.0	0.3619613829965134	0.05069410813155855
0.19993896136404565	cosine	12.0	12.0	8.0	0.5579612484008016	0.0057813869036329145
-0.2287854463107886	cosine	12.0	8.0	4.0	0.39643389566284803	0.03639255752172218
-0.5340303915833644	cosine	12.0	8.0	12.0	0.42269791545515273	0.027871390595851784
0.16760737124130037	cosine	12.0	12.0	8.0	0.2874345825095039	0.09665182047357773
-1.3493841342404582	cosine	12.0	0.0	8.0	0.21980291603667942	0.15992129427517748
0.7413603785668934	cosine	12.0	12.0	4.0	0.5241454151643894	0.008841950715020199
-0.27317205616293677	cosine	12.0	4.0	8.0	0.22407133233117496	0.15526767178736262
-0.28584528642415885	cosine	12.0	0.0	4.0	0.22407133233117496	0.15526767178736262
-1.5321186186320035	cosine	12.0	12.0	8.0	0.42269791545515273	0.027871390595851784
1.5781782281690657	cosine	12.0	0.0	4.0	0.5343239463281865	0.007797958989405334
0.33516468768151375	cosine	12.0	8.0	12.0	0.49032958192797715	0.0132390167871721
0.14673514957346226	cosine	12.0	12.0	8.0	0.38888208221874054	0.03920408275739032
-0.6328037262746051	cosine	12.0	8.0	12.0	0.49032958192797715	0.0132390167871721
0.4120057494511829	cosine	12.0	8.0	4.0	0.3274888703301788	0.06915082967409426
-0.22727448659164137	cosine	12.0	4.0	0.0	0.3274888703301788	0.06915082967409426
-0.3911394800483323	cosine	12.0	8.0	12.0	0.21980291603667942	0.15992129427517748
0.8901036527307261	cosine	12.0	0.0	8.0	0.11835541632744277	0.2960997041901293
0.6497556366535528	cosine	12.0	8.0	12.0	0.21980291603667942	0.15992129427517748
1.199400924849685	cosine	12.0	4.0	0.0	0.2930163576638442	0.0923983316073646
0.06283626112484159	cosine	12.0	0.0	4.0	0.12065379433217113	0.29251458065492797
0.025952099865443355	cosine	12.0	12.0	8.0	0.050723749854618326	0.40921492606520676
-0.9815492460945825	cosine	12.0	12.0	4.0	0.38888208221874054	0.03920408275739032
-0.23283665396269104	cosine	12.0	0.0	8.0	0.38888208221874054	0.03920408275739032
2.0609129053698014	cosine	12.0	4.0	0.0	0.5687964589945211	0.005022850586273721
0.33822791681242165	cosine	12.0	12.0	4.0	0.152171249563855	0.24550766712327832
-1.0588272024801897	cosine	12.0	4.0	8.0	0.5343239463281865	0.007797958989405334
-0.49787732255353007	cosine	12.0	12.0	4.0	0.3550662489823283	0.054032165056400634
-1.1721230524121158	cosine	12.0	8.0	4.0	0.2585438449975096	0.12097741769556491
0.05592404273400917	cosine	12.0	4.0	8.0	0.18959881966484035	0.19542302050708665
-1.111343466843963	cosine	12.0	8.0	0.0	0.1859870828002672	0.19996727842991707
-1.3299208599683408	cosine	12.0	8.0	12.0	0.152171249563855	0.24550766712327832
-0.15966068059522048	cosine	12.0	4.0	0.0	0.12065379433217113	0.29251458065492797
1.3221614306741936	cosine	12.0	4.0	8.0	0.12065379433217113	0.29251458065492797
1.2908832454455004	cosine	12.0	12.0	8.0	0.32125041574591606	0.0729854504975157
0.18110598061423583	cosine	12.0	0.0	4.0	0.2930163576638442	0.0923983316073646
0.855706290687535	cosine	12.0	8.0	4.0	0.49985143366185186	0.011841856219536968
-0.10521653410510094	cosine	12.0	12.0	4.0	0.49032958192797715	0.0132390167871721
-0.7305941973395539	cosine	12.0	0.0	4.0	0.15512630699850574	0.2413181331871364
0.8796744417959437	cosine	12.0	8.0	4.0	0.6377414843271904	0.0019491085902795186
-1.1670587715303362	cosine	12.0	0.0	8.0	0.1859870828002672	0.19996727842991707
0.2897314082243197	cosine	12.0	12.0	8.0	0.5579612484008016	0.0057813869036329145
-0.6436382335908737	cosine	12.0	12.0	4.0	0.152171249563855	0.24550766712327832
0.03772388243964315	cosine	12.0	8.0	4.0	0.18959881966484035	0.19542302050708665
-0.7933694341318366	cosine	12.0	4.0	8.0	0.22407133233117496	0.15526767178736262
-0.797906638379691	cosine	12.0	4.0	0.0	0.39643389566284803	0.03639255752172218
0.5013712851678883	cosine	12.0	4.0	0.0	0.43090640832918264	0.025576674512344563
0.040540908472477856	cosine	12.0	8.0	0.0	0.3550662489823283	0.054032165056400634
-1.029262597234772	cosine	12.0	12.0	4.0	0.08453958309103055	0.35100513154713553
1.7064066440098882	cosine	12.0	4.0	12.0	0.6594087481100382	0.0014209342667878978
-0.5149663795602588	cosine	12.0	4.0	12.0	0.6932245813464505	0.000852303292498537
-0.4811586187277489	cosine	12.0	4.0	12.0	0.42269791545515273	0.027871390595851784
1.6137583895453242	cosine	12.0	0.0	4.0	0.2930163576638442	0.0923983316073646
-0.07435582083632175	cosine	12.0	4.0	8.0	0.051708768999501914	0.40748358899052883
-0.0872882659371726	cosine	12.0	0.0	4.0	0.3274888703301788	0.06915082967409426
0.4132127488981944	cosine	12.0	4.0	8.0	0.39643389566284803	0.03639255752172218
-0.23284739820843947	cosine	12.0	0.0	8.0	0.1859870828002672	0.19996727842991707
-1.7097968890897695	cosine	12.0	12.0	8.0	0.5579612484008016	0.0057813869036329145
1.167779681947415	cosine	12.0	8.0	4.0	0.051708768999501914	0.40748358899052883
-1.26884486163987	cosine	12.0	4.0	0.0	0.2585438449975096	0.12097741769556491
-0.5354550853241674	cosine	12.0	8.0	4.0	0.39643389566284803	0.03639255752172218
1.5423917533922054	cosine	12.0	4.0	12.0	0.1859870828002672	0.19996727842991707
-0.7119903497042159	cosine	12.0	4.0	0.0	0.2585438449975096	0.12097741769556491
2.1571396732230186	cosine	12.0	4.0	0.0	0.3274888703301788	0.06915082967409426
1.7440044534989403	cosine	12.0	4.0	8.0	0.3274888703301788	0.06915082967409426
-1.150245658866344	cosine	12.0	4.0	8.0	0.18959881966484035	0.19542302050708665
-2.038282585574617	cosine	12.0	12.0	8.0	0.21980291603667942	0.15992129427517748
-0.9606446713905316	cosine	12.0	0.0	8.0	0.11835541632744277	0.2960997041901293
-0.9194801722647467	cosine	12.0	4.0	8.0	0.22407133233117496	0.15526767178736262
0.14378056098459596	cosine	12.0	0.0	4.0	0.2930163576638442	0.0923983316073646
0.35349856628356513	cosine	12.0	0.0	8.0	0.2874345825095039	0.09665182047357773
0.41501719964585576	cosine	12.0	4.0	8.0	0.39643389566284803	0.03639255752172218
0.46838442436711486	cosine	12.0	4.0	8.0	0.46537892099551725	0.01759321537403951
0.6305109604910138	cosine	12.0	4.0	8.0	0.3274888703301788	0.06915082967409426
-0.03117125169716501	cosine	12.0	8.0	12.0	0.32125041574591606	0.0729854504975157
1.1695925334855557	cosine	12.0	8.0	12.0	0.25361874927309164	0.1255204679350863
-0.40439106258892166	cosine	12.0	4.0	0.0	0.18959881966484035	0.19542302050708665
0.6417475619129686	cosine	12.0	4.0	12.0	0.1859870828002672	0.19996727842991707
-0.8858601131751939	cosine	12.0	0.0	4.0	0.12065379433217113	0.29251458065492797
1.433567065582528	cosine	12.0	4.0	0.0	0.18959881966484035	0.19542302050708665
2.4483836735124354	cosine	12.0	4.0	8.0	0.39643389566284803	0.03639255752172218
-0.11636197873255646	cosine	12.0	8.0	4.0	0.15512630699850574	0.2413181331871364
-0.9835544143571346	cosine	12.0	4.0	0.0	0.18959881966484035	0.19542302050708665
0.09357492017659705	cosine	12.0	4.0	8.0	0.3619613829965134	0.05069410813155855
-0.4430421066425911	cosine	12.0	12.0	4.0	0.1859870828002672	0.19996727842991707
-1.5335432501234112	cosine	12.0	12.0	8.0	0.2874345825095039	0.09665182047357773
-0.42531612493246906	cosine	12.0	12.0	4.0	0.11835541632744277	0.2960997041901293
0.19798752879909745	cosine	12.0	8.0	0.0	0.152171249563855	0.24550766712327832
0.7113467336851754	cosine	12.0	8.0	4.0	0.3619613829965134	0.05069410813155855
-0.4575089841816971	cosine	12.0	4.0	0.0	0.5343239463281865	0.007797958989405334
-0.29970228113285563	cosine	12.0	8.0	4.0	0.6377414843271904	0.0019491085902795186
0.09454861230900857	cosine	12.0	8.0	4.0	0.5687964589945211	0.005022850586273721
0.3691776388981283	cosine	12.0	4.0	12.0	0.5241454151643894	0.008841950715020199
0.7912814337532791	cosine	12.0	8.0	12.0	0.08453958309103055	0.35100513154713553
0.5762369351112587	cosine	12.0	8.0	12.0	0.49032958192797715	0.0132390167871721
1.1440512486561212	cosine	12.0	8.0	4.0	0.15512630699850574	0.2413181331871364
0.7314711181473812	cosine	12.0	8.0	12.0	0.1859870828002672	0.19996727842991707
1.8516713625980197	cosine	12.0	8.0	12.0	0.2874345825095039	0.09665182047357773
0.41415396615669053	cosine	12.0	0.0	4.0	0.22407133233117496	0.15526767178736262
0.28270825561091395	cosine	12.0	4.0	0.0	0.12065379433217113	0.29251458065492797
1.15865969739063	cosine	12.0	4.0	0.0	0.39643389566284803	0.03639255752172218
1.0785301255716566	cosine	12.0	4.0	8.0	0.2585438449975096	0.12097741769556491
-0.8995181440827205	cosine	12.0	8.0	12.0	0.25361874927309164	0.1255204679350863
-0.005189917375274941	cosine	12.0	12.0	4.0	0.21980291603667942	0.15992129427517748
-0.6080264067918854	cosine	12.0	4.0	0.0	0.2930163576638442	0.0923983316073646
-0.04700185584176783	cosine	12.0	4.0	12.0	0.5579612484008016	0.0057813869036329145
1.5686925239300311	cosine	12.0	12.0	4.0	0.2874345825095039	0.09665182047357773
1.0779699913497596	cosine	12.0	4.0	0.0	0.5343239463281865	0.007797958989405334
2.1436580694021576	cosine	12.0	8.0	12.0	0.21980291603667942	0.15992129427517748
1.8217573650675585	cosine	12.0	12.0	4.0	0.152171249563855	0.24550766712327832
1.0035348222865268	cosine	12.0	4.0	12.0	0.2874345825095039	0.09665182047357773
0.7913164743463375	cosine	12.0	12.0	4.0	0.3550662489823283	0.054032165056400634
-1.6758359747355558	cosine	12.0	8.0	4.0	0.6377414843271904	0.0019491085902795186
