ID	Waveform	Period	Phase	Nadir	Tau	P
0.44433915083744335	cosine	12.0	0.0	8.0	0.45651374869156497	0.01941025211611039
-0.14607746703411809	cosine	12.0	8.0	4.0	0.3274888703301788	0.06915082967409426
-0.41518265724849296	cosine	12.0	12.0	8.0	0.21980291603667942	0.15992129427517748
-0.4692766472176311	cosine	12.0	4.0	8.0	0.3619613829965134	0.05069410813155855
-0.06002357643962943	cosine	12.0	8.0	0.0	0.1859870828002672	0.19996727842991707
1.123798880092741	cosine	12.0	4.0	0.0	0.43090640832918264	0.025576674512344563
-0.44675312405004136	cosine	12.0	4.0	0.0	0.3619613829965134	0.05069410813155855
0.10234585146491731	cosine	12.0	4.0	8.0	0.3619613829965134	0.05069410813155855
-0.21215678776787308	cosine	12.0	4.0	8.0	0.2585438449975096	0.12097741769556491
-0.6565989025276999	cosine	12.0	8.0	4.0	0.22407133233117496	0.15526767178736262
2.0932776785206504	cosine	12.0	0.0	4.0	0.2930163576638442	0.0923983316073646
0.5130237230914129	cosine	12.0	4.0	0.0	0.5343239463281865	0.007797958989405334
-0.7670735974815491	cosine	12.0	8.0	4.0	0.46537892099551725	0.01759321537403951
-0.7925386663310501	cosine	12.0	4.0	8.0	0.18959881966484035	0.19542302050708665
0.4284692010570317	cosine	12.0	8.0	4.0	0.18959881966484035	0.19542302050708665
-1.391582160265677	cosine	12.0	0.0	4.0	0.2930163576638442	0.0923983316073646
-0.9081591897642145	cosine	12.0	8.0	12.0	0.152171249563855	0.24550766712327832
-1.062478675233552	cosine	12.0	8.0	4.0	0.3619613829965134	0.05069410813155855
1.4713821455684297	cosine	12.0	4.0	8.0	0.46537892099551725	0.01759321537403951
-0.2746141370871035	cosine	12.0	8.0	4.0	0.39643389566284803	0.03639255752172218
-1.0292867912462664	cosine	12.0	8.0	12.0	0.21980291603667942	0.15992129427517748
-0.7229815504129111	cosine	12.0	8.0	4.0	0.15512630699850574	0.2413181331871364
-1.132695403723108	cosine	12.0	8.0	4.0	0.46537892099551725	0.01759321537403951
-0.8202107829190487	cosine	12.0	0.0	4.0	0.39643389566284803	0.03639255752172218
-0.43533212131845933	cosine	12.0	8.0	4.0	0.22407133233117496	0.15526767178736262
2.3479555395928133	cosine	12.0	0.0	4.0	0.6722139969935249	0.0011738963775857003
-0.7042226272228803	cosine	12.0	8.0	12.0	0.152171249563855	0.24550766712327832
-2.9879514579055986	cosine	12.0	8.0	0.0	0.32125041574591606	0.0729854504975157
-1.7591559674735013	cosine	12.0	12.0	4.0	0.38888208221874054	0.03920408275739032
-0.3713456746333442	cosine	12.0	4.0	12.0	0.42269791545515273	0.027871390595851784
1.068388362091742	cosine	12.0	8.0	12.0	0.25361874927309164	0.1255204679350863
0.7816018824838344	cosine	12.0	4.0	12.0	0.21980291603667942	0.15992129427517748
0.13837835260413028	cosine	12.0	8.0	4.0	0.46537892099551725	0.01759321537403951
-1.6324093356202154	cosine	12.0	4.0	0.0	0.2585438449975096	0.12097741769556491
-0.15080784350427132	cosine	12.0	0.0	4.0	0.18959881966484035	0.19542302050708665
0.1872194532713837	cosine	12.0	8.0	4.0	0.39643389566284803	0.03639255752172218
-0.39920579286584884	cosine	12.0	0.0	4.0	0.5343239463281865	0.007797958989405334
0.18505436233918204	cosine	12.0	4.0	8.0	0.08618128166583652	0.3482541443364599
1.938339570346173	cosine	12.0	12.0	8.0	0.2874345825095039	0.09665182047357773
0.6753596993459705	cosine	12.0	4.0	0.0	0.2585438449975096	0.12097741769556491
1.3620911738549761	cosine	12.0	0.0	8.0	0.11835541632744277	0.2960997041901293
0.7723730377493591	cosine	12.0	4.0	8.0	0.2930163576638442	0.0923983316073646
1.2967048703765158	cosine	12.0	8.0	4.0	0.6032689716608557	0.0031641476005237878
0.1372753664266553	cosine	12.0	4.0	12.0	0.2874345825095039	0.09665182047357773
0.5161369310974767	cosine	12.0	12.0	8.0	0.21980291603667942	0.15992129427517748
0.044987917177439586	cosine	12.0	4.0	12.0	0.152171249563855	0.24550766712327832
0.3861971676693604	cosine	12.0	8.0	4.0	0.2585438449975096	0.12097741769556491
-1.9857408852498049	cosine	12.0	4.0	8.0	0.2930163576638442	0.0923983316073646
2.643225483794308	cosine	12.0	12.0	8.0	0.1859870828002672	0.19996727842991707
-0.018731296788649418	cosine	12.0	0.0	8.0	0.32125041574591606	0.0729854504975157
0.7685813543576092	cosine	12.0	4.0	8.0	0.15512630699850574	0.2413181331871364
-0.3656545029868368	cosine	12.0	4.0	8.0	0.12065379433217113	0.29251458065492797
-1.2695131062012632	cosine	12.0	0.0	4.0	0.08618128166583652	0.3482541443364599
0.09101265286760502	cosine	12.0	0.0	4.0	0.43090640832918264	0.025576674512344563
0.32533298767454316	cosine	12.0	8.0	4.0	0.6722139969935249	0.0011738963775857003
-1.2687964518462025	cosine	12.0	8.0	4.0	0.39643389566284803	0.03639255752172218
-0.24666443276914402	cosine	12.0	12.0	4.0	0.11835541632744277	0.2960997041901293
1.3471125008495672	cosine	12.0	12.0	4.0	0.25361874927309164	0.1255204679350863
0.7759261963099138	cosine	12.0	4.0	0.0	0.3274888703301788	0.06915082967409426
-1.600642954525036	cosine	12.0	12.0	8.0	0.2874345825095039	0.09665182047357773
-0.2035009508455005	cosine	12.0	0.0	8.0	0.5241454151643894	0.008841950715020199
-1.740015908178536	cosine	12.0	8.0	12.0	0.152171249563855	0.24550766712327832
1.9475768772421629	cosine	12.0	8.0	4.0	0.12065379433217113	0.29251458065492797
-0.03588282816923359	cosine	12.0	4.0	8.0	0.18959881966484035	0.19542302050708665
-0.9060863754302615	cosine	12.0	8.0	0.0	0.21980291603667942	0.15992129427517748
1.1655124376750312	cosine	12.0	8.0	0.0	0.49032958192797715	0.0132390167871721
-0.4759217960089746	cosine	12.0	8.0	0.0	0.1859870828002672	0.19996727842991707
-0.9801611385569671	cosine	12.0	12.0	8.0	0.32125041574591606	0.0729854504975157
0.4411529852337757	cosine	12.0	4.0	0.0	0.12065379433217113	0.29251458065492797
0.7317368058788046	cosine	12.0	8.0	4.0	0.2930163576638442	0.0923983316073646
-1.5371887411365062	cosine	12.0	8.0	4.0	0.3274888703301788	0.06915082967409426
0.27672921528815764	cosine	12.0	0.0	4.0	0.18959881966484035	0.19542302050708665
-0.09388002338083636	cosine	12.0	8.0	12.0	0.152171249563855	0.24550766712327832
1.1845623764796576	cosine	12.0	4.0	8.0	0.12065379433217113	0.29251458065492797
1.0444059742096525	cosine	12.0	4.0	12.0	0.2874345825095039	0.09665182047357773
-0.7441697951183817	cosine	12.0	0.0	8.0	0.08453958309103055	0.35100513154713553
-0.03207200922740071	cosine	12.0	8.0	4.0	0.2930163576638442	0.0923983316073646
0.16597293071809355	cosine	12.0	4.0	8.0	0.3274888703301788	0.06915082967409426
0.7598959524238534	cosine	12.0	8.0	12.0	0.11835541632744277	0.2960997041901293
0.162200835485893	cosine	12.0	4.0	12.0	0.5579612484008016	0.0057813869036329145
0.434598845064384	cosine	12.0	4.0	8.0	0.18959881966484035	0.19542302050708665
-0.4534870736550684	cosine	12.0	4.0	8.0	0.22407133233117496	0.15526767178736262
0.049542206369792154	cosine	12.0	8.0	0.0	0.21980291603667942	0.15992129427517748
-0.007312629395132168	cosine	12.0	4.0	0.0	0.18959881966484035	0.19542302050708665
1.1818183448074153	cosine	12.0	4.0	0.0	0.051708768999501914	0.40748358899052883
0.2644697003650499	cosine	12.0	8.0	0.0	0.1859870828002672	0.19996727842991707
-0.7080302765957108	cosine	12.0	4.0	8.0	0.39643389566284803	0.03639255752172218
-0.534691477697984	cosine	12.0	0.0	8.0	0.2874345825095039	0.09665182047357773
-0.9415313908745374	cosine	12.0	4.0	8.0	0.2585438449975096	0.12097741769556491
1.4015744063446474	cosine	12.0	12.0	4.0	0.1859870828002672	0.19996727842991707
-1.6869978105675518	cosine	12.0	12.0	4.0	0.5241454151643894	0.008841950715020199
0.2648721475991688	cosine	12.0	12.0	8.0	0.25361874927309164	0.1255204679350863
-0.9487565579987671	cosine	12.0	12.0	4.0	0.11835541632744277	0.2960997041901293
0.4358197871570392	cosine	12.0	4.0	8.0	0.18959881966484035	0.19542302050708665
-0.47200019391496995	cosine	12.0	4.0	8.0	0.12065379433217113	0.29251458065492797
-0.1095777403053354	cosine	12.0	4.0	8.0	0.3274888703301788	0.06915082967409426
0.9726892846334638	cosine	12.0	8.0	12.0	0.42269791545515273	0.027871390595851784
-0.6710530302538763	cosine	12.0	4.0	0.0	0.2585438449975096	0.12097741769556491
-0.15067873507004967	cosine	12.0	8.0	12.0	0.32125041574591606	0.0729854504975157
0.8884154045536017	cosine	12.0	0.0	4.0	0.08618128166583652	0.3482541443364599
-2.8122737824632495	cosine	12.0	8.0	0.0	0.38888208221874054	0.03920408275739032
-0.5788749279265748	cosine	12.0	12.0	8.0	0.2874345825095039	0.09665182047357773
-0.4670592980616793	cosine	12.0	4.0	8.0	0.5343239463281865	0.007797958989405334
-1.175532189023818	cosine	12.0	4.0	0.0	0.3619613829965134	0.05069410813155855
-0.5993034510732523	cosine	12.0	8.0	12.0	0.152171249563855	0.24550766712327832
1.583729176402123	cosine	12.0	4.0	8.0	0.15512630699850574	0.2413181331871364
-1.5438373854270087	cosine	12.0	4.0	8.0	0.2585438449975096	0.12097741769556491
0.9780450187339018	cosine	12.0	0.0	4.0	0.2930163576638442	0.0923983316073646
0.6304868949226012	cosine	12.0	4.0	12.0	0.49032958192797715	0.0132390167871721
-0.9793224585295337	cosine	12.0	8.0	4.0	0.22407133233117496	0.15526767178736262
-0.8591654739647213	cosine	12.0	4.0	0.0	0.2585438449975096	0.12097741769556491
0.629217670651368	cosine	12.0	0.0	4.0	0.2930163576638442	0.0923983316073646
-0.9186666504975224	cosine	12.0	4.0	0.0	0.3274888703301788	0.06915082967409426
1.3554691174217726	cosine	12.0	12.0	8.0	0.38888208221874054	0.03920408275739032
0.1819042627511176	cosine	12.0	0.0	8.0	0.45651374869156497	0.01941025211611039
0.7847210672064846	cosine	12.0	8.0	4.0	0.2930163576638442	0.0923983316073646
-0.6420475039650266	cosine	12.0	4.0	8.0	0.08618128166583652	0.3482541443364599
-0.8082137710964897	cosine	12.0	4.0	0.0	0.22407133233117496	0.15526767178736262
-0.3495967059166595	cosine	12.0	4.0	8.0	0.017236256333167305	0.46891098662411435
0.7858522493365806	cosine	12.0	4.0	0.0	0.3619613829965134	0.05069410813155855
1.2915546753477187	cosine	12.0	8.0	12.0	0.42269791545515273	0.027871390595851784
0.5801988650451195	cosine	12.0	0.0	8.0	0.32125041574591606	0.0729854504975157
-0.7411060040573956	cosine	12.0	0.0	8.0	0.3550662489823283	0.054032165056400634
-0.1707687877036199	cosine	12.0	4.0	0.0	0.22407133233117496	0.15526767178736262
-0.5168183110207721	cosine	12.0	8.0	0.0	0.1859870828002672	0.19996727842991707
0.4453067458187109	cosine	12.0	0.0	4.0	0.12065379433217113	0.29251458065492797
0.30796972479633966	cosine	12.0	4.0	12.0	0.42269791545515273	0.027871390595851784
0.6824909887790029	cosine	12.0	4.0	8.0	0.12065379433217113	0.29251458065492797
-0.8809506167368577	cosine	12.0	0.0	8.0	0.21980291603667942	0.15992129427517748
-0.5706205995181169	cosine	12.0	8.0	0.0	0.1859870828002672	0.19996727842991707
-0.9820997799250969	cosine	12.0	8.0	12.0	0.45651374869156497	0.01941025211611039
1.9799360836118003	cosine	12.0	4.0	0.0	0.39643389566284803	0.03639255752172218
-0.9997852958750205	cosine	12.0	0.0	4.0	0.18959881966484035	0.19542302050708665
-1.1979844462021842	cosine	12.0	8.0	12.0	0.21980291603667942	0.15992129427517748
-0.5018390287340176	cosine	12.0	4.0	8.0	0.3274888703301788	0.06915082967409426
-0.8294545144102344	cosine	12.0	12.0	4.0	0.11835541632744277	0.2960997041901293
1.261039017677547	cosine	12.0	8.0	4.0	0.2585438449975096	0.12097741769556491
1.6835261730712494	cosine	12.0	4.0	0.0	0.3619613829965134	0.05069410813155855
0.5257887443953627	cosine	12.0	12.0	8.0	0.38888208221874054	0.03920408275739032
-0.33153470039144317	cosine	12.0	0.0	8.0	0.32125041574591606	0.0729854504975157
0.7387109665364012	cosine	12.0	0.0	4.0	0.08618128166583652	0.3482541443364599
0.023231778290825487	cosine	12.0	4.0	0.0	0.2585438449975096	0.12097741769556491
-1.0889871895171712	cosine	12.0	8.0	0.0	0.1859870828002672	0.19996727842991707
-1.2309677792642386	cosine	12.0	8.0	0.0	0.25361874927309164	0.1255204679350863
-0.563764186848618	cosine	12.0	4.0	8.0	0.2585438449975096	0.12097741769556491
0.01211176727059937	cosine	12.0	4.0	0.0	0.18959881966484035	0.19542302050708665
0.2245924542499569	cosine	12.0	8.0	4.0	0.22407133233117496	0.15526767178736262
1.2946896755308344	cosine	12.0	4.0	0.0	0.49985143366185186	0.011841856219536968
0.8114627480409693	cosine	12.0	8.0	4.0	0.08618128166583652	0.3482541443364599
-0.7795475797052618	cosine	12.0	0.0	4.0	0.3619613829965134	0.05069410813155855
1.6171013781825663	cosine	12.0	4.0	8.0	0.3619613829965134	0.05069410813155855
-0.22822358989213015	cosine	12.0	4.0	12.0	0.49032958192797715	0.0132390167871721
-2.5349553947020227	cosine	12.0	12.0	8.0	0.2874345825095039	0.09665182047357773
-1.211281710034434	cosine	12.0	4.0	0.0	0.2930163576638442	0.0923983316073646
-0.48934850933264545	cosine	12.0	0.0	4.0	0.3274888703301788	0.06915082967409426
-0.7239841023485297	cosine	12.0	4.0	8.0	0.2585438449975096	0.12097741769556491
0.9788374445775172	cosine	12.0	0.0	4.0	0.08618128166583652	0.3482541443364599
1.2394422197921353	cosine	12.0	8.0	4.0	0.2585438449975096	0.12097741769556491
-1.5785419484224954	cosine	12.0	8.0	12.0	0.1859870828002672	0.19996727842991707
2.2229854263927114	cosine	12.0	0.0	4.0	0.49985143366185186	0.011841856219536968
0.14308513006541806	cosine	12.0	8.0	4.0	0.6032689716608557	0.0031641476005237878
-0.23772567457342372	cosine	12.0	4.0	12.0	0.152171249563855	0.24550766712327832
-0.3602789144991146	cosine	12.0	4.0	8.0	0.3274888703301788	0.06915082967409426
1.5681479587402702	cosine	12.0	12.0	8.0	0.3550662489823283	0.054032165056400634
1.2090931835966792	cosine	12.0	0.0	8.0	0.050723749854618326	0.40921492606520676
-1.8917812579322268	cosine	12.0	0.0	4.0	0.39643389566284803	0.03639255752172218
1.4670183078916563	cosine	12.0	8.0	4.0	0.49985143366185186	0.011841856219536968
0.7411972877628328	cosine	12.0	12.0	8.0	0.5241454151643894	0.008841950715020199
-0.48000385024224373	cosine	12.0	4.0	8.0	0.46537892099551725	0.01759321537403951
-0.17846361698945268	cosine	12.0	8.0	4.0	0.22407133233117496	0.15526767178736262
-0.8346641976264751	cosine	12.0	4.0	0.0	0.43090640832918264	0.025576674512344563
0.7204637732561098	cosine	12.0	12.0	8.0	0.1859870828002672	0.19996727842991707
0.09363270851451148	cosine	12.0	4.0	8.0	0.18959881966484035	0.19542302050708665
1.0428928201253158	cosine	12.0	4.0	0.0	0.2585438449975096	0.12097741769556491
0.1378293012811091	cosine	12.0	8.0	4.0	0.43090640832918264	0.025576674512344563
-1.6897447019807288	cosine	12.0	8.0	0.0	0.11835541632744277	0.2960997041901293
-0.024979880548167972	cosine	12.0	8.0	12.0	0.1859870828002672	0.19996727842991707
2.10487141050209	cosine	12.0	4.0	8.0	0.2930163576638442	0.0923983316073646
1.7894488742953945	cosine	12.0	4.0	12.0	0.7270404145828627	0.0005001704713747856
1.4175023346558255	cosine	12.0	4.0	0.0	0.2930163576638442	0.0923983316073646
-0.7329653697560492	cosine	12.0	8.0	12.0	0.32125041574591606	0.0729854504975157
-0.39000166502824735	cosine	12.0	12.0	8.0	0.25361874927309164	0.1255204679350863
-1.0680267385303435	cosine	12.0	8.0	4.0	0.3619613829965134	0.05069410813155855
-0.0658064292402964	cosine	12.0	12.0	4.0	0.1859870828002672	0.19996727842991707
0.06510783264793395	cosine	12.0	4.0	0.0	0.2930163576638442	0.0923983316073646
-1.1928098199593438	cosine	12.0	8.0	12.0	0.21980291603667942	0.15992129427517748
0.691208334489385	cosine	12.0	4.0	0.0	0.15512630699850574	0.2413181331871364
0.02291401458202258	cosine	12.0	8.0	4.0	0.22407133233117496	0.15526767178736262
-0.6370273559115716	cosine	12.0	8.0	0.0	0.45651374869156497	0.01941025211611039
0.2028300254399187	cosine	12.0	4.0	8.0	0.22407133233117496	0.15526767178736262
0.18181701516808774	cosine	12.0	8.0	0.0	0.25361874927309164	0.1255204679350863
-0.0005050802488908859	cosine	12.0	4.0	8.0	0.39643389566284803	0.03639255752172218
1.2974165650340006	cosine	12.0	8.0	4.0	0.3619613829965134	0.05069410813155855
1.7251495853074619	cosine	12.0	0.0	8.0	0.45651374869156497	0.01941025211611039
-1.1519798077797687	cosine	12.0	4.0	12.0	0.32125041574591606	0.0729854504975157
1.2830681109403084	cosine	12.0	4.0	8.0	0.18959881966484035	0.19542302050708665
-0.4006422511997218	cosine	12.0	12.0	8.0	0.5917770816372139	0.00370031333790455
-1.6741469360798418	cosine	12.0	8.0	4.0	0.43090640832918264	0.025576674512344563
0.8128163397304021	cosine	12.0	4.0	8.0	0.5343239463281865	0.007797958989405334
0.006849745876275085	cosine	12.0	0.0	4.0	0.46537892099551725	0.01759321537403951
-1.1153552969592961	cosine	12.0	4.0	8.0	0.22407133233117496	0.15526767178736262
-0.312658591648829	cosine	12.0	8.0	0.0	0.1859870828002672	0.19996727842991707
0.7006552436860659	cosine	12.0	4.0	0.0	0.3619613829965134	0.05069410813155855
-0.7869942593695505	cosine	12.0	8.0	4.0	0.6722139969935249	0.0011738963775857003
-1.1726175544747193	cosine	12.0	8.0	12.0	0.21980291603667942	0.15992129427517748
1.930651679565804	cosine	12.0	8.0	4.0	0.2930163576638442	0.0923983316073646
0.6659901169154792	cosine	12.0	4.0	12.0	0.21980291603667942	0.15992129427517748
-0.03838043565603281	cosine	12.0	8.0	4.0	0.46537892099551725	0.01759321537403951
1.1744028534679392	cosine	12.0	4.0	8.0	0.3274888703301788	0.06915082967409426
-1.2025009530828399	cosine	12.0	8.0	4.0	0.22407133233117496	0.15526767178736262
0.9323540308942464	cosine	12.0	4.0	0.0	0.2585438449975096	0.12097741769556491
-0.5095948707694684	cosine	12.0	8.0	12.0	0.2874345825095039	0.09665182047357773
-0.9983035448325834	cosine	12.0	4.0	8.0	0.2930163576638442	0.0923983316073646
0.7164444208834901	cosine	12.0	4.0	12.0	0.38888208221874054	0.03920408275739032
-0.18355874061564068	cosine	12.0	0.0	4.0	0.12065379433217113	0.29251458065492797
0.4208623405402527	cosine	12.0	4.0	8.0	0.6032689716608557	0.0031641476005237878
-2.0655522147535166	cosine	12.0	8.0	12.0	0.2874345825095039	0.09665182047357773
-0.9593441739757698	cosine	12.0	4.0	8.0	0.2930163576638442	0.0923983316073646
-0.836672685890805	cosine	12.0	12.0	8.0	0.2874345825095039	0.09665182047357773
0.12682139490644048	cosine	12.0	12.0	8.0	0.5579612484008016	0.0057813869036329145
0.5386678951002529	cosine	12.0	0.0	8.0	0.08453958309103055	0.35100513154713553
0.029445845619836312	cosine	12.0	8.0	12.0	0.3550662489823283	0.054032165056400634
1.4414373382007535	cosine	12.0	4.0	8.0	0.2585438449975096	0.12097741769556491
-0.1514826152440405	cosine	12.0	8.0	4.0	0.22407133233117496	0.15526767178736262
-0.16354704212175247	cosine	12.0	12.0	8.0	0.2874345825095039	0.09665182047357773
1.799960637948446	cosine	12.0	12.0	8.0	0.5241454151643894	0.008841950715020199
0.2326541485517448	cosine	12.0	0.0	4.0	0.15512630699850574	0.2413181331871364
0.5798197416031343	cosine	12.0	12.0	8.0	0.49032958192797715	0.0132390167871721
1.3718902702054718	cosine	12.0	4.0	0.0	0.3274888703301788	0.06915082967409426
0.3054429843107746	cosine	12.0	4.0	12.0	0.21980291603667942	0.15992129427517748
-0.051340200699211885	cosine	12.0	4.0	12.0	0.32125041574591606	0.0729854504975157
-0.8203205899779322	cosine	12.0	4.0	8.0	0.3619613829965134	0.05069410813155855
0.35112581176502733	cosine	12.0	8.0	4.0	0.43090640832918264	0.025576674512344563
-0.14725626813532222	cosine	12.0	0.0	4.0	0.3274888703301788	0.06915082967409426
-0.8681301660960196	cosine	12.0	8.0	12.0	0.38888208221874054	0.03920408275739032
0.9891275559055134	cosine	12.0	0.0	4.0	0.2585438449975096	0.12097741769556491
-1.0316769880288081	cosine	12.0	4.0	8.0	0.12065379433217113	0.29251458065492797
-0.9601269371248446	cosine	12.0	4.0	12.0	0.42269791545515273	0.027871390595851784
-0.622840857180164	cosine	12.0	4.0	12.0	0.25361874927309164	0.1255204679350863
0.6755354534520425	cosine	12.0	4.0	8.0	0.2585438449975096	0.12097741769556491
-1.5933536621807636	cosine	12.0	8.0	4.0	0.12065379433217113	0.29251458065492797
0.46840420319988785	cosine	12.0	8.0	12.0	0.49032958192797715	0.0132390167871721
-0.36375014575941733	cosine	12.0	8.0	4.0	0.12065379433217113	0.29251458065492797
0.5515463057849238	cosine	12.0	8.0	4.0	0.3619613829965134	0.05069410813155855
0.1859951660268862	cosine	12.0	0.0	8.0	0.625592914873626	0.0023179539834495147
-1.9941445512284568	cosine	12.0	8.0	4.0	0.18959881966484035	0.19542302050708665
0.8155710501556483	cosine	12.0	0.0	8.0	0.25361874927309164	0.1255204679350863
-1.803162013565025	cosine	12.0	8.0	4.0	0.46537892099551725	0.01759321537403951
-0.17646095496177008	cosine	12.0	8.0	4.0	0.2585438449975096	0.12097741769556491
-0.6352397926309198	cosine	12.0	4.0	8.0	0.39643389566284803	0.03639255752172218
-1.0320748276889182	cosine	12.0	8.0	12.0	0.5241454151643894	0.008841950715020199
-0.37773704748759834	cosine	12.0	8.0	12.0	0.21980291603667942	0.15992129427517748
0.7132646245176013	cosine	12.0	4.0	0.0	0.3274888703301788	0.06915082967409426
0.055402083087189594	cosine	12.0	4.0	0.0	0.2585438449975096	0.12097741769556491
0.3233376905213906	cosine	12.0	4.0	8.0	0.051708768999501914	0.40748358899052883
1.1226950024396225	cosine	12.0	4.0	8.0	0.15512630699850574	0.2413181331871364
1.165038937403737	cosine	12.0	12.0	4.0	0.3550662489823283	0.054032165056400634
-0.5040538467489951	cosine	12.0	12.0	8.0	0.08453958309103055	0.35100513154713553
-0.15511376899990822	cosine	12.0	8.0	0.0	0.38888208221874054	0.03920408275739032
0.6006539422342102	cosine	12.0	8.0	4.0	0.43090640832918264	0.025576674512344563
0.2717819786267716	cosine	12.0	0.0	4.0	0.18959881966484035	0.19542302050708665
-0.6342723031919762	cosine	12.0	0.0	8.0	0.050723749854618326	0.40921492606520676
-0.1733498714462399	cosine	12.0	8.0	4.0	0.12065379433217113	0.29251458065492797
-0.39968699024807963	cosine	12.0	8.0	12.0	0.32125041574591606	0.0729854504975157
-0.6732026934715883	cosine	12.0	4.0	8.0	0.7411590223261941	0.00039778904624074133
-0.14921089415927066	cosine	12.0	4.0	8.0	0.3274888703301788	0.06915082967409426
0.6675254212771885	cosine	12.0	8.0	4.0	0.2585438449975096	0.12097741769556491
0.14966725938782208	cosine	12.0	8.0	4.0	0.051708768999501914	0.40748358899052883
0.9338048714683336	cosine	12.0	0.0	4.0	0.18959881966484035	0.19542302050708665
-0.19070400928149703	cosine	12.0	12.0	4.0	0.38888208221874054	0.03920408275739032
1.891960624377219	cosine	12.0	8.0	12.0	0.152171249563855	0.24550766712327832
-0.38057843350483733	cosine	12.0	4.0	12.0	0.1859870828002672	0.19996727842991707
-0.40183750992560996	cosine	12.0	4.0	0.0	0.2585438449975096	0.12097741769556491
-0.015629646349037855	cosine	12.0	12.0	8.0	0.625592914873626	0.0023179539834495147
0.5274262444416062	cosine	12.0	0.0	8.0	0.25361874927309164	0.1255204679350863
-1.0173247710662028	cosine	12.0	8.0	4.0	0.12065379433217113	0.29251458065492797
-0.5811418356021474	cosine	12.0	8.0	4.0	0.15512630699850574	0.2413181331871364
1.7293346062984785	cosine	12.0	8.0	4.0	0.2585438449975096	0.12097741769556491
-0.2586428097327113	cosine	12.0	12.0	4.0	0.32125041574591606	0.0729854504975157
-0.3590247851678887	cosine	12.0	4.0	8.0	0.2585438449975096	0.12097741769556491
-0.9407522855451947	cosine	12.0	8.0	12.0	0.11835541632744277	0.2960997041901293
0.7572395084147704	cosine	12.0	0.0	4.0	0.15512630699850574	0.2413181331871364
0.15169874213544848	cosine	12.0	4.0	8.0	0.22407133233117496	0.15526767178736262
0.30985770429724036	cosine	12.0	8.0	4.0	0.2930163576638442	0.0923983316073646
-0.2526983479455761	cosine	12.0	12.0	8.0	0.2874345825095039	0.09665182047357773
-1.1077672571783626	cosine	12.0	0.0	4.0	0.3274888703301788	0.06915082967409426
0.284213921783512	cosine	12.0	0.0	8.0	0.38888208221874054	0.03920408275739032
-0.6685482665830635	cosine	12.0	4.0	0.0	0.6032689716608557	0.0031641476005237878
2.9464779801823497	cosine	12.0	4.0	8.0	0.12065379433217113	0.29251458065492797
0.32360129064895254	cosine	12.0	4.0	0.0	0.49985143366185186	0.011841856219536968
-0.3999986851553558	cosine	12.0	8.0	4.0	0.08618128166583652	0.3482541443364599
-0.5484377531903293	cosine	12.0	0.0	4.0	0.43090640832918264	0.025576674512344563
-0.25196269423629863	cosine	12.0	4.0	8.0	0.43090640832918264	0.025576674512344563
-0.7134276932536234	cosine	12.0	12.0	4.0	0.3550662489823283	0.054032165056400634
-1.263594987188826	cosine	12.0	4.0	0.0	0.12065379433217113	0.29251458065492797
-0.6723915192599669	cosine	12.0	4.0	0.0	0.3619613829965134	0.05069410813155855
-0.024414741666982282	cosine	12.0	4.0	8.0	0.15512630699850574	0.2413181331871364
-0.6622953346873666	cosine	12.0	4.0	0.0	0.22407133233117496	0.15526767178736262
-0.17673405527379324	cosine	12.0	12.0	8.0	0.3550662489823283	0.054032165056400634
-0.6708254840129643	cosine	12.0	4.0	12.0	0.3550662489823283	0.054032165056400634
-1.290926435766827	cosine	12.0	8.0	4.0	0.12065379433217113	0.29251458065492797
-0.36666799947257744	cosine	12.0	4.0	12.0	0.3550662489823283	0.054032165056400634
0.7518174105441949	cosine	12.0	0.0	8.0	0.25361874927309164	0.1255204679350863
-1.8968860094444078	cosine	12.0	4.0	8.0	0.18959881966484035	0.19542302050708665
-0.8030015911568353	cosine	12.0	8.0	4.0	0.15512630699850574	0.2413181331871364
0.01803744073903294	cosine	12.0	8.0	12.0	0.25361874927309164	0.1255204679350863
-0.1881732762031734	cosine	12.0	4.0	8.0	0.43090640832918264	0.025576674512344563
0.43571764668201896	cosine	12.0	0.0	8.0	0.152171249563855	0.24550766712327832
1.062363088756778	cosine	12.0	8.0	12.0	0.3550662489823283	0.054032165056400634
0.04951985354111389	cosine	12.0	0.0	8.0	0.32125041574591606	0.0729854504975157
0.1679592175262401	cosine	12.0	8.0	0.0	0.42269791545515273	0.027871390595851784
0.41175218483914683	cosine	12.0	4.0	8.0	0.051708768999501914	0.40748358899052883
-2.671549025251157	cosine	12.0	4.0	8.0	0.08618128166583652	0.3482541443364599
2.216091236596569	cosine	12.0	0.0	4.0	0.5343239463281865	0.007797958989405334
-1.1880279847309894	cosine	12.0	12.0	4.0	0.1859870828002672	0.19996727842991707
0.3294803183677535	cosine	12.0	0.0	4.0	0.2930163576638442	0.0923983316073646
0.21305223097093928	cosine	12.0	0.0	4.0	0.18959881966484035	0.19542302050708665
0.09339090599794012	cosine	12.0	8.0	4.0	0.2930163576638442	0.0923983316073646
-1.9468346164794155	cosine	12.0	4.0	12.0	0.32125041574591606	0.0729854504975157
-0.006300117454326341	cosine	12.0	8.0	4.0	0.3619613829965134	0.05069410813155855
-1.0458090906434365	cosine	12.0	0.0	4.0	0.08618128166583652	0.3482541443364599
1.5050571929110519	cosine	12.0	12.0	4.0	0.21980291603667942	0.15992129427517748
-0.0757754813443747	cosine	12.0	8.0	4.0	0.46537892099551725	0.01759321537403951
-0.5127058324205492	cosine	12.0	12.0	8.0	0.3550662489823283	0.054032165056400634
-1.4568393998076707	cosine	12.0	4.0	8.0	0.49985143366185186	0.011841856219536968
-1.7279077162219338	cosine	12.0	8.0	4.0	0.12065379433217113	0.29251458065492797
1.8775512255415576	cosine	12.0	4.0	0.0	0.3619613829965134	0.05069410813155855
-0.051964500133539225	cosine	12.0	8.0	12.0	0.21980291603667942	0.15992129427517748
-0.9257003479512919	cosine	12.0	8.0	0.0	0.152171249563855	0.24550766712327832
-0.15022736225520647	cosine	12.0	12.0	8.0	0.5917770816372139	0.00370031333790455
1.2819198803063319	cosine	12.0	4.0	12.0	0.25361874927309164	0.1255204679350863
1.3186758786729904	cosine	12.0	4.0	12.0	0.2874345825095039	0.09665182047357773
0.47422804672479035	cosine	12.0	8.0	4.0	0.3274888703301788	0.06915082967409426
-0.08337288445699867	cosine	12.0	4.0	0.0	0.08618128166583652	0.3482541443364599
-1.3119358025854206	cosine	12.0	0.0	4.0	0.12065379433217113	0.29251458065492797
1.6214238143316801	cosine	12.0	8.0	4.0	0.3619613829965134	0.05069410813155855
0.6913821697201318	cosine	12.0	8.0	4.0	0.39643389566284803	0.03639255752172218
-0.3043112435474529	cosine	12.0	8.0	12.0	0.3550662489823283	0.054032165056400634
0.8073637141070683	cosine	12.0	4.0	12.0	0.08453958309103055	0.35100513154713553
0.8690891685003137	cosine	12.0	4.0	12.0	0.25361874927309164	0.1255204679350863
0.8857806609689169	cosine	12.0	4.0	8.0	0.2585438449975096	0.12097741769556491
-0.17541795865664636	cosine	12.0	12.0	8.0	0.1859870828002672	0.19996727842991707
0.17431752745797316	cosine	12.0	8.0	12.0	0.25361874927309164	0.1255204679350863
1.8590512275947513	cosine	12.0	8.0	12.0	0.5579612484008016	0.0057813869036329145
-2.1464979137788056	cosine	12.0	4.0	8.0	0.43090640832918264	0.025576674512344563
-1.2004020321473312	cosine	12.0	0.0	8.0	0.08453958309103055	0.35100513154713553
-0.4940095565403802	cosine	12.0	8.0	12.0	0.21980291603667942	0.15992129427517748
-0.3147795592022556	cosine	12.0	12.0	8.0	0.42269791545515273	0.027871390595851784
-0.2971875748336862	cosine	12.0	12.0	8.0	0.32125041574591606	0.0729854504975157
1.2182487072742636	cosine	12.0	8.0	4.0	0.3274888703301788	0.06915082967409426
1.003436264149124	cosine	12.0	12.0	8.0	0.152171249563855	0.24550766712327832
-1.254630375146061	cosine	12.0	0.0	4.0	0.5687964589945211	0.005022850586273721
0.7895108665958033	cosine	12.0	4.0	0.0	0.2930163576638442	0.0923983316073646
-0.7741354164058667	cosine	12.0	4.0	0.0	0.3619613829965134	0.05069410813155855
0.1741667332802006	cosine	12.0	4.0	0.0	0.46537892099551725	0.01759321537403951
-0.20186818107085505	cosine	12.0	8.0	12.0	0.5579612484008016	0.0057813869036329145
0.18365174083877706	cosine	12.0	4.0	8.0	0.2930163576638442	0.0923983316073646
-0.6248159271548469	cosine	12.0	8.0	12.0	0.5579612484008016	0.0057813869036329145
0.8126532610366928	cosine	12.0	8.0	4.0	0.43090640832918264	0.025576674512344563
0.4265268865601582	cosine	12.0	0.0	8.0	0.5241454151643894	0.008841950715020199
-3.7859670399290697	cosine	12.0	4.0	8.0	0.2930163576638442	0.0923983316073646
1.633125520084828	cosine	12.0	4.0	0.0	0.3274888703301788	0.06915082967409426
1.3586086254217113	cosine	12.0	8.0	12.0	0.152171249563855	0.24550766712327832
0.3245411248339464	cosine	12.0	12.0	8.0	0.45651374869156497	0.01941025211611039
1.157273580855506	cosine	12.0	12.0	8.0	0.25361874927309164	0.1255204679350863
0.4306010967611018	cosine	12.0	0.0	8.0	0.42269791545515273	0.027871390595851784
-0.32876004239946466	cosine	12.0	4.0	8.0	0.2585438449975096	0.12097741769556491
0.2652149975045593	cosine	12.0	4.0	8.0	0.18959881966484035	0.19542302050708665
1.317888422666663	cosine	12.0	4.0	0.0	0.2930163576638442	0.0923983316073646
-0.08726041841635367	cosine	12.0	12.0	8.0	0.3550662489823283	0.054032165056400634
0.5529899110384247	cosine	12.0	4.0	8.0	0.49985143366185186	0.011841856219536968
0.023031621131395688	cosine	12.0	4.0	8.0	0.22407133233117496	0.15526767178736262
-1.006857858838806	cosine	12.0	4.0	8.0	0.39643389566284803	0.03639255752172218
-0.08777606249531511	cosine	12.0	12.0	4.0	0.38888208221874054	0.03920408275739032
-0.5407815983747002	cosine	12.0	12.0	4.0	0.2874345825095039	0.09665182047357773
-1.092986075582126	cosine	12.0	8.0	0.0	0.1859870828002672	0.19996727842991707
-1.7322570720116623	cosine	12.0	4.0	8.0	0.3274888703301788	0.06915082967409426
-0.30451263390082894	cosine	12.0	0.0	4.0	0.46537892099551725	0.01759321537403951
-0.17937013390395193	cosine	12.0	4.0	0.0	0.22407133233117496	0.15526767178736262
-1.0745806024360374	cosine	12.0	12.0	8.0	0.45651374869156497	0.01941025211611039
0.17071788019472983	cosine	12.0	4.0	0.0	0.2585438449975096	0.12097741769556491
0.6904528396789178	cosine	12.0	4.0	0.0	0.2930163576638442	0.0923983316073646
-0.3426573856258724	cosine	12.0	12.0	8.0	0.25361874927309164	0.1255204679350863
-1.1378796504438482	cosine	12.0	4.0	8.0	0.5343239463281865	0.007797958989405334
0.5706194938565659	cosine	12.0	4.0	8.0	0.2585438449975096	0.12097741769556491
-1.6616579822151198	cosine	12.0	8.0	4.0	0.15512630699850574	0.2413181331871364
0.03773597261148391	cosine	12.0	8.0	12.0	0.152171249563855	0.24550766712327832
-1.0802721050446256	cosine	12.0	4.0	0.0	0.051708768999501914	0.40748358899052883
0.12853171837077274	cosine	12.0	4.0	8.0	0.22407133233117496	0.15526767178736262
-0.6015883474555964	cosine	12.0	8.0	4.0	0.49985143366185186	0.011841856219536968
-0.5944502539281404	cosine	12.0	4.0	0.0	0.15512630699850574	0.2413181331871364
-1.2865318963268437	cosine	12.0	4.0	8.0	0.7411590223261941	0.00039778904624074133
2.2285123425134286	cosine	12.0	12.0	8.0	0.21980291603667942	0.15992129427517748
0.015187402021566508	cosine	12.0	8.0	4.0	0.5343239463281865	0.007797958989405334
-0.19515149575437962	cosine	12.0	4.0	8.0	0.5687964589945211	0.005022850586273721
-0.9102645090113357	cosine	12.0	4.0	0.0	0.2930163576638442	0.0923983316073646
0.6325528272938195	cosine	12.0	0.0	8.0	0.08453958309103055	0.35100513154713553
-0.01126423135354661	cosine	12.0	4.0	0.0	0.43090640832918264	0.025576674512344563
1.5803357651469092	cosine	12.0	4.0	8.0	0.3619613829965134	0.05069410813155855
-0.8777062975737545	cosine	12.0	8.0	4.0	0.2930163576638442	0.0923983316073646
-0.5416929429595457	cosine	12.0	0.0	4.0	0.2585438449975096	0.12097741769556491
0.8008067287384455	cosine	12.0	12.0	8.0	0.5579612484008016	0.0057813869036329145
-0.1716591167264755	cosine	12.0	0.0	4.0	0.2585438449975096	0.12097741769556491
1.0786244054653853	cosine	12.0	4.0	0.0	0.08618128166583652	0.3482541443364599
-0.3169789319011226	cosine	12.0	0.0	8.0	0.25361874927309164	0.1255204679350863
-0.8611240441703892	cosine	12.0	4.0	0.0	0.22407133233117496	0.15526767178736262
-2.293570523104449	cosine	12.0	4.0	8.0	0.08618128166583652	0.3482541443364599
-0.7928504607410893	cosine	12.0	0.0	4.0	0.3274888703301788	0.06915082967409426
1.6464754142115197	cosine	12.0	8.0	12.0	0.08453958309103055	0.35100513154713553
1.2930515640793634	cosine	12.0	8.0	12.0	0.5579612484008016	0.0057813869036329145
-0.8438502691271664	cosine	12.0	4.0	12.0	0.38888208221874054	0.03920408275739032
1.5338892454486186	cosine	12.0	8.0	0.0	0.1859870828002672	0.19996727842991707
-0.40176922907917356	cosine	12.0	4.0	0.0	0.3274888703301788	0.06915082967409426
-1.5032175051626977	cosine	12.0	12.0	8.0	0.21980291603667942	0.15992129427517748
1.2472146680231042	cosine	12.0	4.0	8.0	0.22407133233117496	0.15526767178736262
-0.8547012170511937	cosine	12.0	12.0	4.0	0.38888208221874054	0.03920408275739032
0.6801906962911483	cosine	12.0	4.0	8.0	0.3274888703301788	0.06915082967409426
1.8170488174659785	cosine	12.0	8.0	12.0	0.32125041574591606	0.0729854504975157
1.0870276188058847	cosine	12.0	0.0	4.0	0.49985143366185186	0.011841856219536968
0.631436618107323	cosine	12.0	4.0	8.0	0.3274888703301788	0.06915082967409426
0.2832531513045925	cosine	12.0	4.0	8.0	0.12065379433217113	0.29251458065492797
0.6469548013232791	cosine	12.0	8.0	4.0	0.3274888703301788	0.06915082967409426
0.8017807948949774	cosine	12.0	4.0	8.0	0.2585438449975096	0.12097741769556491
0.05712421370725259	cosine	12.0	4.0	0.0	0.12065379433217113	0.29251458065492797
-0.3512173051368423	cosine	12.0	8.0	0.0	0.2874345825095039	0.09665182047357773
1.5978248331694016	cosine	12.0	4.0	8.0	0.18959881966484035	0.19542302050708665
-0.9116759413713098	cosine	12.0	4.0	8.0	0.15512630699850574	0.2413181331871364
-2.208833266803396	cosine	12.0	8.0	4.0	0.3274888703301788	0.06915082967409426
0.18686403944410987	cosine	12.0	8.0	12.0	0.2874345825095039	0.09665182047357773
1.876876808777258	cosine	12.0	8.0	4.0	0.22407133233117496	0.15526767178736262
0.3400096629331271	cosine	12.0	4.0	8.0	0.3274888703301788	0.06915082967409426
-0.12657660351971925	cosine	12.0	12.0	4.0	0.32125041574591606	0.0729854504975157
-0.9019404031828646	cosine	12.0	4.0	8.0	0.43090640832918264	0.025576674512344563
-0.1872271848217057	cosine	12.0	12.0	8.0	0.152171249563855	0.24550766712327832
1.2915977089115647	cosine	12.0	4.0	12.0	0.3550662489823283	0.054032165056400634
1.1607455592413383	cosine	12.0	4.0	8.0	0.18959881966484035	0.19542302050708665
-0.26447572570006367	cosine	12.0	12.0	8.0	0.25361874927309164	0.1255204679350863
-1.2973419977963587	cosine	12.0	8.0	12.0	0.11835541632744277	0.2960997041901293
0.2526181945268025	cosine	12.0	4.0	8.0	0.39643389566284803	0.03639255752172218
-2.61155477867846	cosine	12.0	8.0	4.0	0.18959881966484035	0.19542302050708665
-1.1538228141023144	cosine	12.0	0.0	8.0	0.38888208221874054	0.03920408275739032
-0.509145911445135	cosine	12.0	12.0	8.0	0.25361874927309164	0.1255204679350863
0.9614974868954094	cosine	12.0	4.0	8.0	0.46537892099551725	0.01759321537403951
0.9170973930493291	cosine	12.0	8.0	4.0	0.3274888703301788	0.06915082967409426
-0.09013427267627551	cosine	12.0	12.0	4.0	0.152171249563855	0.24550766712327832
0.01505091307483804	cosine	12.0	8.0	4.0	0.18959881966484035	0.19542302050708665
-0.6514067867004618	cosine	12.0	0.0	8.0	0.2874345825095039	0.09665182047357773
0.26055267377445224	cosine	12.0	8.0	0.0	0.5241454151643894	0.008841950715020199
0.3666663071294089	cosine	12.0	4.0	8.0	0.3274888703301788	0.06915082967409426
-0.30220848082087	cosine	12.0	8.0	4.0	0.15512630699850574	0.2413181331871364
0.5907054624652952	cosine	12.0	8.0	4.0	0.15512630699850574	0.2413181331871364
-0.18323221561568118	cosine	12.0	4.0	8.0	0.22407133233117496	0.15526767178736262
0.07325302757280436	cosine	12.0	8.0	4.0	0.2585438449975096	0.12097741769556491
-1.4636210759452588	cosine	12.0	12.0	4.0	0.49032958192797715	0.0132390167871721
-0.20685917253015262	cosine	12.0	4.0	8.0	0.2930163576638442	0.0923983316073646
0.08070649137352781	cosine	12.0	12.0	8.0	0.5579612484008016	0.0057813869036329145
-0.619217040350668	cosine	12.0	0.0	4.0	0.18959881966484035	0.19542302050708665
1.0830498355927392	cosine	12.0	4.0	12.0	0.21980291603667942	0.15992129427517748
0.6451835698169721	cosine	12.0	4.0	0.0	0.39643389566284803	0.03639255752172218
0.9111918512346185	cosine	12.0	4.0	8.0	0.5343239463281865	0.007797958989405334
0.5665884726780793	cosine	12.0	4.0	8.0	0.2585438449975096	0.12097741769556491
-0.11477062771417999	cosine	12.0	8.0	0.0	0.49032958192797715	0.0132390167871721
-1.0544877461092772	cosine	12.0	0.0	4.0	0.3274888703301788	0.06915082967409426
0.19252612596124477	cosine	12.0	4.0	12.0	0.21980291603667942	0.15992129427517748
-0.18721778375587705	cosine	12.0	12.0	8.0	0.25361874927309164	0.1255204679350863
1.0968998223716688	cosine	12.0	8.0	4.0	0.2930163576638442	0.0923983316073646
0.78592549847877	cosine	12.0	4.0	8.0	0.3619613829965134	0.05069410813155855
-1.6444244507912618	cosine	12.0	12.0	8.0	0.5579612484008016	0.0057813869036329145
-0.8118740087213621	cosine	12.0	8.0	4.0	0.5343239463281865	0.007797958989405334
0.5774840848025029	cosine	12.0	0.0	8.0	0.152171249563855	0.24550766712327832
-1.426940781269768	cosine	12.0	4.0	8.0	0.3274888703301788	0.06915082967409426
0.39304942189870423	cosine	12.0	4.0	8.0	0.18959881966484035	0.19542302050708665
0.009110112362228416	cosine	12.0	12.0	4.0	0.45651374869156497	0.01941025211611039
0.4661312324685306	cosine	12.0	4.0	8.0	0.6032689716608557	0.0031641476005237878
-0.05624733074767761	cosine	12.0	8.0	12.0	0.45651374869156497	0.01941025211611039
0.9555626522808247	cosine	12.0	4.0	12.0	0.11835541632744277	0.2960997041901293
0.5128709151334584	cosine	12.0	4.0	0.0	0.2930163576638442	0.0923983316073646
0.4878862697103702	cosine	12.0	4.0	8.0	0.22407133233117496	0.15526767178736262
-0.3383603392024579	cosine	12.0	0.0	4.0	0.2585438449975096	0.12097741769556491
0.8664404689337672	cosine	12.0	4.0	8.0	0.49985143366185186	0.011841856219536968
1.1678287091536366	cosine	12.0	8.0	12.0	0.42269791545515273	0.027871390595851784
0.04046396644246394	cosine	12.0	0.0	8.0	0.25361874927309164	0.1255204679350863
0.197490424502441	cosine	12.0	12.0	4.0	0.32125041574591606	0.0729854504975157
2.0661622403667934	cosine	12.0	8.0	4.0	0.3274888703301788	0.06915082967409426
-1.491197065427418	cosine	12.0	4.0	12.0	0.25361874927309164	0.1255204679350863
-0.566701699331949	cosine	12.0	4.0	8.0	0.15512630699850574	0.2413181331871364
-1.200445646771717	cosine	12.0	12.0	8.0	0.49032958192797715	0.0132390167871721
0.7949828548180069	cosine	12.0	8.0	0.0	0.38888208221874054	0.03920408275739032
0.3146675378386555	cosine	12.0	4.0	8.0	0.3274888703301788	0.06915082967409426
-0.0911867485883788	cosine	12.0	0.0	8.0	0.1859870828002672	0.19996727842991707
-0.20115344382915884	cosine	12.0	4.0	8.0	0.3619613829965134	0.05069410813155855
-1.3150352060388275	cosine	12.0	8.0	12.0	0.1859870828002672	0.19996727842991707
-0.6385748002669038	cosine	12.0	12.0	4.0	0.32125041574591606	0.0729854504975157
-0.37198564859594463	cosine	12.0	8.0	4.0	0.2585438449975096	0.12097741769556491
1.6222973080093577	cosine	12.0	12.0	8.0	0.42269791545515273	0.027871390595851784
0.8176520830563733	cosine	12.0	12.0	8.0	0.45651374869156497	0.01941025211611039
-0.10715992313867309	cosine	12.0	4.0	8.0	0.2930163576638442	0.0923983316073646
2.043112997686651	cosine	12.0	0.0	4.0	0.2585438449975096	0.12097741769556491
0.5528582667031522	cosine	12.0	12.0	8.0	0.6594087481100382	0.0014209342667878978
-1.9324660811184424	cosine	12.0	0.0	4.0	0.5343239463281865	0.007797958989405334
-0.15569285957466128	cosine	12.0	12.0	8.0	0.08453958309103055	0.35100513154713553
-0.289163206048076	cosine	12.0	8.0	4.0	0.12065379433217113	0.29251458065492797
0.056750664111503986	cosine	12.0	4.0	12.0	0.11835541632744277	0.2960997041901293
-0.15467516385663174	cosine	12.0	12.0	8.0	0.25361874927309164	0.1255204679350863
-0.1595572376493018	cosine	12.0	0.0	4.0	0.051708768999501914	0.40748358899052883
0.8559548151203756	cosine	12.0	4.0	8.0	0.2930163576638442	0.0923983316073646
-1.2339313968512715	cosine	12.0	4.0	8.0	0.6032689716608557	0.0031641476005237878
-0.016542160803288877	cosine	12.0	4.0	8.0	0.39643389566284803	0.03639255752172218
-0.009717985246815698	cosine	12.0	4.0	12.0	0.25361874927309164	0.1255204679350863
1.1417143904435356	cosine	12.0	12.0	8.0	0.38888208221874054	0.03920408275739032
0.4826193179547252	cosine	12.0	0.0	4.0	0.3274888703301788	0.06915082967409426
-1.3691140261510915	cosine	12.0	8.0	12.0	0.21980291603667942	0.15992129427517748
0.7172822044896073	cosine	12.0	0.0	4.0	0.3274888703301788	0.06915082967409426
0.0831783604527122	cosine	12.0	12.0	8.0	0.49032958192797715	0.0132390167871721
0.5725441426502204	cosine	12.0	4.0	8.0	0.3274888703301788	0.06915082967409426
0.6989542600155182	cosine	12.0	0.0	4.0	0.22407133233117496	0.15526767178736262
-1.6521118858272124	cosine	12.0	8.0	12.0	0.21980291603667942	0.15992129427517748
2.3638776547881815	cosine	12.0	4.0	8.0	0.7066865096598596	0.0006911698935639446
1.729677128160362	cosine	12.0	8.0	4.0	0.3274888703301788	0.06915082967409426
-1.722524996439763	cosine	12.0	8.0	4.0	0.15512630699850574	0.2413181331871364
-0.5853447776965578	cosine	12.0	8.0	4.0	0.2585438449975096	0.12097741769556491
0.4115863441740363	cosine	12.0	4.0	8.0	0.3274888703301788	0.06915082967409426
-0.26042225774798394	cosine	12.0	12.0	4.0	0.2874345825095039	0.09665182047357773
-0.11060545645797476	cosine	12.0	0.0	8.0	0.42269791545515273	0.027871390595851784
-0.0547947011633578	cosine	12.0	8.0	12.0	0.5579612484008016	0.0057813869036329145
-0.3102738075499456	cosine	12.0	12.0	8.0	0.3550662489823283	0.054032165056400634
0.2792625827626346	cosine	12.0	8.0	4.0	0.5343239463281865	0.007797958989405334
-1.1249437776912667	cosine	12.0	12.0	8.0	0.152171249563855	0.24550766712327832
1.0854680799113443	cosine	12.0	12.0	8.0	0.5917770816372139	0.00370031333790455
-1.4933158051968836	cosine	12.0	12.0	8.0	0.25361874927309164	0.1255204679350863
-0.6043860934962567	cosine	12.0	8.0	4.0	0.6377414843271904	0.0019491085902795186
0.05578339843469144	cosine	12.0	4.0	8.0	0.39643389566284803	0.03639255752172218
0.6217438678727539	cosine	12.0	8.0	4.0	0.15512630699850574	0.2413181331871364
0.9837795821511198	cosine	12.0	12.0	4.0	0.38888208221874054	0.03920408275739032
-0.9133056954037488	cosine	12.0	12.0	8.0	0.2874345825095039	0.09665182047357773
-0.05322265430719202	cosine	12.0	4.0	8.0	0.2585438449975096	0.12097741769556491
0.1307833286523015	cosine	12.0	12.0	4.0	0.5241454151643894	0.008841950715020199
1.8883416190042537	cosine	12.0	8.0	4.0	0.08618128166583652	0.3482541443364599
-0.7051944243377167	cosine	12.0	8.0	0.0	0.11835541632744277	0.2960997041901293
-1.1348053497981418	cosine	12.0	0.0	4.0	0.22407133233117496	0.15526767178736262
-0.8158147010550528	cosine	12.0	4.0	12.0	0.32125041574591606	0.0729854504975157
0.38510581343404376	cosine	12.0	4.0	8.0	0.22407133233117496	0.15526767178736262
-1.0003986670029033	cosine	12.0	12.0	8.0	0.3550662489823283	0.054032165056400634
-1.0754284037191055	cosine	12.0	4.0	0.0	0.3274888703301788	0.06915082967409426
0.03919765197906359	cosine	12.0	12.0	8.0	0.32125041574591606	0.0729854504975157
0.6479664831528414	cosine	12.0	4.0	8.0	0.017236256333167305	0.46891098662411435
1.6594178335088534	cosine	12.0	8.0	4.0	0.2585438449975096	0.12097741769556491
-1.5157103573537305	cosine	12.0	8.0	4.0	0.2930163576638442	0.0923983316073646
-0.13555667274313338	cosine	12.0	8.0	4.0	0.2585438449975096	0.12097741769556491
-2.245391756550112	cosine	12.0	4.0	8.0	0.15512630699850574	0.2413181331871364
0.9133388147173119	cosine	12.0	12.0	4.0	0.25361874927309164	0.1255204679350863
-0.1747363067063159	cosine	12.0	12.0	8.0	0.5241454151643894	0.008841950715020199
-0.5717824891362172	cosine	12.0	4.0	8.0	0.39643389566284803	0.03639255752172218
0.560074343528474	cosine	12.0	4.0	8.0	0.3274888703301788	0.06915082967409426
1.0778279796550547	cosine	12.0	8.0	12.0	0.08453958309103055	0.35100513154713553
1.6954348751181625	cosine	12.0	4.0	8.0	0.15512630699850574	0.2413181331871364
-0.9821097349812833	cosine	12.0	4.0	0.0	0.12065379433217113	0.29251458065492797
1.8938536579163467	cosine	12.0	0.0	8.0	0.1859870828002672	0.19996727842991707
0.006036507567769839	cosine	12.0	12.0	8.0	0.25361874927309164	0.1255204679350863
-1.2067273304005368	cosine	12.0	4.0	8.0	0.43090640832918264	0.025576674512344563
0.5701718531094186	cosine	12.0	12.0	8.0	0.42269791545515273	0.027871390595851784
1.0900039586128132	cosine	12.0	8.0	12.0	0.32125041574591606	0.0729854504975157
-2.3175394484104084	cosine	12.0	4.0	8.0	0.2585438449975096	0.12097741769556491
-0.012759377158971543	cosine	12.0	4.0	0.0	0.051708768999501914	0.40748358899052883
-0.18877231381690807	cosine	12.0	4.0	8.0	0.051708768999501914	0.40748358899052883
0.06899294653883346	cosine	12.0	0.0	4.0	0.2930163576638442	0.0923983316073646
-1.1792901061425949	cosine	12.0	12.0	4.0	0.21980291603667942	0.15992129427517748
-0.09132821304239516	cosine	12.0	12.0	8.0	0.42269791545515273	0.027871390595851784
-0.6931655431166927	cosine	12.0	8.0	12.0	0.3550662489823283	0.054032165056400634
0.5624998471639647	cosine	12.0	12.0	4.0	0.3550662489823283	0.054032165056400634
0.8770686243230671	cosine	12.0	0.0	4.0	0.2930163576638442	0.0923983316073646
0.2671997971098889	cosine	12.0	8.0	4.0	0.22407133233117496	0.15526767178736262
0.3665962161571051	cosine	12.0	12.0	8.0	0.25361874927309164	0.1255204679350863
-1.5418871163467747	cosine	12.0	12.0	4.0	0.1859870828002672	0.19996727842991707
0.12740272074882084	cosine	12.0	0.0	4.0	0.3274888703301788	0.06915082967409426
-0.6160171043984939	cosine	12.0	4.0	12.0	0.152171249563855	0.24550766712327832
-1.049386697343124	cosine	12.0	4.0	12.0	0.1859870828002672	0.19996727842991707
1.3291462982924729	cosine	12.0	8.0	4.0	0.22407133233117496	0.15526767178736262
1.2425842768114914	cosine	12.0	4.0	8.0	0.3274888703301788	0.06915082967409426
2.3784148439523083	cosine	12.0	8.0	12.0	0.25361874927309164	0.1255204679350863
-1.9263378498356796	cosine	12.0	12.0	8.0	0.32125041574591606	0.0729854504975157
0.6999500089343095	cosine	12.0	8.0	4.0	0.46537892099551725	0.01759321537403951
1.9763239029149922	cosine	12.0	4.0	0.0	0.49985143366185186	0.011841856219536968
0.4106149518840078	cosine	12.0	8.0	4.0	0.18959881966484035	0.19542302050708665
0.032998684380751465	cosine	12.0	8.0	4.0	0.2930163576638442	0.0923983316073646
1.0324562931533932	cosine	12.0	8.0	0.0	0.42269791545515273	0.027871390595851784
0.2406939925658907	cosine	12.0	8.0	12.0	0.625592914873626	0.0023179539834495147
0.17472532742697475	cosine	12.0	4.0	12.0	0.25361874927309164	0.1255204679350863
1.365618069849829	cosine	12.0	4.0	0.0	0.08618128166583652	0.3482541443364599
0.10120914485551114	cosine	12.0	12.0	4.0	0.25361874927309164	0.1255204679350863
-1.3558072219519597	cosine	12.0	4.0	8.0	0.2585438449975096	0.12097741769556491
-0.11583558264769125	cosine	12.0	4.0	8.0	0.017236256333167305	0.46891098662411435
0.3392558630468111	cosine	12.0	8.0	12.0	0.45651374869156497	0.01941025211611039
-0.1158116867909393	cosine	12.0	12.0	8.0	0.1859870828002672	0.19996727842991707
0.3068760726031352	cosine	12.0	8.0	4.0	0.43090640832918264	0.025576674512344563
-1.8900213887487674	cosine	12.0	0.0	4.0	0.15512630699850574	0.2413181331871364
0.6664799924137645	cosine	12.0	8.0	4.0	0.5687964589945211	0.005022850586273721
2.6480135984910316	cosine	12.0	0.0	8.0	0.2874345825095039	0.09665182047357773
-0.6935641046652554	cosine	12.0	8.0	4.0	0.2930163576638442	0.0923983316073646
-0.24938521461763333	cosine	12.0	8.0	4.0	0.3619613829965134	0.05069410813155855
0.8760155303073606	cosine	12.0	8.0	0.0	0.38888208221874054	0.03920408275739032
-0.053210865091334984	cosine	12.0	4.0	8.0	0.15512630699850574	0.2413181331871364
0.5677389808888593	cosine	12.0	4.0	8.0	0.051708768999501914	0.40748358899052883
-0.7395269072931375	cosine	12.0	8.0	4.0	0.08618128166583652	0.3482541443364599
2.0828543361629004	cosine	12.0	4.0	0.0	0.051708768999501914	0.40748358899052883
2.330420814287305	cosine	12.0	12.0	8.0	0.5241454151643894	0.008841950715020199
-0.18275724471727198	cosine	12.0	8.0	0.0	0.11835541632744277	0.2960997041901293
0.8051410748334626	cosine	12.0	0.0	8.0	0.5579612484008016	0.0057813869036329145
-0.6694908129873732	cosine	12.0	4.0	8.0	0.2585438449975096	0.12097741769556491
-0.7664216941708749	cosine	12.0	8.0	4.0	0.2930163576638442	0.0923983316073646
0.4067314804453198	cosine	12.0	8.0	0.0	0.2874345825095039	0.09665182047357773
0.9575013304452122	cosine	12.0	4.0	8.0	0.3619613829965134	0.05069410813155855
1.5684347571580726	cosine	12.0	0.0	4.0	0.18959881966484035	0.19542302050708665
-1.594987733511416	cosine	12.0	4.0	8.0	0.18959881966484035	0.19542302050708665
0.18646396565685686	cosine	12.0	12.0	8.0	0.2874345825095039	0.09665182047357773
-0.3087713524107125	cosine	12.0	0.0	8.0	0.45651374869156497	0.01941025211611039
-1.0078244898133601	cosine	12.0	4.0	12.0	0.49032958192797715	0.0132390167871721
0.8472966695913537	cosine	12.0	8.0	4.0	0.2585438449975096	0.12097741769556491
0.6098094695545926	cosine	12.0	4.0	8.0	0.43090640832918264	0.025576674512344563
-1.2456691920145941	cosine	12.0	8.0	4.0	0.43090640832918264	0.025576674512344563
-0.11891983292405323	cosine	12.0	12.0	8.0	0.25361874927309164	0.1255204679350863
-0.3537794992333904	cosine	12.0	12.0	4.0	0.3550662489823283	0.054032165056400634
0.08375481942152667	cosine	12.0	8.0	12.0	0.42269791545515273	0.027871390595851784
0.8711831665611423	cosine	12.0	0.0	8.0	0.42269791545515273	0.027871390595851784
0.14147617179316135	cosine	12.0	8.0	4.0	0.3274888703301788	0.06915082967409426
-0.16907269978473632	cosine	12.0	0.0	4.0	0.12065379433217113	0.29251458065492797
-0.6392225189212521	cosine	12.0	4.0	8.0	0.18959881966484035	0.19542302050708665
-0.5432934053049313	cosine	12.0	8.0	4.0	0.2930163576638442	0.0923983316073646
-0.1153484893929572	cosine	12.0	0.0	4.0	0.2930163576638442	0.0923983316073646
0.9280627217335005	cosine	12.0	0.0	8.0	0.2874345825095039	0.09665182047357773
-0.2401905736289317	cosine	12.0	8.0	4.0	0.22407133233117496	0.15526767178736262
2.9669487883036814	cosine	12.0	8.0	4.0	0.3619613829965134	0.05069410813155855
-0.09964921774338865	cosine	12.0	8.0	4.0	0.22407133233117496	0.15526767178736262
0.28907288882777304	cosine	12.0	8.0	12.0	0.2874345825095039	0.09665182047357773
2.526275246229285	cosine	12.0	8.0	12.0	0.25361874927309164	0.1255204679350863
-0.6096029533265988	cosine	12.0	4.0	8.0	0.22407133233117496	0.15526767178736262
-0.5677962578635682	cosine	12.0	0.0	4.0	0.3274888703301788	0.06915082967409426
0.7457499178363287	cosine	12.0	0.0	4.0	0.43090640832918264	0.025576674512344563
-0.45239733004413857	cosine	12.0	4.0	8.0	0.12065379433217113	0.29251458065492797
0.8300123030146587	cosine	12.0	4.0	8.0	0.017236256333167305	0.46891098662411435
-0.17397356672379533	cosine	12.0	8.0	4.0	0.18959881966484035	0.19542302050708665
0.27712398005898575	cosine	12.0	4.0	0.0	0.3619613829965134	0.05069410813155855
1.0889364284084404	cosine	12.0	4.0	0.0	0.15512630699850574	0.2413181331871364
-0.1202337378866978	cosine	12.0	0.0	8.0	0.38888208221874054	0.03920408275739032
-0.4204777358761813	cosine	12.0	8.0	4.0	0.22407133233117496	0.15526767178736262
0.46857354942216517	cosine	12.0	4.0	8.0	0.2585438449975096	0.12097741769556491
0.7578230253516426	cosine	12.0	4.0	0.0	0.3274888703301788	0.06915082967409426
-1.5277772153399645	cosine	12.0	12.0	8.0	0.11835541632744277	0.2960997041901293
-0.7007383377724765	cosine	12.0	4.0	8.0	0.15512630699850574	0.2413181331871364
0.06595676031965543	cosine	12.0	4.0	0.0	0.2930163576638442	0.0923983316073646
-0.5951766243928898	cosine	12.0	8.0	4.0	0.5343239463281865	0.007797958989405334
-0.11638553442179181	cosine	12.0	4.0	12.0	0.152171249563855	0.24550766712327832
0.10850032896481103	cosine	12.0	0.0	8.0	0.5579612484008016	0.0057813869036329145
-0.2000858453959574	cosine	12.0	8.0	0.0	0.152171249563855	0.24550766712327832
-0.2762931806901546	cosine	12.0	4.0	8.0	0.2585438449975096	0.12097741769556491
-1.9733777885773378	cosine	12.0	12.0	8.0	0.38888208221874054	0.03920408275739032
-0.8709164332846975	cosine	12.0	4.0	8.0	0.22407133233117496	0.15526767178736262
-0.6715234975458758	cosine	12.0	4.0	0.0	0.15512630699850574	0.2413181331871364
-0.15711359159903066	cosine	12.0	4.0	8.0	0.15512630699850574	0.2413181331871364
-1.2473556723497619	cosine	12.0	8.0	12.0	0.050723749854618326	0.40921492606520676
0.13184878159555302	cosine	12.0	8.0	12.0	0.38888208221874054	0.03920408275739032
-1.6831790923445151	cosine	12.0	8.0	4.0	0.3274888703301788	0.06915082967409426
-0.337418824977341	cosine	12.0	0.0	4.0	0.46537892099551725	0.01759321537403951
-1.3065111746336233	cosine	12.0	8.0	4.0	0.46537892099551725	0.01759321537403951
-1.9146807124171958	cosine	12.0	12.0	4.0	0.21980291603667942	0.15992129427517748
-0.8574151068306878	cosine	12.0	8.0	12.0	0.1859870828002672	0.19996727842991707
-1.0854643466216616	cosine	12.0	8.0	0.0	0.11835541632744277	0.2960997041901293
-0.8100725769204538	cosine	12.0	0.0	4.0	0.39643389566284803	0.03639255752172218
-0.969658694621854	cosine	12.0	8.0	12.0	0.152171249563855	0.24550766712327832
0.16903938590029474	cosine	12.0	0.0	4.0	0.2930163576638442	0.0923983316073646
2.2651405825457425	cosine	12.0	8.0	0.0	0.21980291603667942	0.15992129427517748
-1.1094992734277187	cosine	12.0	4.0	8.0	0.18959881966484035	0.19542302050708665
-1.9306038119562774	cosine	12.0	4.0	0.0	0.2585438449975096	0.12097741769556491
1.4922297065160197	cosine	12.0	12.0	8.0	0.1859870828002672	0.19996727842991707
2.2667383276834485	cosine	12.0	4.0	8.0	0.22407133233117496	0.15526767178736262
1.039060745088443	cosine	12.0	4.0	8.0	0.12065379433217113	0.29251458065492797
0.24604900850243328	cosine	12.0	12.0	4.0	0.25361874927309164	0.1255204679350863
-0.9928089713904755	cosine	12.0	8.0	0.0	0.2874345825095039	0.09665182047357773
0.9080008638572996	cosine	12.0	8.0	4.0	0.6377414843271904	0.0019491085902795186
2.2778280012626215	cosine	12.0	0.0	4.0	0.22407133233117496	0.15526767178736262
-1.2256658292675542	cosine	12.0	4.0	8.0	0.12065379433217113	0.29251458065492797
-1.7864274066314687	cosine	12.0	8.0	4.0	0.15512630699850574	0.2413181331871364
1.5319419744243776	cosine	12.0	0.0	4.0	0.2585438449975096	0.12097741769556491
-0.009134540685993882	cosine	12.0	0.0	8.0	0.32125041574591606	0.0729854504975157
-0.6864730757505942	cosine	12.0	4.0	12.0	0.21980291603667942	0.15992129427517748
0.7975920612598596	cosine	12.0	12.0	8.0	0.5579612484008016	0.0057813869036329145
0.2001226357359344	cosine	12.0	12.0	4.0	0.3550662489823283	0.054032165056400634
-0.8670925887563268	cosine	12.0	8.0	12.0	0.3550662489823283	0.054032165056400634
0.49342656772921384	cosine	12.0	8.0	4.0	0.39643389566284803	0.03639255752172218
-0.5436377959270271	cosine	12.0	0.0	8.0	0.38888208221874054	0.03920408275739032
0.4962258122619191	cosine	12.0	0.0	4.0	0.08618128166583652	0.3482541443364599
0.586838058488381	cosine	12.0	12.0	8.0	0.25361874927309164	0.1255204679350863
0.1470384489250487	cosine	12.0	0.0	4.0	0.2585438449975096	0.12097741769556491
0.6350293623799061	cosine	12.0	4.0	8.0	0.15512630699850574	0.2413181331871364
0.8073807653661659	cosine	12.0	4.0	8.0	0.18959881966484035	0.19542302050708665
0.4359352782108009	cosine	12.0	12.0	8.0	0.5241454151643894	0.008841950715020199
-0.06357008769526389	cosine	12.0	12.0	4.0	0.32125041574591606	0.0729854504975157
-0.08485692120122514	cosine	12.0	0.0	4.0	0.3274888703301788	0.06915082967409426
0.2832908392127571	cosine	12.0	4.0	0.0	0.3619613829965134	0.05069410813155855
-0.28700567661074183	cosine	12.0	12.0	4.0	0.21980291603667942	0.15992129427517748
0.2042973247760265	cosine	12.0	4.0	0.0	0.15512630699850574	0.2413181331871364
-0.40611485552600457	cosine	12.0	4.0	8.0	0.18959881966484035	0.19542302050708665
-0.04085527309728661	cosine	12.0	8.0	4.0	0.15512630699850574	0.2413181331871364
-0.10664577444171643	cosine	12.0	12.0	8.0	0.5579612484008016	0.0057813869036329145
-1.3790971888621357	cosine	12.0	0.0	8.0	0.625592914873626	0.0023179539834495147
1.3826405602064658	cosine	12.0	8.0	12.0	0.152171249563855	0.24550766712327832
-0.2605587173441701	cosine	12.0	12.0	8.0	0.42269791545515273	0.027871390595851784
-0.26051653367417943	cosine	12.0	0.0	4.0	0.2585438449975096	0.12097741769556491
1.2445947437310674	cosine	12.0	8.0	4.0	0.5343239463281865	0.007797958989405334
-0.8073424511893772	cosine	12.0	4.0	8.0	0.15512630699850574	0.2413181331871364
-0.6022182916913387	cosine	12.0	0.0	4.0	0.2585438449975096	0.12097741769556491
-0.5913158577640177	cosine	12.0	8.0	4.0	0.3619613829965134	0.05069410813155855
0.11822973373853254	cosine	12.0	8.0	0.0	0.42269791545515273	0.027871390595851784
-0.667898135790868	cosine	12.0	4.0	8.0	0.2585438449975096	0.12097741769556491
2.519407509637327	cosine	12.0	4.0	12.0	0.45651374869156497	0.01941025211611039
-1.9634531215560602	cosine	12.0	4.0	8.0	0.22407133233117496	0.15526767178736262
-0.09310402533180896	cosine	12.0	0.0	4.0	0.5687964589945211	0.005022850586273721
0.04944816655179327	cosine	12.0	8.0	4.0	0.017236256333167305	0.46891098662411435
-0.16278797695099217	cosine	12.0	8.0	0.0	0.3550662489823283	0.054032165056400634
0.7528572735577714	cosine	12.0	0.0	8.0	0.2874345825095039	0.09665182047357773
-0.27318495174260854	cosine	12.0	8.0	4.0	0.2930163576638442	0.0923983316073646
0.49524671126405234	cosine	12.0	8.0	0.0	0.6594087481100382	0.0014209342667878978
-0.9436505630327764	cosine	12.0	4.0	8.0	0.3619613829965134	0.05069410813155855
0.3154570062446063	cosine	12.0	4.0	0.0	0.46537892099551725	0.01759321537403951
-0.4573912030458106	cosine	12.0	4.0	8.0	0.49985143366185186	0.011841856219536968
1.2864901163763087	cosine	12.0	8.0	4.0	0.15512630699850574	0.2413181331871364
0.14791457528426125	cosine	12.0	0.0	4.0	0.3619613829965134	0.05069410813155855
-0.12809559866193196	cosine	12.0	12.0	8.0	0.3550662489823283	0.054032165056400634
-0.21270395607070738	cosine	12.0	4.0	8.0	0.3619613829965134	0.05069410813155855
-0.18976745283074126	cosine	12.0	12.0	8.0	0.45651374869156497	0.01941025211611039
-2.438325238636505	cosine	12.0	0.0	8.0	0.3550662489823283	0.054032165056400634
0.17950589864669567	cosine	12.0	4.0	12.0	0.3550662489823283	0.054032165056400634
-0.03520066439950353	cosine	12.0	0.0	4.0	0.3274888703301788	0.06915082967409426
-0.8069828235507716	cosine	12.0	4.0	12.0	0.08453958309103055	0.35100513154713553
-1.4739030116324288	cosine	12.0	12.0	8.0	0.152171249563855	0.24550766712327832
1.1052865879999938	cosine	12.0	12.0	8.0	0.32125041574591606	0.0729854504975157
-0.39090077619068536	cosine	12.0	8.0	4.0	0.6377414843271904	0.0019491085902795186
-1.833723038414937	cosine	12.0	4.0	8.0	0.49985143366185186	0.011841856219536968
0.32457117873339086	cosine	12.0	4.0	8.0	0.3274888703301788	0.06915082967409426
-0.8428941452763267	cosine	12.0	0.0	4.0	0.18959881966484035	0.19542302050708665
1.3118417203158244	cosine	12.0	8.0	12.0	0.152171249563855	0.24550766712327832
0.565492032934541	cosine	12.0	4.0	0.0	0.2585438449975096	0.12097741769556491
-0.8370667556262285	cosine	12.0	0.0	4.0	0.6032689716608557	0.0031641476005237878
0.11173351410851762	cosine	12.0	0.0	8.0	0.5241454151643894	0.008841950715020199
1.0712711764440916	cosine	12.0	12.0	4.0	0.25361874927309164	0.1255204679350863
-0.23407966776582684	cosine	12.0	4.0	0.0	0.3619613829965134	0.05069410813155855
0.999267355315148	cosine	12.0	12.0	8.0	0.5579612484008016	0.0057813869036329145
0.3428356363339804	cosine	12.0	8.0	12.0	0.3550662489823283	0.054032165056400634
1.0559144632918427	cosine	12.0	4.0	8.0	0.12065379433217113	0.29251458065492797
-0.02544122418074509	cosine	12.0	4.0	0.0	0.7756315349925288	0.00022376371179383555
-1.1043448749517912	cosine	12.0	12.0	4.0	0.42269791545515273	0.027871390595851784
0.9912639835722872	cosine	12.0	4.0	12.0	0.760856247819275	0.00028714577882799297
-0.5973261188463713	cosine	12.0	8.0	4.0	0.2585438449975096	0.12097741769556491
2.289556366125815	cosine	12.0	12.0	8.0	0.152171249563855	0.24550766712327832
0.09513152297815845	cosine	12.0	12.0	8.0	0.25361874927309164	0.1255204679350863
1.4061704506095662	cosine	12.0	12.0	8.0	0.25361874927309164	0.1255204679350863
0.9216938880584176	cosine	12.0	8.0	0.0	0.32125041574591606	0.0729854504975157
-1.3569417398502326	cosine	12.0	0.0	8.0	0.21980291603667942	0.15992129427517748
-0.1977019447169819	cosine	12.0	8.0	4.0	0.22407133233117496	0.15526767178736262
0.05166238595113321	cosine	12.0	8.0	4.0	0.2930163576638442	0.0923983316073646
1.2171572290575245	cosine	12.0	4.0	8.0	0.18959881966484035	0.19542302050708665
-0.3349619048768091	cosine	12.0	8.0	0.0	0.1859870828002672	0.19996727842991707
0.4371827357704282	cosine	12.0	0.0	8.0	0.152171249563855	0.24550766712327832
-0.9289515757807351	cosine	12.0	8.0	4.0	0.5343239463281865	0.007797958989405334
0.07993636837386012	cosine	12.0	4.0	0.0	0.15512630699850574	0.2413181331871364
0.08834431058841086	cosine	12.0	4.0	8.0	0.08618128166583652	0.3482541443364599
0.06149241978287982	cosine	12.0	12.0	4.0	0.32125041574591606	0.0729854504975157
-0.581480583422532	cosine	12.0	0.0	4.0	0.3274888703301788	0.06915082967409426
-1.2342305299499103	cosine	12.0	4.0	8.0	0.43090640832918264	0.025576674512344563
1.4479633176137636	cosine	12.0	8.0	0.0	0.08453958309103055	0.35100513154713553
1.9427809281179365	cosine	12.0	4.0	8.0	0.46537892099551725	0.01759321537403951
-0.7959204817665378	cosine	12.0	12.0	8.0	0.21980291603667942	0.15992129427517748
-0.6424579810847134	cosine	12.0	12.0	8.0	0.5579612484008016	0.0057813869036329145
0.31043171234104566	cosine	12.0	12.0	8.0	0.152171249563855	0.24550766712327832
0.024041427270494558	cosine	12.0	4.0	0.0	0.2585438449975096	0.12097741769556491
-2.4776661817321193	cosine	12.0	4.0	8.0	0.08618128166583652	0.3482541443364599
0.2717526564379662	cosine	12.0	12.0	8.0	0.3550662489823283	0.054032165056400634
0.3413338693703456	cosine	12.0	4.0	0.0	0.18959881966484035	0.19542302050708665
0.7223724967704228	cosine	12.0	8.0	0.0	0.25361874927309164	0.1255204679350863
0.2529451677291106	cosine	12.0	12.0	4.0	0.2874345825095039	0.09665182047357773
1.133702916968866	cosine	12.0	12.0	8.0	0.42269791545515273	0.027871390595851784
-1.3308840617434308	cosine	12.0	8.0	12.0	0.21980291603667942	0.15992129427517748
0.1710288465422688	cosine	12.0	12.0	4.0	0.49032958192797715	0.0132390167871721
-0.22395623589962768	cosine	12.0	8.0	0.0	0.5579612484008016	0.0057813869036329145
-0.4049676398581378	cosine	12.0	4.0	8.0	0.12065379433217113	0.29251458065492797
1.5966177237278047	cosine	12.0	4.0	0.0	0.2585438449975096	0.12097741769556491
-0.7586137061042246	cosine	12.0	0.0	4.0	0.2930163576638442	0.0923983316073646
-0.28711620057649867	cosine	12.0	4.0	0.0	0.43090640832918264	0.025576674512344563
-1.068887955832955	cosine	12.0	12.0	8.0	0.25361874927309164	0.1255204679350863
-0.14347118092208	cosine	12.0	0.0	4.0	0.3619613829965134	0.05069410813155855
1.0259775505288042	cosine	12.0	12.0	4.0	0.42269791545515273	0.027871390595851784
0.4463752815814994	cosine	12.0	4.0	0.0	0.15512630699850574	0.2413181331871364
-0.019324315595163417	cosine	12.0	8.0	4.0	0.22407133233117496	0.15526767178736262
0.35258347784462496	cosine	12.0	12.0	8.0	0.25361874927309164	0.1255204679350863
-0.05460500416309562	cosine	12.0	4.0	0.0	0.2930163576638442	0.0923983316073646
0.5842693377704846	cosine	12.0	12.0	8.0	0.32125041574591606	0.0729854504975157
-1.6580143743349685	cosine	12.0	0.0	4.0	0.18959881966484035	0.19542302050708665
0.6179544829582849	cosine	12.0	8.0	4.0	0.08618128166583652	0.3482541443364599
0.8327443586845398	cosine	12.0	8.0	12.0	0.2874345825095039	0.09665182047357773
0.1508826373512238	cosine	12.0	12.0	8.0	0.11835541632744277	0.2960997041901293
0.06954452422880206	cosine	12.0	4.0	8.0	0.3619613829965134	0.05069410813155855
0.1727123985248798	cosine	12.0	12.0	4.0	0.25361874927309164	0.1255204679350863
0.9923549896434828	cosine	12.0	4.0	0.0	0.18959881966484035	0.19542302050708665
-0.24202868746089354	cosine	12.0	0.0	4.0	0.3619613829965134	0.05069410813155855
-0.43914014906905036	cosine	12.0	4.0	12.0	0.152171249563855	0.24550766712327832
-0.0523696760539156	cosine	12.0	0.0	8.0	0.25361874927309164	0.1255204679350863
-0.6700717816309061	cosine	12.0	0.0	4.0	0.22407133233117496	0.15526767178736262
-0.46390247071430596	cosine	12.0	4.0	8.0	0.22407133233117496	0.15526767178736262
1.2620838446141964	cosine	12.0	0.0	4.0	0.5687964589945211	0.005022850586273721
0.9425689558968033	cosine	12.0	4.0	0.0	0.5687964589945211	0.005022850586273721
-1.6241052306713457	cosine	12.0	8.0	4.0	0.15512630699850574	0.2413181331871364
0.08972108345024299	cosine	12.0	8.0	4.0	0.5343239463281865	0.007797958989405334
1.1335198427081787	cosine	12.0	4.0	8.0	0.3274888703301788	0.06915082967409426
-0.5531053822893233	cosine	12.0	4.0	8.0	0.15512630699850574	0.2413181331871364
-0.3686784824663186	cosine	12.0	4.0	8.0	0.2930163576638442	0.0923983316073646
-0.7180566003433027	cosine	12.0	4.0	8.0	0.12065379433217113	0.29251458065492797
-0.14029941486990608	cosine	12.0	8.0	4.0	0.08618128166583652	0.3482541443364599
0.7466868980515924	cosine	12.0	4.0	12.0	0.5579612484008016	0.0057813869036329145
0.5029446180674036	cosine	12.0	0.0	4.0	0.3619613829965134	0.05069410813155855
-0.5540566639878891	cosine	12.0	8.0	4.0	0.3619613829965134	0.05069410813155855
-1.1744942312233062	cosine	12.0	0.0	8.0	0.49032958192797715	0.0132390167871721
-1.7503821167356741	cosine	12.0	8.0	12.0	0.2874345825095039	0.09665182047357773
0.5383738926675701	cosine	12.0	4.0	12.0	0.25361874927309164	0.1255204679350863
-0.9203195697332752	cosine	12.0	12.0	8.0	0.2874345825095039	0.09665182047357773
-0.5041840406446992	cosine	12.0	8.0	12.0	0.1859870828002672	0.19996727842991707
-1.1307481081659545	cosine	12.0	12.0	8.0	0.1859870828002672	0.19996727842991707
-0.6488775804142205	cosine	12.0	4.0	8.0	0.15512630699850574	0.2413181331871364
0.56930064264962	cosine	12.0	8.0	4.0	0.18959881966484035	0.19542302050708665
-1.4200367962341123	cosine	12.0	12.0	8.0	0.1859870828002672	0.19996727842991707
-1.236015252712435	cosine	12.0	4.0	0.0	0.08618128166583652	0.3482541443364599
1.5068790008295805	cosine	12.0	12.0	8.0	0.49032958192797715	0.0132390167871721
-0.6554417561630702	cosine	12.0	0.0	4.0	0.3274888703301788	0.06915082967409426
0.046129548289245384	cosine	12.0	4.0	8.0	0.051708768999501914	0.40748358899052883
0.044902378671056634	cosine	12.0	8.0	0.0	0.45651374869156497	0.01941025211611039
1.8592355626815078	cosine	12.0	4.0	0.0	0.6722139969935249	0.0011738963775857003
1.653487516897692	cosine	12.0	4.0	12.0	0.5579612484008016	0.0057813869036329145
-1.4677133310185826	cosine	12.0	4.0	8.0	0.051708768999501914	0.40748358899052883
0.5864572196147219	cosine	12.0	8.0	4.0	0.2930163576638442	0.0923983316073646
0.8812880476420354	cosine	12.0	4.0	12.0	0.25361874927309164	0.1255204679350863
0.8065300549272064	cosine	12.0	0.0	4.0	0.22407133233117496	0.15526767178736262
0.5105745149506503	cosine	12.0	4.0	8.0	0.22407133233117496	0.15526767178736262
-1.6956314366668976	cosine	12.0	0.0	8.0	0.25361874927309164	0.1255204679350863
-0.4440636211620877	cosine	12.0	12.0	4.0	0.08453958309103055	0.35100513154713553
2.2903175404981693	cosine	12.0	12.0	8.0	0.5241454151643894	0.008841950715020199
-1.123033156506349	cosine	12.0	12.0	8.0	0.5241454151643894	0.008841950715020199
-0.11967411331976206	cosine	12.0	4.0	8.0	0.08618128166583652	0.3482541443364599
0.7883575845463734	cosine	12.0	8.0	0.0	0.152171249563855	0.24550766712327832
0.5446584521083444	cosine	12.0	4.0	8.0	0.6032689716608557	0.0031641476005237878
-1.1021555653866575	cosine	12.0	0.0	4.0	0.15512630699850574	0.2413181331871364
1.3267211565864114	cosine	12.0	8.0	0.0	0.1859870828002672	0.19996727842991707
-0.717026803921132	cosine	12.0	12.0	8.0	0.1859870828002672	0.19996727842991707
-1.290068863732394	cosine	12.0	0.0	4.0	0.12065379433217113	0.29251458065492797
-1.3300823241532083	cosine	12.0	12.0	8.0	0.2874345825095039	0.09665182047357773
-0.463964134660016	cosine	12.0	8.0	4.0	0.22407133233117496	0.15526767178736262
-0.7144041270860615	cosine	12.0	4.0	8.0	0.12065379433217113	0.29251458065492797
-0.2215431135282441	cosine	12.0	0.0	8.0	0.42269791545515273	0.027871390595851784
-0.13517700416283157	cosine	12.0	4.0	12.0	0.3550662489823283	0.054032165056400634
-0.6343156935974475	cosine	12.0	0.0	4.0	0.3274888703301788	0.06915082967409426
-2.2208188632634305	cosine	12.0	4.0	0.0	0.18959881966484035	0.19542302050708665
0.49138526558299717	cosine	12.0	0.0	8.0	0.32125041574591606	0.0729854504975157
-0.40116789994332375	cosine	12.0	4.0	12.0	0.152171249563855	0.24550766712327832
1.145157420911532	cosine	12.0	12.0	8.0	0.38888208221874054	0.03920408275739032
-0.48961383601312025	cosine	12.0	4.0	8.0	0.18959881966484035	0.19542302050708665
0.3307118727314139	cosine	12.0	4.0	0.0	0.2585438449975096	0.12097741769556491
-0.11317749086059548	cosine	12.0	12.0	4.0	0.21980291603667942	0.15992129427517748
0.8543677220103684	cosine	12.0	8.0	4.0	0.051708768999501914	0.40748358899052883
0.6914324626587042	cosine	12.0	4.0	8.0	0.12065379433217113	0.29251458065492797
-0.8840856582206278	cosine	12.0	0.0	4.0	0.5687964589945211	0.005022850586273721
0.5237848666733974	cosine	12.0	0.0	4.0	0.5687964589945211	0.005022850586273721
-0.030708346338451476	cosine	12.0	12.0	4.0	0.32125041574591606	0.0729854504975157
0.5357829099785996	cosine	12.0	8.0	4.0	0.2930163576638442	0.0923983316073646
-0.32758598944321626	cosine	12.0	8.0	12.0	0.2874345825095039	0.09665182047357773
-0.0164745431775389	cosine	12.0	4.0	8.0	0.18959881966484035	0.19542302050708665
-1.6164139179953667	cosine	12.0	8.0	4.0	0.43090640832918264	0.025576674512344563
-0.9656401462914758	cosine	12.0	8.0	12.0	0.152171249563855	0.24550766712327832
0.9828258145826255	cosine	12.0	0.0	8.0	0.3550662489823283	0.054032165056400634
-0.49518730227158564	cosine	12.0	12.0	8.0	0.32125041574591606	0.0729854504975157
0.8991304378934539	cosine	12.0	8.0	12.0	0.45651374869156497	0.01941025211611039
-0.9753392302090518	cosine	12.0	4.0	8.0	0.46537892099551725	0.01759321537403951
0.005971538091045745	cosine	12.0	8.0	12.0	0.32125041574591606	0.0729854504975157
-0.48196346642551186	cosine	12.0	8.0	4.0	0.46537892099551725	0.01759321537403951
0.2956341897844354	cosine	12.0	4.0	0.0	0.3274888703301788	0.06915082967409426
-0.7656678433861235	cosine	12.0	8.0	4.0	0.08618128166583652	0.3482541443364599
-0.39523328646417927	cosine	12.0	4.0	12.0	0.5917770816372139	0.00370031333790455
0.5160886079085023	cosine	12.0	4.0	8.0	0.5687964589945211	0.005022850586273721
-0.5207510975342559	cosine	12.0	4.0	8.0	0.6377414843271904	0.0019491085902795186
0.7309950744547724	cosine	12.0	12.0	8.0	0.32125041574591606	0.0729854504975157
0.21331738292015243	cosine	12.0	8.0	12.0	0.6594087481100382	0.0014209342667878978
-0.19857664020125476	cosine	12.0	8.0	0.0	0.32125041574591606	0.0729854504975157
1.5993346152828676	cosine	12.0	8.0	4.0	0.22407133233117496	0.15526767178736262
-0.9919392440122063	cosine	12.0	4.0	0.0	0.2930163576638442	0.0923983316073646
0.4503915350427305	cosine	12.0	4.0	0.0	0.2930163576638442	0.0923983316073646
-1.1396559671139381	cosine	12.0	0.0	8.0	0.32125041574591606	0.0729854504975157
1.2761611400782353	cosine	12.0	8.0	0.0	0.2874345825095039	0.09665182047357773
-0.820550447859406	cosine	12.0	4.0	0.0	0.15512630699850574	0.2413181331871364
-0.9498932253814326	cosine	12.0	4.0	0.0	0.2930163576638442	0.0923983316073646
0.5189226853976575	cosine	12.0	0.0	4.0	0.12065379433217113	0.29251458065492797
0.6718785796387344	cosine	12.0	4.0	8.0	0.2930163576638442	0.0923983316073646
0.12910935749893648	cosine	12.0	12.0	8.0	0.42269791545515273	0.027871390595851784
-0.13208910894403658	cosine	12.0	8.0	4.0	0.2585438449975096	0.12097741769556491
0.41664335435358324	cosine	12.0	0.0	4.0	0.18959881966484035	0.19542302050708665
-0.8782446161427784	cosine	12.0	8.0	4.0	0.3274888703301788	0.06915082967409426
-0.1558084363338087	cosine	12.0	4.0	8.0	0.43090640832918264	0.025576674512344563
1.1213882307362089	cosine	12.0	4.0	0.0	0.2930163576638442	0.0923983316073646
0.26899085581607396	cosine	12.0	8.0	4.0	0.49985143366185186	0.011841856219536968
-0.08028422395902833	cosine	12.0	0.0	8.0	0.152171249563855	0.24550766712327832
0.5474355857159243	cosine	12.0	0.0	4.0	0.3619613829965134	0.05069410813155855
-1.972636030866125	cosine	12.0	0.0	8.0	0.32125041574591606	0.0729854504975157
-0.30979635869193245	cosine	12.0	8.0	4.0	0.22407133233117496	0.15526767178736262
0.35309362950012646	cosine	12.0	4.0	8.0	0.5343239463281865	0.007797958989405334
-1.603647357203443	cosine	12.0	4.0	8.0	0.2585438449975096	0.12097741769556491
1.333020340518253	cosine	12.0	4.0	8.0	0.22407133233117496	0.15526767178736262
0.19412851324460756	cosine	12.0	0.0	8.0	0.152171249563855	0.24550766712327832
-0.11470139103400823	cosine	12.0	12.0	4.0	0.1859870828002672	0.19996727842991707
-0.48314207605922965	cosine	12.0	4.0	8.0	0.2585438449975096	0.12097741769556491
0.6141246358808486	cosine	12.0	8.0	0.0	0.21980291603667942	0.15992129427517748
-0.4937614656176871	cosine	12.0	0.0	4.0	0.46537892099551725	0.01759321537403951
0.1880798164409683	cosine	12.0	4.0	8.0	0.12065379433217113	0.29251458065492797
0.7931004294055233	cosine	12.0	4.0	0.0	0.08618128166583652	0.3482541443364599
1.0735733216171517	cosine	12.0	0.0	8.0	0.2874345825095039	0.09665182047357773
0.18835407377416652	cosine	12.0	0.0	4.0	0.3619613829965134	0.05069410813155855
0.08500499383127659	cosine	12.0	8.0	12.0	0.625592914873626	0.0023179539834495147
0.24301875501106082	cosine	12.0	8.0	4.0	0.15512630699850574	0.2413181331871364
0.7141654342009374	cosine	12.0	8.0	12.0	0.5579612484008016	0.0057813869036329145
-0.2789731868344406	cosine	12.0	8.0	12.0	0.152171249563855	0.24550766712327832
0.5285303082114091	cosine	12.0	8.0	4.0	0.5687964589945211	0.005022850586273721
0.04778738628238034	cosine	12.0	4.0	0.0	0.39643389566284803	0.03639255752172218
0.5980561359848863	cosine	12.0	12.0	4.0	0.2874345825095039	0.09665182047357773
0.12289894667689304	cosine	12.0	4.0	8.0	0.22407133233117496	0.15526767178736262
0.1887173010969278	cosine	12.0	4.0	0.0	0.2930163576638442	0.0923983316073646
-0.08004824253783233	cosine	12.0	0.0	4.0	0.43090640832918264	0.025576674512344563
-0.5344510988750211	cosine	12.0	4.0	8.0	0.22407133233117496	0.15526767178736262
-1.0051281950179274	cosine	12.0	0.0	4.0	0.2585438449975096	0.12097741769556491
-0.22927638510796416	cosine	12.0	8.0	4.0	0.22407133233117496	0.15526767178736262
0.28307080721813355	cosine	12.0	12.0	4.0	0.2874345825095039	0.09665182047357773
-1.3977695920814304	cosine	12.0	12.0	8.0	0.49032958192797715	0.0132390167871721
-0.4900864582373976	cosine	12.0	4.0	12.0	0.11835541632744277	0.2960997041901293
-0.45704258528054625	cosine	12.0	0.0	4.0	0.46537892099551725	0.01759321537403951
-0.6628930816266001	cosine	12.0	4.0	12.0	0.42269791545515273	0.027871390595851784
1.8727358114126473	cosine	12.0	4.0	0.0	0.39643389566284803	0.03639255752172218
1.3865701001422017	cosine	12.0	0.0	8.0	0.1859870828002672	0.19996727842991707
1.1656685656243515	cosine	12.0	0.0	8.0	0.38888208221874054	0.03920408275739032
0.8334950224592713	cosine	12.0	0.0	8.0	0.1859870828002672	0.19996727842991707
-0.26779396791511306	cosine	12.0	8.0	4.0	0.39643389566284803	0.03639255752172218
0.5656662660358798	cosine	12.0	0.0	4.0	0.2585438449975096	0.12097741769556491
-0.18925478278283006	cosine	12.0	12.0	8.0	0.32125041574591606	0.0729854504975157
2.293160723421032	cosine	12.0	12.0	8.0	0.32125041574591606	0.0729854504975157
-0.4280465741528323	cosine	12.0	8.0	4.0	0.2930163576638442	0.0923983316073646
-0.10248195606863339	cosine	12.0	4.0	12.0	0.3550662489823283	0.054032165056400634
0.07456572949638024	cosine	12.0	4.0	0.0	0.39643389566284803	0.03639255752172218
0.5480022496083903	cosine	12.0	8.0	12.0	0.3550662489823283	0.054032165056400634
-1.3008604632413396	cosine	12.0	0.0	8.0	0.21980291603667942	0.15992129427517748
0.616327128163657	cosine	12.0	0.0	8.0	0.1859870828002672	0.19996727842991707
0.38009770177081353	cosine	12.0	0.0	4.0	0.18959881966484035	0.19542302050708665
-0.5377144340114851	cosine	12.0	4.0	8.0	0.08618128166583652	0.3482541443364599
0.22979873816425875	cosine	12.0	8.0	4.0	0.5343239463281865	0.007797958989405334
0.1794226834318438	cosine	12.0	12.0	4.0	0.42269791545515273	0.027871390595851784
1.0326196279780224	cosine	12.0	12.0	8.0	0.21980291603667942	0.15992129427517748
-0.04660443411382282	cosine	12.0	0.0	4.0	0.39643389566284803	0.03639255752172218
0.5945884559552205	cosine	12.0	4.0	8.0	0.39643389566284803	0.03639255752172218
0.03422774364646416	cosine	12.0	4.0	0.0	0.49985143366185186	0.011841856219536968
-0.4261948364300326	cosine	12.0	0.0	4.0	0.5343239463281865	0.007797958989405334
-0.2118355350948675	cosine	12.0	4.0	0.0	0.5687964589945211	0.005022850586273721
-2.3334738406201687	cosine	12.0	4.0	8.0	0.15512630699850574	0.2413181331871364
-2.021309605029451	cosine	12.0	4.0	8.0	0.15512630699850574	0.2413181331871364
-0.2615146411472005	cosine	12.0	12.0	8.0	0.42269791545515273	0.027871390595851784
0.34865974603869504	cosine	12.0	12.0	8.0	0.1859870828002672	0.19996727842991707
0.6540812262365442	cosine	12.0	8.0	4.0	0.12065379433217113	0.29251458065492797
-0.005400467068049701	cosine	12.0	4.0	12.0	0.49032958192797715	0.0132390167871721
-0.2830047118031029	cosine	12.0	4.0	8.0	0.5687964589945211	0.005022850586273721
-0.29790466887303896	cosine	12.0	0.0	4.0	0.22407133233117496	0.15526767178736262
-0.6562147385540354	cosine	12.0	0.0	8.0	0.152171249563855	0.24550766712327832
0.2660852625184706	cosine	12.0	0.0	4.0	0.3274888703301788	0.06915082967409426
1.180203400797016	cosine	12.0	8.0	4.0	0.2930163576638442	0.0923983316073646
1.7049459677485426	cosine	12.0	12.0	8.0	0.3550662489823283	0.054032165056400634
0.08672782511060854	cosine	12.0	8.0	12.0	0.49032958192797715	0.0132390167871721
0.1242047966423381	cosine	12.0	12.0	8.0	0.11835541632744277	0.2960997041901293
2.1651868714017244	cosine	12.0	8.0	12.0	0.32125041574591606	0.0729854504975157
0.4627427218480614	cosine	12.0	8.0	12.0	0.21980291603667942	0.15992129427517748
0.5212654568901246	cosine	12.0	4.0	8.0	0.22407133233117496	0.15526767178736262
1.55390834614502	cosine	12.0	12.0	8.0	0.25361874927309164	0.1255204679350863
-0.35786259898681205	cosine	12.0	8.0	4.0	0.051708768999501914	0.40748358899052883
1.725498352903906	cosine	12.0	8.0	4.0	0.08618128166583652	0.3482541443364599
-0.5412146404894543	cosine	12.0	8.0	12.0	0.152171249563855	0.24550766712327832
0.6466165373246139	cosine	12.0	4.0	12.0	0.38888208221874054	0.03920408275739032
0.2135875310697393	cosine	12.0	8.0	4.0	0.08618128166583652	0.3482541443364599
1.6782023969849282	cosine	12.0	12.0	8.0	0.2874345825095039	0.09665182047357773
0.7435822433820816	cosine	12.0	4.0	8.0	0.22407133233117496	0.15526767178736262
0.40351061343976236	cosine	12.0	0.0	4.0	0.2930163576638442	0.0923983316073646
0.09031575271995185	cosine	12.0	0.0	8.0	0.21980291603667942	0.15992129427517748
-0.04990933196690245	cosine	12.0	8.0	4.0	0.12065379433217113	0.29251458065492797
-1.497763594392666	cosine	12.0	8.0	12.0	0.21980291603667942	0.15992129427517748
-0.09705198487129615	cosine	12.0	8.0	4.0	0.43090640832918264	0.025576674512344563
-0.07567329389787045	cosine	12.0	0.0	4.0	0.22407133233117496	0.15526767178736262
-0.13405217346726986	cosine	12.0	12.0	8.0	0.1859870828002672	0.19996727842991707
0.8147785497778275	cosine	12.0	4.0	8.0	0.7411590223261941	0.00039778904624074133
-1.1160373478662464	cosine	12.0	12.0	4.0	0.1859870828002672	0.19996727842991707
0.33510728035191684	cosine	12.0	12.0	8.0	0.11835541632744277	0.2960997041901293
0.31470610922373876	cosine	12.0	0.0	4.0	0.43090640832918264	0.025576674512344563
0.092813011464236	cosine	12.0	0.0	4.0	0.49985143366185186	0.011841856219536968
