ID	Waveform	Period	Phase	Nadir	Tau	P
-0.7663002887531778	cosine	24.0	8.0	4.0	0.6461702685025607	0.001725440175873364
0.7796525607809267	cosine	24.0	0.0	4.0	0.488567763989741	0.013512582066973257
0.3048293642050116	cosine	24.0	20.0	8.0	0.46159309117249814	0.018350598749125858
-0.8918707857988112	cosine	24.0	16.0	12.0	0.5720775535473558	0.004811332704071246
1.9832554166504057	cosine	24.0	0.0	8.0	0.21885688981825296	0.16096491949833142
-0.7357870338241729	cosine	24.0	4.0	0.0	0.2994447585743574	0.08767317792776053
-0.24036118138315274	cosine	24.0	16.0	20.0	0.41316712200642364	0.03074837886955296
-0.8583311828228298	cosine	24.0	4.0	8.0	0.3940062612820492	0.037277784955182205
-0.32410915487105413	cosine	24.0	12.0	4.0	0.5940401295066866	0.0035886947605967253
-0.7725059048346777	cosine	24.0	8.0	20.0	0.40004734568283173	0.03510685701315916
1.5567111617321652	cosine	24.0	20.0	0.0	0.40644850966246976	0.03292085287309089
1.7329916461300041	cosine	24.0	4.0	16.0	0.38770175433269644	0.03965908586713749
-1.3316500852077366	cosine	24.0	16.0	20.0	0.34960294939005077	0.05679866795607516
-1.5717864736411338	cosine	24.0	0.0	12.0	0.44973403502592785	0.02090527421057417
-1.589407640886142	cosine	24.0	12.0	8.0	0.33096525947692135	0.06708239491800405
1.2228472179368288	cosine	24.0	0.0	4.0	0.2048832558666656	0.1768962477431396
-0.7534851889447257	cosine	24.0	20.0	12.0	0.44973403502592785	0.02090527421057417
-0.1757399973678918	cosine	24.0	4.0	8.0	0.2364037567692295	0.1423291682149232
0.4861850995429035	cosine	24.0	20.0	8.0	0.6462303276414973	0.001723933898960118
0.3592498542375724	cosine	24.0	20.0	16.0	0.38138503569823723	0.042167604419924586
0.950209706101835	cosine	24.0	12.0	8.0	0.42552676218461316	0.027061931661110435
-0.047240531738234996	cosine	24.0	0.0	4.0	0.3940062612820492	0.037277784955182205
1.2743549667232974	cosine	24.0	12.0	8.0	0.33096525947692135	0.06708239491800405
0.6972536673964993	cosine	24.0	12.0	8.0	0.2994447585743574	0.08767317792776053
-1.2442851194520803	cosine	24.0	12.0	8.0	0.488567763989741	0.013512582066973257
0.03927584869124524	cosine	24.0	4.0	0.0	0.3940062612820492	0.037277784955182205
-1.2862325867835078	cosine	24.0	0.0	4.0	0.2364037567692295	0.1423291682149232
-1.7512564844786334	cosine	24.0	16.0	20.0	0.38138503569823723	0.042167604419924586
0.58815356814125	cosine	24.0	0.0	8.0	0.15632634987018068	0.23962792898088553
1.3895257946602297	cosine	24.0	16.0	12.0	0.2542566904654915	0.12492539106643724
-2.773757303447968	cosine	24.0	20.0	4.0	0.21885688981825296	0.16096491949833142
-0.26355218097415595	cosine	24.0	8.0	20.0	0.3385016001931653	0.06276288318311772
0.3567834035855892	cosine	24.0	0.0	4.0	0.33096525947692135	0.06708239491800405
-0.3675992368838885	cosine	24.0	12.0	8.0	0.488567763989741	0.013512582066973257
1.321351755597294	cosine	24.0	16.0	20.0	0.22247460415730505	0.1569979267286259
-0.6839163339997375	cosine	24.0	4.0	8.0	0.2364037567692295	0.1423291682149232
-1.0842003344731108	cosine	24.0	8.0	12.0	0.36248576037948527	0.05044712112711767
0.18785356679849335	cosine	24.0	16.0	12.0	0.2860387767736779	0.0977376033412587
-1.7699168175220692	cosine	24.0	20.0	12.0	0.29465333329284926	0.09117756893125428
-0.11968230312952581	cosine	24.0	4.0	0.0	0.3940062612820492	0.037277784955182205
0.40260956413144267	cosine	24.0	16.0	12.0	0.22247460415730505	0.1569979267286259
1.2280520672119368	cosine	24.0	8.0	16.0	0.38770175433269644	0.03965908586713749
-0.005137276557898231	cosine	24.0	8.0	4.0	0.4570472630871771	0.01929656018546278
-0.17214771519773733	cosine	24.0	12.0	8.0	0.2048832558666656	0.1768962477431396
0.4299919583706158	cosine	24.0	0.0	20.0	0.31265269974036136	0.07853426938217861
0.5402184654680702	cosine	24.0	0.0	4.0	0.488567763989741	0.013512582066973257
-0.09299825165166044	cosine	24.0	20.0	16.0	0.34960294939005077	0.05679866795607516
-1.1894713111814583	cosine	24.0	16.0	12.0	0.34960294939005077	0.05679866795607516
-0.8711937083892151	cosine	24.0	0.0	20.0	0.31265269974036136	0.07853426938217861
1.2668498040468987	cosine	24.0	0.0	4.0	0.488567763989741	0.013512582066973257
-0.3009265133530478	cosine	24.0	0.0	8.0	0.37518323968843365	0.044753897420978433
0.2107827451105167	cosine	24.0	12.0	4.0	0.43771377963650593	0.02379564823412834
-1.1684628804880839	cosine	24.0	0.0	20.0	0.43771377963650593	0.02379564823412834
-1.4436100951703488	cosine	24.0	4.0	0.0	0.2048832558666656	0.1768962477431396
0.7109964363943593	cosine	24.0	12.0	20.0	0.35668561398608073	0.053232974601062806
-0.34423763374614874	cosine	24.0	12.0	20.0	0.23262105259961785	0.14621780365458337
-0.5732581831189989	cosine	24.0	8.0	4.0	0.33096525947692135	0.06708239491800405
-0.7913790830778428	cosine	24.0	20.0	16.0	0.4449492083146101	0.022018113736134944
-0.25972174021455835	cosine	24.0	12.0	16.0	0.34960294939005077	0.05679866795607516
-0.9854125712430155	cosine	24.0	4.0	12.0	0.6253053994807227	0.0023274023270582257
-0.7915057670204265	cosine	24.0	0.0	8.0	0.43771377963650593	0.02379564823412834
0.9279907523856494	cosine	24.0	0.0	16.0	0.5002443195845782	0.011787064559833655
1.1999171183012285	cosine	24.0	16.0	12.0	0.2542566904654915	0.12492539106643724
0.5867010598253753	cosine	24.0	12.0	4.0	0.28138742976632525	0.10142035953841916
1.62671290005181	cosine	24.0	16.0	20.0	0.22247460415730505	0.1569979267286259
-1.0911394132173722	cosine	24.0	16.0	12.0	0.31782086308186436	0.07516173316558697
-1.6411802413980683	cosine	24.0	4.0	20.0	0.5627748595326505	0.005432675743650132
0.6152706016356293	cosine	24.0	16.0	8.0	0.38770175433269644	0.03965908586713749
-0.6833886022890318	cosine	24.0	16.0	20.0	0.34960294939005077	0.05679866795607516
0.5576938759442612	cosine	24.0	8.0	4.0	0.2364037567692295	0.1423291682149232
0.6282574927144	cosine	24.0	16.0	20.0	0.31782086308186436	0.07516173316558697
-0.545554393698318	cosine	24.0	12.0	16.0	0.2860387767736779	0.0977376033412587
-2.0456400392489638	cosine	24.0	8.0	12.0	0.33096525947692135	0.06708239491800405
0.551573490579259	cosine	24.0	4.0	8.0	0.33096525947692135	0.06708239491800405
-0.5689063981279097	cosine	24.0	0.0	16.0	0.37518323968843365	0.044753897420978433
1.1531552066452762	cosine	24.0	12.0	20.0	0.38770175433269644	0.03965908586713749
-1.0546082795111178	cosine	24.0	16.0	4.0	0.41871789467931214	0.02904431653896035
-0.8991570592535396	cosine	24.0	8.0	20.0	0.5539117094069977	0.006089982172122457
-0.6559626808174115	cosine	24.0	8.0	4.0	0.2048832558666656	0.1768962477431396
-0.1830320746618718	cosine	24.0	0.0	20.0	0.40644850966246976	0.03292085287309089
2.473419986216616	cosine	24.0	20.0	16.0	0.38138503569823723	0.042167604419924586
0.1009979296950579	cosine	24.0	8.0	16.0	0.5117663157191593	0.010275152505006458
-0.8838148806975382	cosine	24.0	0.0	4.0	0.3940062612820492	0.037277784955182205
0.8502126763804894	cosine	24.0	12.0	20.0	0.7288792981454693	0.0004855762269990423
-1.3242839679963434	cosine	24.0	16.0	20.0	0.22247460415730505	0.1569979267286259
1.0485733112068987	cosine	24.0	8.0	4.0	0.2364037567692295	0.1423291682149232
-1.8068121148118563	cosine	24.0	0.0	20.0	0.6565706694547588	0.001481745846560898
0.20819647006011952	cosine	24.0	20.0	4.0	0.6253053994807227	0.0023274023270582257
2.8244435992044448	cosine	24.0	16.0	20.0	0.31782086308186436	0.07516173316558697
0.9415209350951962	cosine	24.0	16.0	0.0	0.18759161984421682	0.1979406704679717
0.6543983521672464	cosine	24.0	8.0	12.0	0.520088264892305	0.009291071757416634
-0.7825244004903507	cosine	24.0	12.0	4.0	0.43771377963650593	0.02379564823412834
0.9796210409201654	cosine	24.0	16.0	20.0	0.4449492083146101	0.022018113736134944
0.8244064081980267	cosine	24.0	20.0	8.0	0.5539117094069977	0.006089982172122457
-2.301573510367923	cosine	24.0	0.0	8.0	0.43771377963650593	0.02379564823412834
-0.08119074383579264	cosine	24.0	8.0	20.0	0.24618298195866567	0.13260270265321483
1.0164915625333815	cosine	24.0	0.0	20.0	0.34391796971439753	0.05979464037584733
-1.3937406229606324	cosine	24.0	8.0	12.0	0.26792425767179345	0.11264743725548343
-1.4341585158919519	cosine	24.0	0.0	4.0	0.14184225406153772	0.26045348007935765
0.27316650709771095	cosine	24.0	12.0	4.0	0.6253053994807227	0.0023274023270582257
-0.013617379122918556	cosine	24.0	12.0	4.0	0.34391796971439753	0.05979464037584733
1.1584918480571658	cosine	24.0	12.0	8.0	0.33096525947692135	0.06708239491800405
1.9997004477825708	cosine	24.0	0.0	16.0	0.5315095895586144	0.008075181454718987
1.1503329865709389	cosine	24.0	16.0	12.0	0.6992058987801015	0.0007768612113157386
0.5800775027041309	cosine	24.0	4.0	20.0	0.31265269974036136	0.07853426938217861
0.08718514318382557	cosine	24.0	8.0	4.0	0.2048832558666656	0.1768962477431396
-0.07878512466436173	cosine	24.0	0.0	8.0	0.5002443195845782	0.011787064559833655
-1.781110098812441	cosine	24.0	20.0	16.0	0.31782086308186436	0.07516173316558697
-0.5020448852668339	cosine	24.0	16.0	8.0	0.325669473639465	0.07025277592236653
0.9533927506748832	cosine	24.0	4.0	20.0	0.37518323968843365	0.044753897420978433
1.8998019179335057	cosine	24.0	0.0	20.0	0.34391796971439753	0.05979464037584733
0.5131391257900783	cosine	24.0	12.0	20.0	0.325669473639465	0.07025277592236653
1.3046625088087191	cosine	24.0	0.0	20.0	0.5002443195845782	0.011787064559833655
1.110326191734458	cosine	24.0	20.0	0.0	0.37518323968843365	0.044753897420978433
-0.6056301599675036	cosine	24.0	4.0	8.0	0.14184225406153772	0.26045348007935765
-0.6990277828486945	cosine	24.0	20.0	0.0	0.28138742976632525	0.10142035953841916
1.0704819307948816	cosine	24.0	8.0	0.0	0.43771377963650593	0.02379564823412834
1.8003242677521456	cosine	24.0	8.0	4.0	0.2048832558666656	0.1768962477431396
0.5895784137229005	cosine	24.0	16.0	20.0	0.6674238124719151	0.0012612939717876347
0.5437124559004879	cosine	24.0	4.0	0.0	0.2994447585743574	0.08767317792776053
-0.6964556454609461	cosine	24.0	16.0	8.0	0.38770175433269644	0.03965908586713749
-0.009234051399562826	cosine	24.0	16.0	8.0	0.38770175433269644	0.03965908586713749
-0.43549389522277504	cosine	24.0	16.0	8.0	0.44973403502592785	0.02090527421057417
-0.6801891532996007	cosine	24.0	0.0	20.0	0.46897904961054204	0.016897895516253123
-1.3012466303515688	cosine	24.0	12.0	16.0	0.41316712200642364	0.03074837886955296
0.8119644120349393	cosine	24.0	4.0	0.0	0.42552676218461316	0.027061931661110435
-0.26607954530415934	cosine	24.0	20.0	16.0	0.38138503569823723	0.042167604419924586
0.394732512732422	cosine	24.0	8.0	0.0	0.37518323968843365	0.044753897420978433
0.013337250395834622	cosine	24.0	8.0	16.0	0.44973403502592785	0.02090527421057417
2.87610287225162	cosine	24.0	16.0	12.0	0.31782086308186436	0.07516173316558697
-0.2986582695996918	cosine	24.0	0.0	20.0	0.43771377963650593	0.02379564823412834
-0.6947311438357043	cosine	24.0	20.0	12.0	0.41871789467931214	0.02904431653896035
1.9822584812720954	cosine	24.0	0.0	12.0	0.38770175433269644	0.03965908586713749
0.7520583570527821	cosine	24.0	0.0	4.0	0.5516087657948688	0.006271913590386279
-0.7896818571332754	cosine	24.0	8.0	20.0	0.46159309117249814	0.018350598749125858
1.4603915185195544	cosine	24.0	12.0	8.0	0.2364037567692295	0.1423291682149232
0.4755615234149062	cosine	24.0	8.0	12.0	0.2364037567692295	0.1423291682149232
0.49183702159857273	cosine	24.0	0.0	20.0	0.28138742976632525	0.10142035953841916
-0.34575302606777447	cosine	24.0	0.0	8.0	0.37518323968843365	0.044753897420978433
0.3781746969353599	cosine	24.0	0.0	4.0	0.26792425767179345	0.11264743725548343
1.5646387623320666	cosine	24.0	4.0	8.0	0.2364037567692295	0.1423291682149232
0.8857754994233284	cosine	24.0	12.0	4.0	0.37518323968843365	0.044753897420978433
0.5303791679473483	cosine	24.0	4.0	8.0	0.26792425767179345	0.11264743725548343
1.9718388511315468	cosine	24.0	4.0	8.0	0.4570472630871771	0.01929656018546278
2.2201966484427254	cosine	24.0	8.0	4.0	0.17336275496410164	0.21634316011970334
-0.28394106588101264	cosine	24.0	12.0	8.0	0.33096525947692135	0.06708239491800405
-0.10986077493865207	cosine	24.0	0.0	20.0	0.31265269974036136	0.07853426938217861
2.1335376326213136	cosine	24.0	0.0	20.0	0.40644850966246976	0.03292085287309089
-1.526456680980983	cosine	24.0	20.0	12.0	0.38770175433269644	0.03965908586713749
-1.2445653318886911	cosine	24.0	20.0	4.0	0.43771377963650593	0.02379564823412834
0.3444124145539629	cosine	24.0	4.0	0.0	0.26792425767179345	0.11264743725548343
0.46258215470808095	cosine	24.0	12.0	8.0	0.17336275496410164	0.21634316011970334
-1.2583147742287284	cosine	24.0	20.0	0.0	0.31265269974036136	0.07853426938217861
0.2596699493020781	cosine	24.0	0.0	4.0	0.488567763989741	0.013512582066973257
-0.2746393388240975	cosine	24.0	0.0	12.0	0.6978631577988536	0.0007932410229537244
-0.7494975375149158	cosine	24.0	4.0	0.0	0.42552676218461316	0.027061931661110435
-0.07184711221374582	cosine	24.0	16.0	20.0	0.38138503569823723	0.042167604419924586
-0.30560782519986607	cosine	24.0	4.0	8.0	0.3940062612820492	0.037277784955182205
0.8444064316775012	cosine	24.0	4.0	0.0	0.26792425767179345	0.11264743725548343
0.551209687263884	cosine	24.0	8.0	12.0	0.36248576037948527	0.05044712112711767
0.6304351117273105	cosine	24.0	12.0	8.0	0.42552676218461316	0.027061931661110435
0.004655492546974067	cosine	24.0	0.0	20.0	0.6565706694547588	0.001481745846560898
-0.8425525933867145	cosine	24.0	0.0	4.0	0.520088264892305	0.009291071757416634
-0.8401934291586216	cosine	24.0	4.0	8.0	0.6461702685025607	0.001725440175873364
-1.240743424425295	cosine	24.0	16.0	20.0	0.31782086308186436	0.07516173316558697
0.6684238253134395	cosine	24.0	20.0	12.0	0.48075017537254355	0.014786104244078217
-0.963609828253238	cosine	24.0	8.0	4.0	0.2994447585743574	0.08767317792776053
0.5540738851633686	cosine	24.0	0.0	4.0	0.36248576037948527	0.05044712112711767
1.7815829622594173	cosine	24.0	4.0	8.0	0.33096525947692135	0.06708239491800405
0.7769648300470003	cosine	24.0	0.0	20.0	0.6253053994807227	0.0023274023270582257
0.10161897211843554	cosine	24.0	4.0	0.0	0.3940062612820492	0.037277784955182205
-0.24982537342642716	cosine	24.0	0.0	4.0	0.5516087657948688	0.006271913590386279
-0.2572984268305503	cosine	24.0	8.0	20.0	0.49236596391733134	0.012928792206995913
1.2921814390354047	cosine	24.0	4.0	16.0	0.542782456065775	0.007014531725125648
-0.07784484267206279	cosine	24.0	16.0	20.0	0.2542566904654915	0.12492539106643724
-0.9742010695189689	cosine	24.0	12.0	16.0	0.31782086308186436	0.07516173316558697
-1.445815418848948	cosine	24.0	0.0	16.0	0.34391796971439753	0.05979464037584733
-1.915242472852985	cosine	24.0	8.0	12.0	0.2364037567692295	0.1423291682149232
3.1034337558537146	cosine	24.0	20.0	8.0	0.49236596391733134	0.012928792206995913
0.11022503382844728	cosine	24.0	20.0	4.0	0.37518323968843365	0.044753897420978433
0.8020003363663861	cosine	24.0	8.0	12.0	0.2364037567692295	0.1423291682149232
0.8844200786391069	cosine	24.0	12.0	0.0	0.23262105259961785	0.14621780365458337
-0.8453856258608113	cosine	24.0	4.0	8.0	0.36248576037948527	0.05044712112711767
1.3159799158983154	cosine	24.0	12.0	4.0	0.37518323968843365	0.044753897420978433
-1.1603702926510893	cosine	24.0	0.0	4.0	0.6461702685025607	0.001725440175873364
0.290122338736059	cosine	24.0	12.0	8.0	0.2364037567692295	0.1423291682149232
1.0739533991053525	cosine	24.0	0.0	4.0	0.5516087657948688	0.006271913590386279
2.0125370176130257	cosine	24.0	16.0	12.0	0.31782086308186436	0.07516173316558697
0.7218661764735752	cosine	24.0	0.0	12.0	0.38770175433269644	0.03965908586713749
0.13556886011941266	cosine	24.0	16.0	12.0	0.2542566904654915	0.12492539106643724
-0.902531044374726	cosine	24.0	4.0	16.0	0.29465333329284926	0.09117756893125428
0.26475570152705385	cosine	24.0	4.0	8.0	0.26792425767179345	0.11264743725548343
1.4288768157206337	cosine	24.0	12.0	0.0	0.44973403502592785	0.02090527421057417
2.1999196619441546	cosine	24.0	8.0	12.0	0.42552676218461316	0.027061931661110435
0.0806976751843319	cosine	24.0	12.0	8.0	0.07880125225640984	0.3606815004067642
0.16861529057270525	cosine	24.0	16.0	12.0	0.15891043154093218	0.2360104104586807
-0.6066771443371436	cosine	24.0	0.0	8.0	0.40644850966246976	0.03292085287309089
0.05846590929801831	cosine	24.0	16.0	12.0	0.508513380930983	0.01068384436354423
0.024368714121940405	cosine	24.0	16.0	12.0	0.31782086308186436	0.07516173316558697
-0.4842333109163013	cosine	24.0	4.0	8.0	0.4570472630871771	0.01929656018546278
-0.21239116453762963	cosine	24.0	20.0	8.0	0.27695585470349887	0.10502217458211738
2.2635005562732085	cosine	24.0	20.0	16.0	0.6356417261637287	0.0020087796364305814
-1.159658523925642	cosine	24.0	16.0	20.0	0.5402954672391693	0.0072373318982772135
0.002616346819003815	cosine	24.0	8.0	4.0	0.42552676218461316	0.027061931661110435
-0.2228685972453112	cosine	24.0	16.0	12.0	0.41316712200642364	0.03074837886955296
0.15116362043260034	cosine	24.0	20.0	16.0	0.34960294939005077	0.05679866795607516
-0.23430131723567205	cosine	24.0	16.0	20.0	0.2542566904654915	0.12492539106643724
0.11936608013834966	cosine	24.0	20.0	0.0	0.2501221597922891	0.12881724171626302
-0.7743768616721658	cosine	24.0	8.0	12.0	0.42552676218461316	0.027061931661110435
1.368916549199256	cosine	24.0	0.0	12.0	0.6358308771056221	0.0020033371474573332
0.4532943551632187	cosine	24.0	0.0	20.0	0.31265269974036136	0.07853426938217861
-0.7650113556915643	cosine	24.0	0.0	16.0	0.21885688981825296	0.16096491949833142
-0.826224999876762	cosine	24.0	16.0	20.0	0.4449492083146101	0.022018113736134944
0.2657943151078798	cosine	24.0	8.0	12.0	0.4570472630871771	0.01929656018546278
-0.9896955219852057	cosine	24.0	16.0	20.0	0.4449492083146101	0.022018113736134944
0.3304574659160797	cosine	24.0	20.0	4.0	0.31265269974036136	0.07853426938217861
-1.2619174579907027	cosine	24.0	20.0	0.0	0.46897904961054204	0.016897895516253123
-1.5504072701012634	cosine	24.0	16.0	12.0	0.19069251784911861	0.19405940885016393
1.2940805589155753	cosine	24.0	20.0	16.0	0.34960294939005077	0.05679866795607516
1.008725454896598	cosine	24.0	12.0	0.0	0.6668470174522378	0.0012722098173665757
0.561458944035349	cosine	24.0	16.0	12.0	0.2542566904654915	0.12492539106643724
-0.5123784603584514	cosine	24.0	8.0	20.0	0.43082021842766494	0.02559992123005601
-1.011217295037896	cosine	24.0	8.0	12.0	0.36248576037948527	0.05044712112711767
-1.0960234222045453	cosine	24.0	4.0	16.0	0.5117663157191593	0.010275152505006458
-1.1115489033684085	cosine	24.0	20.0	8.0	0.738548945875997	0.0004151128468897901
0.8234528090746486	cosine	24.0	12.0	16.0	0.2860387767736779	0.0977376033412587
-0.3262182602196567	cosine	24.0	16.0	8.0	0.38770175433269644	0.03965908586713749
1.2688642002803658	cosine	24.0	8.0	4.0	0.2994447585743574	0.08767317792776053
-1.1488826453957803	cosine	24.0	4.0	8.0	0.3940062612820492	0.037277784955182205
-1.47140248472752	cosine	24.0	16.0	12.0	0.34960294939005077	0.05679866795607516
-1.05332521318547	cosine	24.0	12.0	4.0	0.37518323968843365	0.044753897420978433
-0.9031316807310329	cosine	24.0	0.0	4.0	0.4570472630871771	0.01929656018546278
-1.7428173462017111	cosine	24.0	0.0	16.0	0.7503664793768673	0.00034189223478594356
0.953132327603886	cosine	24.0	20.0	16.0	0.41316712200642364	0.03074837886955296
-0.5703073635314757	cosine	24.0	12.0	16.0	0.2860387767736779	0.0977376033412587
-0.17244007651927254	cosine	24.0	12.0	8.0	0.33096525947692135	0.06708239491800405
1.2679235379225031	cosine	24.0	12.0	8.0	0.2048832558666656	0.1768962477431396
-0.8607498800395895	cosine	24.0	16.0	4.0	0.41871789467931214	0.02904431653896035
-0.630454763287384	cosine	24.0	8.0	4.0	0.2994447585743574	0.08767317792776053
-0.7753644280783022	cosine	24.0	4.0	20.0	0.12506107989614454	0.2856969100727392
-1.7413060538783747	cosine	24.0	8.0	12.0	0.14184225406153772	0.26045348007935765
0.9068733476803326	cosine	24.0	8.0	16.0	0.5117663157191593	0.010275152505006458
-0.012935775660059797	cosine	24.0	8.0	12.0	0.33096525947692135	0.06708239491800405
-0.45056496654064815	cosine	24.0	12.0	16.0	0.34960294939005077	0.05679866795607516
1.691165321337396	cosine	24.0	4.0	8.0	0.6776907694051246	0.001080787662488592
0.29448806969561697	cosine	24.0	8.0	12.0	0.33096525947692135	0.06708239491800405
-0.2627937490988763	cosine	24.0	16.0	0.0	0.2501221597922891	0.12881724171626302
-0.8069193533266363	cosine	24.0	8.0	0.0	0.5627748595326505	0.005432675743650132
-0.5636774786402813	cosine	24.0	4.0	0.0	0.2364037567692295	0.1423291682149232
-1.8102785194842963	cosine	24.0	8.0	0.0	0.40644850966246976	0.03292085287309089
-0.012616570673440092	cosine	24.0	20.0	0.0	0.31265269974036136	0.07853426938217861
-0.8755415734248618	cosine	24.0	16.0	12.0	0.34960294939005077	0.05679866795607516
-0.6567395388136441	cosine	24.0	20.0	8.0	0.6770032003863306	0.0010920931144948432
1.170841641139447	cosine	24.0	16.0	8.0	0.41871789467931214	0.02904431653896035
-1.882310876455417	cosine	24.0	8.0	4.0	0.36248576037948527	0.05044712112711767
-1.4167100932445635	cosine	24.0	8.0	20.0	0.49236596391733134	0.012928792206995913
0.3397736990970255	cosine	24.0	16.0	0.0	0.43771377963650593	0.02379564823412834
-0.4695721814951937	cosine	24.0	16.0	8.0	0.26363719294623356	0.11640217218244758
-0.6144323164266914	cosine	24.0	4.0	8.0	0.3940062612820492	0.037277784955182205
0.09163092365769655	cosine	24.0	8.0	4.0	0.2994447585743574	0.08767317792776053
-0.9450693625455602	cosine	24.0	0.0	20.0	0.34391796971439753	0.05979464037584733
-0.4645324486240294	cosine	24.0	8.0	4.0	0.36248576037948527	0.05044712112711767
-0.25149428200320834	cosine	24.0	8.0	4.0	0.2364037567692295	0.1423291682149232
-1.8605594508835015	cosine	24.0	16.0	8.0	0.26363719294623356	0.11640217218244758
1.0710168671233544	cosine	24.0	0.0	20.0	0.15632634987018068	0.23962792898088553
1.5526670419463937	cosine	24.0	20.0	16.0	0.34960294939005077	0.05679866795607516
-0.10294907100458311	cosine	24.0	4.0	20.0	0.6253053994807227	0.0023274023270582257
-0.3844866697763577	cosine	24.0	4.0	16.0	0.759895438492085	0.0002917980948878673
0.8871120254005264	cosine	24.0	12.0	16.0	0.38138503569823723	0.042167604419924586
-0.14415805441555965	cosine	24.0	0.0	8.0	0.5940401295066866	0.0035886947605967253
0.16293950226036513	cosine	24.0	16.0	12.0	0.31782086308186436	0.07516173316558697
-0.08283749054973967	cosine	24.0	8.0	4.0	0.2048832558666656	0.1768962477431396
-0.1649502930478329	cosine	24.0	16.0	8.0	0.29465333329284926	0.09117756893125428
-1.8091073843477319	cosine	24.0	20.0	16.0	0.4767312946227965	0.015480063791539503
-0.5968149687644935	cosine	24.0	4.0	8.0	0.14184225406153772	0.26045348007935765
-0.4605833965083252	cosine	24.0	8.0	16.0	0.41871789467931214	0.02904431653896035
0.687124807836057	cosine	24.0	0.0	4.0	0.26792425767179345	0.11264743725548343
0.7138924483329183	cosine	24.0	8.0	4.0	0.4570472630871771	0.01929656018546278
0.9239194528138004	cosine	24.0	0.0	20.0	0.37518323968843365	0.044753897420978433
0.31308357185902613	cosine	24.0	4.0	12.0	0.18759161984421682	0.1979406704679717
0.11188595646279216	cosine	24.0	8.0	4.0	0.5831292666974328	0.004156084107205838
-1.0899584426128686	cosine	24.0	12.0	8.0	0.2364037567692295	0.1423291682149232
0.11500995072915843	cosine	24.0	20.0	0.0	0.6878359394287951	0.0009259810947007011
0.36832197792176485	cosine	24.0	16.0	20.0	0.6356417261637287	0.0020087796364305814
-1.610738539750595	cosine	24.0	8.0	12.0	0.33096525947692135	0.06708239491800405
-0.5307124316592534	cosine	24.0	12.0	8.0	0.5516087657948688	0.006271913590386279
1.1259139209092976	cosine	24.0	20.0	16.0	0.6992058987801015	0.0007768612113157386
0.7257227192110125	cosine	24.0	0.0	8.0	0.40644850966246976	0.03292085287309089
-0.22243167778401465	cosine	24.0	8.0	4.0	0.2994447585743574	0.08767317792776053
0.043558582573733136	cosine	24.0	0.0	20.0	0.37518323968843365	0.044753897420978433
0.33344884426150473	cosine	24.0	20.0	8.0	0.40004734568283173	0.03510685701315916
0.7958954431219707	cosine	24.0	20.0	0.0	0.5627748595326505	0.005432675743650132
3.050647128992399	cosine	24.0	16.0	8.0	0.6358308771056221	0.0020033371474573332
-0.3616203767040245	cosine	24.0	4.0	8.0	0.2364037567692295	0.1423291682149232
0.2725469000197301	cosine	24.0	0.0	20.0	0.37518323968843365	0.044753897420978433
0.5723360117860186	cosine	24.0	20.0	4.0	0.5627748595326505	0.005432675743650132
1.4127771267842633	cosine	24.0	0.0	20.0	0.34391796971439753	0.05979464037584733
0.5136193612053964	cosine	24.0	4.0	20.0	0.5002443195845782	0.011787064559833655
0.3187078460091907	cosine	24.0	0.0	8.0	0.31265269974036136	0.07853426938217861
0.7946240827710258	cosine	24.0	20.0	16.0	0.38138503569823723	0.042167604419924586
-0.5486231363402269	cosine	24.0	20.0	12.0	0.5117663157191593	0.010275152505006458
0.4938229558112722	cosine	24.0	12.0	8.0	0.33096525947692135	0.06708239491800405
-0.9268821071754896	cosine	24.0	12.0	8.0	0.4570472630871771	0.01929656018546278
-0.2973328015776679	cosine	24.0	16.0	4.0	0.35668561398608073	0.053232974601062806
-1.1072613139898353	cosine	24.0	12.0	16.0	0.4767312946227965	0.015480063791539503
-0.3144172537821323	cosine	24.0	20.0	8.0	0.46159309117249814	0.018350598749125858
1.8661468078931613	cosine	24.0	12.0	8.0	0.42552676218461316	0.027061931661110435
1.3426325806205393	cosine	24.0	0.0	12.0	0.325669473639465	0.07025277592236653
-1.0617025703212317	cosine	24.0	12.0	16.0	0.38138503569823723	0.042167604419924586
0.3192029919910261	cosine	24.0	8.0	4.0	0.33096525947692135	0.06708239491800405
-0.11501664293515071	cosine	24.0	12.0	16.0	0.5720775535473558	0.004811332704071246
-0.1078379220979827	cosine	24.0	12.0	8.0	0.2364037567692295	0.1423291682149232
-0.10742016236940796	cosine	24.0	8.0	4.0	0.2994447585743574	0.08767317792776053
2.5436119241609334	cosine	24.0	4.0	0.0	0.488567763989741	0.013512582066973257
-0.8522047961938769	cosine	24.0	0.0	4.0	0.5516087657948688	0.006271913590386279
1.5104783098431014	cosine	24.0	4.0	8.0	0.42552676218461316	0.027061931661110435
-0.4016307510067653	cosine	24.0	0.0	16.0	0.2501221597922891	0.12881724171626302
0.5397265178561665	cosine	24.0	20.0	0.0	0.21885688981825296	0.16096491949833142
0.8636413599838503	cosine	24.0	20.0	12.0	0.20160491225300214	0.18077354211323055
0.9378145618497351	cosine	24.0	8.0	4.0	0.4570472630871771	0.01929656018546278
-0.5509519312575788	cosine	24.0	12.0	8.0	0.3940062612820492	0.037277784955182205
-1.4589678521764615	cosine	24.0	4.0	12.0	0.40644850966246976	0.03292085287309089
-0.00958367088318792	cosine	24.0	16.0	4.0	0.5117663157191593	0.010275152505006458
-0.29955383975645566	cosine	24.0	12.0	0.0	0.38770175433269644	0.03965908586713749
0.9347970427774922	cosine	24.0	0.0	16.0	0.5315095895586144	0.008075181454718987
-0.7289428278524437	cosine	24.0	12.0	8.0	0.4570472630871771	0.01929656018546278
-1.5973637555608946	cosine	24.0	16.0	4.0	0.20160491225300214	0.18077354211323055
0.5809295503726483	cosine	24.0	8.0	0.0	0.34391796971439753	0.05979464037584733
-1.254081223746902	cosine	24.0	16.0	4.0	0.17058877190638644	0.22004281389555647
0.4432569826602638	cosine	24.0	16.0	12.0	0.4449492083146101	0.022018113736134944
0.8122556549286527	cosine	24.0	0.0	4.0	0.36248576037948527	0.05044712112711767
-0.21941361503819728	cosine	24.0	20.0	12.0	0.17058877190638644	0.22004281389555647
0.4479181286945957	cosine	24.0	0.0	20.0	0.31265269974036136	0.07853426938217861
-0.555826913066204	cosine	24.0	12.0	0.0	0.23262105259961785	0.14621780365458337
-0.20169057705635585	cosine	24.0	12.0	8.0	0.2994447585743574	0.08767317792776053
-0.4666817594318236	cosine	24.0	20.0	0.0	0.28138742976632525	0.10142035953841916
-0.9293313896999542	cosine	24.0	4.0	0.0	0.2364037567692295	0.1423291682149232
0.013716695937175118	cosine	24.0	12.0	16.0	0.31782086308186436	0.07516173316558697
1.418862815307575	cosine	24.0	4.0	0.0	0.2994447585743574	0.08767317792776053
0.12246171295160058	cosine	24.0	12.0	8.0	0.5516087657948688	0.006271913590386279
0.36562615330759496	cosine	24.0	0.0	8.0	0.31265269974036136	0.07853426938217861
-0.873699511064115	cosine	24.0	8.0	4.0	0.33096525947692135	0.06708239491800405
0.937309534065991	cosine	24.0	4.0	8.0	0.36248576037948527	0.05044712112711767
-1.2293270874506623	cosine	24.0	12.0	8.0	0.26792425767179345	0.11264743725548343
-0.6180432514929459	cosine	24.0	20.0	12.0	0.17058877190638644	0.22004281389555647
-0.7869803446114532	cosine	24.0	0.0	20.0	0.2501221597922891	0.12881724171626302
-0.47152874593671573	cosine	24.0	8.0	12.0	0.36248576037948527	0.05044712112711767
0.6438982168273205	cosine	24.0	0.0	8.0	0.31265269974036136	0.07853426938217861
-0.919002615567018	cosine	24.0	16.0	20.0	0.6356417261637287	0.0020087796364305814
-0.7503059913884904	cosine	24.0	16.0	20.0	0.2860387767736779	0.0977376033412587
-0.18368875577757462	cosine	24.0	12.0	8.0	0.2994447585743574	0.08767317792776053
-0.2556387721898764	cosine	24.0	4.0	16.0	0.44973403502592785	0.02090527421057417
-0.8220913672136264	cosine	24.0	16.0	20.0	0.34960294939005077	0.05679866795607516
0.9212628632481323	cosine	24.0	8.0	12.0	0.520088264892305	0.009291071757416634
-0.9585889722893854	cosine	24.0	4.0	12.0	0.2501221597922891	0.12881724171626302
-0.5896935869719224	cosine	24.0	0.0	4.0	0.26792425767179345	0.11264743725548343
-2.340151699425504	cosine	24.0	12.0	8.0	0.2994447585743574	0.08767317792776053
1.699823803218725	cosine	24.0	16.0	8.0	0.23262105259961785	0.14621780365458337
0.3901169566709473	cosine	24.0	4.0	8.0	0.2364037567692295	0.1423291682149232
0.020926719050513985	cosine	24.0	0.0	20.0	0.28138742976632525	0.10142035953841916
-2.160496608382623	cosine	24.0	0.0	20.0	0.34391796971439753	0.05979464037584733
-0.16065161762194743	cosine	24.0	4.0	8.0	0.3940062612820492	0.037277784955182205
-1.2953114741474059	cosine	24.0	20.0	4.0	0.43771377963650593	0.02379564823412834
-0.32370523305619275	cosine	24.0	20.0	12.0	0.38770175433269644	0.03965908586713749
-1.1593120815080495	cosine	24.0	12.0	8.0	0.33096525947692135	0.06708239491800405
1.2349502329769524	cosine	24.0	16.0	12.0	0.22247460415730505	0.1569979267286259
-0.6621760740564729	cosine	24.0	0.0	20.0	0.31265269974036136	0.07853426938217861
0.519102282295158	cosine	24.0	20.0	4.0	0.21885688981825296	0.16096491949833142
-0.5588066865670387	cosine	24.0	16.0	8.0	0.29465333329284926	0.09117756893125428
0.8415050214413117	cosine	24.0	8.0	4.0	0.2994447585743574	0.08767317792776053
1.715174870831738	cosine	24.0	16.0	20.0	0.22247460415730505	0.1569979267286259
-1.4318242194469077	cosine	24.0	20.0	16.0	0.41316712200642364	0.03074837886955296
0.040072987524231454	cosine	24.0	12.0	20.0	0.48075017537254355	0.014786104244078217
0.13307524978534588	cosine	24.0	20.0	0.0	0.37518323968843365	0.044753897420978433
-0.7648456706235711	cosine	24.0	8.0	12.0	0.2364037567692295	0.1423291682149232
-0.641338706309415	cosine	24.0	20.0	0.0	0.31265269974036136	0.07853426938217861
-0.8789416416984019	cosine	24.0	0.0	16.0	0.5627748595326505	0.005432675743650132
-1.158949745053441	cosine	24.0	12.0	8.0	0.26792425767179345	0.11264743725548343
0.40075131477617754	cosine	24.0	8.0	12.0	0.3940062612820492	0.037277784955182205
-0.7229312129697381	cosine	24.0	4.0	8.0	0.26792425767179345	0.11264743725548343
0.556616980725392	cosine	24.0	12.0	8.0	0.520088264892305	0.009291071757416634
1.0520018303314993	cosine	24.0	20.0	16.0	0.730987985088288	0.0004693265510989954
0.4381122415716216	cosine	24.0	8.0	0.0	0.37518323968843365	0.044753897420978433
1.062377126176073	cosine	24.0	12.0	16.0	0.41316712200642364	0.03074837886955296
-0.6521540004206525	cosine	24.0	20.0	12.0	0.5737985964123907	0.004703590814103545
0.049093217438344446	cosine	24.0	12.0	16.0	0.41316712200642364	0.03074837886955296
0.31645146552977194	cosine	24.0	4.0	0.0	0.3940062612820492	0.037277784955182205
-0.09371473543212736	cosine	24.0	12.0	4.0	0.5315095895586144	0.008075181454718987
-1.3375316903965089	cosine	24.0	8.0	12.0	0.42552676218461316	0.027061931661110435
-0.06576155678079756	cosine	24.0	4.0	16.0	0.44973403502592785	0.02090527421057417
-0.40315618948763277	cosine	24.0	4.0	12.0	0.09379580992210841	0.3356006186019033
-1.3715835103106442	cosine	24.0	8.0	12.0	0.2364037567692295	0.1423291682149232
-0.3133707504278817	cosine	24.0	20.0	0.0	0.21885688981825296	0.16096491949833142
0.6861817000911258	cosine	24.0	20.0	12.0	0.26363719294623356	0.11640217218244758
-0.6765279752754881	cosine	24.0	20.0	8.0	0.3385016001931653	0.06276288318311772
-1.2108866139704968	cosine	24.0	16.0	20.0	0.2860387767736779	0.0977376033412587
0.22172076916547115	cosine	24.0	4.0	8.0	0.11032175315897377	0.30878653769005726
0.7819093341445691	cosine	24.0	20.0	0.0	0.37518323968843365	0.044753897420978433
-0.8574270607856801	cosine	24.0	16.0	20.0	0.2860387767736779	0.0977376033412587
-0.5668030760384292	cosine	24.0	12.0	20.0	0.26363719294623356	0.11640217218244758
0.4877789700338376	cosine	24.0	12.0	16.0	0.2542566904654915	0.12492539106643724
-1.7985424218559267	cosine	24.0	20.0	16.0	0.31782086308186436	0.07516173316558697
1.0302620139407028	cosine	24.0	8.0	16.0	0.26363719294623356	0.11640217218244758
0.5927440835662174	cosine	24.0	8.0	16.0	0.41871789467931214	0.02904431653896035
0.5290588044441724	cosine	24.0	8.0	0.0	0.5002443195845782	0.011787064559833655
0.10114688596912978	cosine	24.0	12.0	8.0	0.2994447585743574	0.08767317792776053
-0.04323142768256845	cosine	24.0	12.0	4.0	0.6253053994807227	0.0023274023270582257
-0.67393409278368	cosine	24.0	4.0	8.0	0.26792425767179345	0.11264743725548343
0.7686620702330133	cosine	24.0	8.0	0.0	0.18759161984421682	0.1979406704679717
-1.5579303876728947	cosine	24.0	4.0	0.0	0.2364037567692295	0.1423291682149232
-1.5460717531722952	cosine	24.0	8.0	12.0	0.14184225406153772	0.26045348007935765
1.1658666660776262	cosine	24.0	12.0	16.0	0.22247460415730505	0.1569979267286259
0.7014139192630318	cosine	24.0	20.0	0.0	0.5940401295066866	0.0035886947605967253
1.3231004035111642	cosine	24.0	12.0	20.0	0.44973403502592785	0.02090527421057417
1.598093562176661	cosine	24.0	20.0	0.0	0.6253053994807227	0.0023274023270582257
-0.24322843847344777	cosine	24.0	12.0	8.0	0.33096525947692135	0.06708239491800405
0.057776747024844484	cosine	24.0	0.0	4.0	0.14184225406153772	0.26045348007935765
0.7227814333371925	cosine	24.0	12.0	16.0	0.19069251784911861	0.19405940885016393
0.47395957224974805	cosine	24.0	16.0	12.0	0.2860387767736779	0.0977376033412587
1.787720153683176	cosine	24.0	20.0	0.0	0.18759161984421682	0.1979406704679717
-1.3163921254007651	cosine	24.0	0.0	4.0	0.36248576037948527	0.05044712112711767
0.2640150235304076	cosine	24.0	4.0	8.0	0.2364037567692295	0.1423291682149232
0.34908762456765446	cosine	24.0	4.0	8.0	0.2994447585743574	0.08767317792776053
0.7658074777711031	cosine	24.0	4.0	0.0	0.26792425767179345	0.11264743725548343
-0.1479052714629039	cosine	24.0	12.0	16.0	0.2542566904654915	0.12492539106643724
0.15358571348808914	cosine	24.0	0.0	4.0	0.33096525947692135	0.06708239491800405
-0.3875100017449676	cosine	24.0	20.0	8.0	0.5231388366621645	0.008951565507853972
-0.6593998204695646	cosine	24.0	16.0	8.0	0.48075017537254355	0.014786104244078217
-0.899969396814966	cosine	24.0	20.0	0.0	0.31265269974036136	0.07853426938217861
0.38527490467128894	cosine	24.0	12.0	8.0	0.33096525947692135	0.06708239491800405
-0.5447901390539707	cosine	24.0	8.0	12.0	0.4570472630871771	0.01929656018546278
-0.34292580947087237	cosine	24.0	0.0	4.0	0.488567763989741	0.013512582066973257
-0.2709981014784287	cosine	24.0	16.0	8.0	0.44973403502592785	0.02090527421057417
0.513910540623751	cosine	24.0	0.0	20.0	0.28138742976632525	0.10142035953841916
0.414368686345928	cosine	24.0	16.0	20.0	0.2542566904654915	0.12492539106643724
1.1739280603579931	cosine	24.0	0.0	20.0	0.2501221597922891	0.12881724171626302
-2.1595840421826895	cosine	24.0	12.0	16.0	0.22247460415730505	0.1569979267286259
1.7890857598381624	cosine	24.0	20.0	8.0	0.3385016001931653	0.06276288318311772
0.6549962427810352	cosine	24.0	0.0	4.0	0.3940062612820492	0.037277784955182205
1.6865842055473217	cosine	24.0	12.0	8.0	0.5516087657948688	0.006271913590386279
0.267950729370289	cosine	24.0	0.0	20.0	0.43771377963650593	0.02379564823412834
-1.1242279282570606	cosine	24.0	8.0	20.0	0.7077760731311638	0.0006794427973856082
-0.9230189919617401	cosine	24.0	16.0	12.0	0.41316712200642364	0.03074837886955296
0.34698848531122395	cosine	24.0	12.0	8.0	0.26792425767179345	0.11264743725548343
0.7111267701479734	cosine	24.0	8.0	4.0	0.6146497675999968	0.002703128848699784
-0.8027762626404965	cosine	24.0	16.0	4.0	0.5737985964123907	0.004703590814103545
-1.4717841236076845	cosine	24.0	16.0	20.0	0.15891043154093218	0.2360104104586807
2.797690862715626	cosine	24.0	4.0	0.0	0.2994447585743574	0.08767317792776053
1.923196814664815	cosine	24.0	8.0	12.0	0.42552676218461316	0.027061931661110435
0.3798467712703009	cosine	24.0	16.0	12.0	0.41316712200642364	0.03074837886955296
-0.8443286923694109	cosine	24.0	20.0	0.0	0.37518323968843365	0.044753897420978433
-0.44045496496291453	cosine	24.0	16.0	12.0	0.41316712200642364	0.03074837886955296
1.879066711590591	cosine	24.0	0.0	20.0	0.43771377963650593	0.02379564823412834
-1.061690300672242	cosine	24.0	16.0	20.0	0.2542566904654915	0.12492539106643724
-2.497155979209485	cosine	24.0	20.0	16.0	0.38138503569823723	0.042167604419924586
1.1080041092112725	cosine	24.0	4.0	0.0	0.4570472630871771	0.01929656018546278
-0.8468131024712776	cosine	24.0	12.0	16.0	0.2860387767736779	0.0977376033412587
-0.8804783735767302	cosine	24.0	0.0	4.0	0.3940062612820492	0.037277784955182205
0.3915054720548057	cosine	24.0	0.0	20.0	0.7191012094028312	0.0005679614709175215
0.6459481265380704	cosine	24.0	16.0	4.0	0.29465333329284926	0.09117756893125428
-0.37530331329296895	cosine	24.0	0.0	12.0	0.5117663157191593	0.010275152505006458
-0.4935534847902977	cosine	24.0	8.0	4.0	0.42552676218461316	0.027061931661110435
-1.7252319507245648	cosine	24.0	12.0	8.0	0.14184225406153772	0.26045348007935765
-0.07756253842749271	cosine	24.0	8.0	20.0	0.5231388366621645	0.008951565507853972
1.3883156060946107	cosine	24.0	12.0	8.0	0.26792425767179345	0.11264743725548343
-0.04898730629277747	cosine	24.0	12.0	16.0	0.31782086308186436	0.07516173316558697
1.1421258479149214	cosine	24.0	12.0	0.0	0.35668561398608073	0.053232974601062806
0.8751847781150836	cosine	24.0	8.0	12.0	0.488567763989741	0.013512582066973257
2.0731058659561206	cosine	24.0	8.0	12.0	0.36248576037948527	0.05044712112711767
0.36763141327112386	cosine	24.0	0.0	20.0	0.43771377963650593	0.02379564823412834
-0.33444244820382274	cosine	24.0	20.0	0.0	0.46897904961054204	0.016897895516253123
0.8587672336338474	cosine	24.0	8.0	12.0	0.26792425767179345	0.11264743725548343
-0.1591225440120157	cosine	24.0	4.0	8.0	0.2364037567692295	0.1423291682149232
0.07344041834428464	cosine	24.0	20.0	16.0	0.4449492083146101	0.022018113736134944
-0.03605732401828986	cosine	24.0	12.0	20.0	0.5117663157191593	0.010275152505006458
0.37558539098476706	cosine	24.0	20.0	4.0	0.46897904961054204	0.016897895516253123
-0.8757381025382883	cosine	24.0	20.0	16.0	0.31782086308186436	0.07516173316558697
0.9996392342722348	cosine	24.0	4.0	0.0	0.2364037567692295	0.1423291682149232
0.6606846870670188	cosine	24.0	8.0	4.0	0.36248576037948527	0.05044712112711767
0.16425371402169364	cosine	24.0	20.0	4.0	0.5002443195845782	0.011787064559833655
0.7870392827754343	cosine	24.0	4.0	8.0	0.33096525947692135	0.06708239491800405
-0.8942020708643544	cosine	24.0	4.0	0.0	0.36248576037948527	0.05044712112711767
0.7844687616058197	cosine	24.0	20.0	0.0	0.21885688981825296	0.16096491949833142
-1.0099711079149103	cosine	24.0	0.0	20.0	0.2501221597922891	0.12881724171626302
0.33628937185418895	cosine	24.0	12.0	4.0	0.6253053994807227	0.0023274023270582257
1.1211186411248844	cosine	24.0	0.0	4.0	0.42552676218461316	0.027061931661110435
0.31236507199922325	cosine	24.0	0.0	4.0	0.17336275496410164	0.21634316011970334
0.5251068084434113	cosine	24.0	20.0	4.0	0.46897904961054204	0.016897895516253123
-1.1999517352266316	cosine	24.0	8.0	16.0	0.23262105259961785	0.14621780365458337
0.6066329710293826	cosine	24.0	0.0	4.0	0.5516087657948688	0.006271913590386279
-0.9677578725917607	cosine	24.0	12.0	8.0	0.4570472630871771	0.01929656018546278
-0.9917583407542943	cosine	24.0	20.0	0.0	0.46897904961054204	0.016897895516253123
-0.7502417187349992	cosine	24.0	4.0	8.0	0.14184225406153772	0.26045348007935765
-0.6080824586949886	cosine	24.0	16.0	12.0	0.508513380930983	0.01068384436354423
1.6047335554473956	cosine	24.0	12.0	4.0	0.34391796971439753	0.05979464037584733
0.8655344450511705	cosine	24.0	4.0	0.0	0.17336275496410164	0.21634316011970334
0.3024914497548572	cosine	24.0	16.0	12.0	0.38138503569823723	0.042167604419924586
-0.17149120259120681	cosine	24.0	16.0	12.0	0.34960294939005077	0.05679866795607516
0.5933858130010179	cosine	24.0	20.0	0.0	0.40644850966246976	0.03292085287309089
1.1736120187907004	cosine	24.0	0.0	12.0	0.6358308771056221	0.0020033371474573332
0.34572024672759516	cosine	24.0	8.0	12.0	0.42552676218461316	0.027061931661110435
-1.5975659837183585	cosine	24.0	8.0	4.0	0.4570472630871771	0.01929656018546278
-0.9382349681786266	cosine	24.0	0.0	16.0	0.31265269974036136	0.07853426938217861
-0.42189478463645225	cosine	24.0	16.0	0.0	0.31265269974036136	0.07853426938217861
0.4100478244955613	cosine	24.0	12.0	0.0	0.29465333329284926	0.09117756893125428
-0.6557575188371436	cosine	24.0	12.0	16.0	0.38138503569823723	0.042167604419924586
1.0752593645091022	cosine	24.0	4.0	16.0	0.38770175433269644	0.03965908586713749
-1.6779447627284632	cosine	24.0	12.0	16.0	0.6038596398555423	0.0031385812005819934
-0.35111328846163603	cosine	24.0	4.0	16.0	0.38770175433269644	0.03965908586713749
0.08978552291143797	cosine	24.0	16.0	0.0	0.43771377963650593	0.02379564823412834
-0.09302079610140589	cosine	24.0	8.0	16.0	0.5737985964123907	0.004703590814103545
0.9784640011948116	cosine	24.0	12.0	16.0	0.15891043154093218	0.2360104104586807
-0.2982202090075482	cosine	24.0	8.0	12.0	0.488567763989741	0.013512582066973257
-0.6974567807032718	cosine	24.0	16.0	20.0	0.41316712200642364	0.03074837886955296
-0.563434058234238	cosine	24.0	20.0	0.0	0.40644850966246976	0.03292085287309089
1.0245015433723752	cosine	24.0	4.0	12.0	0.5627748595326505	0.005432675743650132
-0.742017076140819	cosine	24.0	16.0	20.0	0.508513380930983	0.01068384436354423
0.5260454441509829	cosine	24.0	20.0	0.0	0.40644850966246976	0.03292085287309089
-0.6202590272258276	cosine	24.0	0.0	4.0	0.36248576037948527	0.05044712112711767
0.22257698479389143	cosine	24.0	12.0	8.0	0.4570472630871771	0.01929656018546278
0.6294728803160471	cosine	24.0	8.0	4.0	0.2048832558666656	0.1768962477431396
-0.4173495880258974	cosine	24.0	4.0	8.0	0.3940062612820492	0.037277784955182205
-0.4157062169091257	cosine	24.0	0.0	20.0	0.5940401295066866	0.0035886947605967253
0.0921280114660117	cosine	24.0	8.0	4.0	0.3940062612820492	0.037277784955182205
-0.4044305635698	cosine	24.0	4.0	20.0	0.46897904961054204	0.016897895516253123
-0.980260923924636	cosine	24.0	8.0	0.0	0.46897904961054204	0.016897895516253123
-1.120685114374678	cosine	24.0	8.0	4.0	0.2994447585743574	0.08767317792776053
-0.08581067978089413	cosine	24.0	12.0	16.0	0.34960294939005077	0.05679866795607516
-0.3880494951855373	cosine	24.0	12.0	8.0	0.36248576037948527	0.05044712112711767
-0.5005046851822659	cosine	24.0	0.0	20.0	0.37518323968843365	0.044753897420978433
-0.2625755115123276	cosine	24.0	20.0	8.0	0.5231388366621645	0.008951565507853972
0.7812361008597748	cosine	24.0	0.0	8.0	0.31265269974036136	0.07853426938217861
1.2547683068599058	cosine	24.0	4.0	0.0	0.42552676218461316	0.027061931661110435
-1.0656051134577402	cosine	24.0	16.0	12.0	0.09534625892455931	0.3330462617847142
-0.1097913549267122	cosine	24.0	16.0	12.0	0.19069251784911861	0.19405940885016393
-0.7371416221282827	cosine	24.0	4.0	8.0	0.17336275496410164	0.21634316011970334
0.11922645139139534	cosine	24.0	8.0	20.0	0.49236596391733134	0.012928792206995913
-0.3137357060624921	cosine	24.0	20.0	16.0	0.31782086308186436	0.07516173316558697
-0.03859003159663466	cosine	24.0	20.0	16.0	0.22247460415730505	0.1569979267286259
0.36929954081579136	cosine	24.0	0.0	12.0	0.44973403502592785	0.02090527421057417
-0.5052101774343186	cosine	24.0	0.0	4.0	0.26792425767179345	0.11264743725548343
-1.5071732017329997	cosine	24.0	16.0	20.0	0.2860387767736779	0.0977376033412587
-0.033926127679945725	cosine	24.0	4.0	8.0	0.33096525947692135	0.06708239491800405
1.4167865952240706	cosine	24.0	12.0	8.0	0.36248576037948527	0.05044712112711767
-0.15549632835603328	cosine	24.0	0.0	16.0	0.37518323968843365	0.044753897420978433
0.9242764919176593	cosine	24.0	12.0	8.0	0.5516087657948688	0.006271913590386279
1.094813030866502	cosine	24.0	16.0	8.0	0.29465333329284926	0.09117756893125428
-0.3402757649593125	cosine	24.0	0.0	4.0	0.2048832558666656	0.1768962477431396
-1.6817697531813642	cosine	24.0	16.0	0.0	0.43771377963650593	0.02379564823412834
0.631714427825866	cosine	24.0	4.0	0.0	0.36248576037948527	0.05044712112711767
-0.4431495757406431	cosine	24.0	0.0	4.0	0.6461702685025607	0.001725440175873364
0.4318507963367959	cosine	24.0	8.0	4.0	0.33096525947692135	0.06708239491800405
0.1670563567001736	cosine	24.0	8.0	4.0	0.520088264892305	0.009291071757416634
0.9770074071430452	cosine	24.0	0.0	4.0	0.33096525947692135	0.06708239491800405
-1.5117507205690177	cosine	24.0	4.0	0.0	0.2994447585743574	0.08767317792776053
-1.2261246100065601	cosine	24.0	4.0	0.0	0.36248576037948527	0.05044712112711767
0.7962891383044841	cosine	24.0	0.0	8.0	0.37518323968843365	0.044753897420978433
2.3938695281713365	cosine	24.0	16.0	12.0	0.2860387767736779	0.0977376033412587
-2.1991860981623748	cosine	24.0	4.0	8.0	0.6776907694051246	0.001080787662488592
1.1070326975270648	cosine	24.0	0.0	8.0	0.34391796971439753	0.05979464037584733
-0.13880002572862138	cosine	24.0	20.0	0.0	0.34391796971439753	0.05979464037584733
1.3448363179771268	cosine	24.0	8.0	20.0	0.3692744729379985	0.04733536431232824
0.786216695347526	cosine	24.0	0.0	4.0	0.14184225406153772	0.26045348007935765
0.8122978690702302	cosine	24.0	4.0	8.0	0.2994447585743574	0.08767317792776053
-1.755184916731605	cosine	24.0	0.0	12.0	0.17058877190638644	0.22004281389555647
0.8785732326419473	cosine	24.0	4.0	0.0	0.520088264892305	0.009291071757416634
-1.7541685249802081	cosine	24.0	20.0	16.0	0.41316712200642364	0.03074837886955296
0.14979653206796326	cosine	24.0	12.0	20.0	0.38770175433269644	0.03965908586713749
3.028595404885145	cosine	24.0	20.0	0.0	0.46897904961054204	0.016897895516253123
1.2435254245231857	cosine	24.0	8.0	4.0	0.4570472630871771	0.01929656018546278
-0.7488759276936174	cosine	24.0	12.0	0.0	0.26363719294623356	0.11640217218244758
-0.6437142376054309	cosine	24.0	20.0	16.0	0.09534625892455931	0.3330462617847142
1.0495220766815785	cosine	24.0	4.0	0.0	0.520088264892305	0.009291071757416634
-1.769133443283861	cosine	24.0	16.0	12.0	0.22247460415730505	0.1569979267286259
3.7326348948582755	cosine	24.0	12.0	4.0	0.28138742976632525	0.10142035953841916
-0.10242389005575432	cosine	24.0	0.0	20.0	0.7191012094028312	0.0005679614709175215
-1.195886260421786	cosine	24.0	8.0	12.0	0.33096525947692135	0.06708239491800405
-0.8347752583714015	cosine	24.0	8.0	12.0	0.5516087657948688	0.006271913590386279
0.37692937307957614	cosine	24.0	4.0	8.0	0.26792425767179345	0.11264743725548343
-0.6190977753655712	cosine	24.0	4.0	0.0	0.33096525947692135	0.06708239491800405
1.6343255760320068	cosine	24.0	0.0	4.0	0.5831292666974328	0.004156084107205838
0.5540536646220201	cosine	24.0	12.0	16.0	0.2542566904654915	0.12492539106643724
-0.7689400791777018	cosine	24.0	4.0	8.0	0.4570472630871771	0.01929656018546278
1.1452389800749365	cosine	24.0	4.0	0.0	0.36248576037948527	0.05044712112711767
-1.0019344213475976	cosine	24.0	4.0	16.0	0.35668561398608073	0.053232974601062806
0.9515390615615404	cosine	24.0	12.0	8.0	0.3940062612820492	0.037277784955182205
1.1766269816515438	cosine	24.0	16.0	20.0	0.41316712200642364	0.03074837886955296
1.3155117633832631	cosine	24.0	20.0	16.0	0.06356417261637287	0.38679662619448074
0.010676979273793128	cosine	24.0	0.0	20.0	0.2501221597922891	0.12881724171626302
0.6361836528177408	cosine	24.0	0.0	16.0	0.37518323968843365	0.044753897420978433
-1.141008117763356	cosine	24.0	12.0	16.0	0.2860387767736779	0.0977376033412587
1.1504729884961507	cosine	24.0	4.0	0.0	0.33096525947692135	0.06708239491800405
-1.553673519700794	cosine	24.0	0.0	20.0	0.40644850966246976	0.03292085287309089
0.6307881329640093	cosine	24.0	8.0	0.0	0.43771377963650593	0.02379564823412834
-1.3426386303442657	cosine	24.0	12.0	8.0	0.33096525947692135	0.06708239491800405
0.1894316317481079	cosine	24.0	4.0	20.0	0.6253053994807227	0.0023274023270582257
1.9032663340797786	cosine	24.0	0.0	12.0	0.6048147367590064	0.0030976341623523166
0.8188271622468769	cosine	24.0	16.0	4.0	0.6978631577988536	0.0007932410229537244
-1.3409518348231526	cosine	24.0	20.0	0.0	0.40644850966246976	0.03292085287309089
-1.5496737510494596	cosine	24.0	12.0	16.0	0.41316712200642364	0.03074837886955296
0.4094290691817099	cosine	24.0	20.0	0.0	0.34391796971439753	0.05979464037584733
-0.7047706386482502	cosine	24.0	20.0	16.0	0.31782086308186436	0.07516173316558697
-0.278334087690162	cosine	24.0	4.0	0.0	0.3940062612820492	0.037277784955182205
0.5311185812684491	cosine	24.0	12.0	20.0	0.38770175433269644	0.03965908586713749
-0.8571821289775615	cosine	24.0	20.0	16.0	0.4767312946227965	0.015480063791539503
-0.1692441759433743	cosine	24.0	16.0	8.0	0.5737985964123907	0.004703590814103545
-1.2609469811314227	cosine	24.0	16.0	20.0	0.31782086308186436	0.07516173316558697
-0.1362681644717483	cosine	24.0	0.0	4.0	0.26792425767179345	0.11264743725548343
1.3771721320323667	cosine	24.0	0.0	4.0	0.4570472630871771	0.01929656018546278
-1.0457284318552518	cosine	24.0	16.0	12.0	0.4767312946227965	0.015480063791539503
0.36619129210145757	cosine	24.0	8.0	4.0	0.2364037567692295	0.1423291682149232
0.0694541643358701	cosine	24.0	0.0	4.0	0.26792425767179345	0.11264743725548343
0.7248958452921412	cosine	24.0	8.0	16.0	0.5117663157191593	0.010275152505006458
-0.47308851253961715	cosine	24.0	0.0	4.0	0.2994447585743574	0.08767317792776053
-0.5782086588104981	cosine	24.0	8.0	0.0	0.28138742976632525	0.10142035953841916
-0.07266653285588955	cosine	24.0	12.0	8.0	0.488567763989741	0.013512582066973257
0.6303133739123059	cosine	24.0	8.0	12.0	0.36248576037948527	0.05044712112711767
1.4337350604700279	cosine	24.0	4.0	20.0	0.15632634987018068	0.23962792898088553
0.7466889736083504	cosine	24.0	4.0	0.0	0.33096525947692135	0.06708239491800405
0.34422313654262787	cosine	24.0	8.0	0.0	0.28138742976632525	0.10142035953841916
0.46635879966369326	cosine	24.0	12.0	16.0	0.2542566904654915	0.12492539106643724
0.2717912114709442	cosine	24.0	12.0	8.0	0.4570472630871771	0.01929656018546278
1.8977612341712973	cosine	24.0	16.0	8.0	0.26363719294623356	0.11640217218244758
-0.26042110397899	cosine	24.0	8.0	4.0	0.33096525947692135	0.06708239491800405
1.8111430796979697	cosine	24.0	20.0	16.0	0.22247460415730505	0.1569979267286259
-0.736674351002335	cosine	24.0	8.0	12.0	0.2994447585743574	0.08767317792776053
0.055864405605426944	cosine	24.0	0.0	4.0	0.33096525947692135	0.06708239491800405
-0.3875966765761793	cosine	24.0	12.0	8.0	0.26792425767179345	0.11264743725548343
1.5838587378039497	cosine	24.0	20.0	4.0	0.40644850966246976	0.03292085287309089
0.3117038858857155	cosine	24.0	4.0	0.0	0.36248576037948527	0.05044712112711767
-1.0512616078326453	cosine	24.0	0.0	4.0	0.3940062612820492	0.037277784955182205
0.5824185849014406	cosine	24.0	0.0	20.0	0.40644850966246976	0.03292085287309089
-1.0565089970378316	cosine	24.0	20.0	4.0	0.34391796971439753	0.05979464037584733
-0.741735326473223	cosine	24.0	4.0	8.0	0.33096525947692135	0.06708239491800405
1.0168649160019823	cosine	24.0	0.0	8.0	0.34391796971439753	0.05979464037584733
0.3209161178535309	cosine	24.0	8.0	4.0	0.4570472630871771	0.01929656018546278
0.30524944688284184	cosine	24.0	8.0	12.0	0.17336275496410164	0.21634316011970334
-0.17683185229241555	cosine	24.0	4.0	8.0	0.26792425767179345	0.11264743725548343
0.0007819459206573798	cosine	24.0	20.0	4.0	0.7503664793768673	0.00034189223478594356
-1.5186271171625012	cosine	24.0	4.0	8.0	0.42552676218461316	0.027061931661110435
-1.1413467146814325	cosine	24.0	16.0	20.0	0.2542566904654915	0.12492539106643724
-0.07938745253262541	cosine	24.0	16.0	8.0	0.6048147367590064	0.0030976341623523166
-0.7649807701513014	cosine	24.0	4.0	0.0	0.36248576037948527	0.05044712112711767
-1.571128366552933	cosine	24.0	16.0	12.0	0.2860387767736779	0.0977376033412587
-0.6295409527724776	cosine	24.0	8.0	4.0	0.2048832558666656	0.1768962477431396
-0.7544756459133493	cosine	24.0	20.0	0.0	0.31265269974036136	0.07853426938217861
-1.340958301902645	cosine	24.0	12.0	4.0	0.31265269974036136	0.07853426938217861
-0.8503494019282584	cosine	24.0	20.0	16.0	0.4449492083146101	0.022018113736134944
-0.7999733988719989	cosine	24.0	16.0	12.0	0.2542566904654915	0.12492539106643724
1.321180720796457	cosine	24.0	0.0	16.0	0.5002443195845782	0.011787064559833655
1.8086067377603554	cosine	24.0	4.0	8.0	0.3940062612820492	0.037277784955182205
-0.6056242214847184	cosine	24.0	12.0	4.0	0.46897904961054204	0.016897895516253123
0.1571749655491694	cosine	24.0	0.0	20.0	0.2501221597922891	0.12881724171626302
-1.0735955277838547	cosine	24.0	4.0	8.0	0.2994447585743574	0.08767317792776053
0.7744546431010814	cosine	24.0	20.0	0.0	0.31265269974036136	0.07853426938217861
0.2436893040618679	cosine	24.0	8.0	20.0	0.3385016001931653	0.06276288318311772
1.1357555915878677	cosine	24.0	0.0	8.0	0.37518323968843365	0.044753897420978433
-1.2540807238091995	cosine	24.0	0.0	20.0	0.43771377963650593	0.02379564823412834
0.42717442547504086	cosine	24.0	12.0	0.0	0.48075017537254355	0.014786104244078217
1.3500730298487453	cosine	24.0	8.0	4.0	0.2364037567692295	0.1423291682149232
-1.6495328949362245	cosine	24.0	0.0	4.0	0.4570472630871771	0.01929656018546278
0.6268859393305262	cosine	24.0	16.0	4.0	0.48075017537254355	0.014786104244078217
1.0620196718674262	cosine	24.0	20.0	4.0	0.31265269974036136	0.07853426938217861
2.4979998606890192	cosine	24.0	20.0	0.0	0.40644850966246976	0.03292085287309089
-0.2753270587471775	cosine	24.0	20.0	12.0	0.23262105259961785	0.14621780365458337
-0.9571483751182314	cosine	24.0	4.0	0.0	0.5516087657948688	0.006271913590386279
0.0887713186564326	cosine	24.0	16.0	20.0	0.41316712200642364	0.03074837886955296
-1.0397707414544797	cosine	24.0	0.0	4.0	0.6776907694051246	0.001080787662488592
1.559041228595965	cosine	24.0	12.0	8.0	0.26792425767179345	0.11264743725548343
0.4732963815776289	cosine	24.0	8.0	20.0	0.43082021842766494	0.02559992123005601
0.3428277337266325	cosine	24.0	16.0	12.0	0.6038596398555423	0.0031385812005819934
1.3455950028848427	cosine	24.0	20.0	16.0	0.22247460415730505	0.1569979267286259
-0.704030960257973	cosine	24.0	4.0	12.0	0.21885688981825296	0.16096491949833142
0.9211283558174375	cosine	24.0	12.0	8.0	0.26792425767179345	0.11264743725548343
0.09656863642469266	cosine	24.0	8.0	4.0	0.42552676218461316	0.027061931661110435
-0.4112164251324789	cosine	24.0	16.0	0.0	0.5002443195845782	0.011787064559833655
-0.9116302201586373	cosine	24.0	12.0	20.0	0.41871789467931214	0.02904431653896035
0.4573597354368937	cosine	24.0	0.0	8.0	0.43771377963650593	0.02379564823412834
0.3199084166976284	cosine	24.0	12.0	20.0	0.44973403502592785	0.02090527421057417
-0.1201328543184455	cosine	24.0	4.0	8.0	0.5516087657948688	0.006271913590386279
-2.625508544207802	cosine	24.0	8.0	4.0	0.3940062612820492	0.037277784955182205
-0.3702784801526744	cosine	24.0	8.0	12.0	0.36248576037948527	0.05044712112711767
1.0794390751778	cosine	24.0	12.0	8.0	0.26792425767179345	0.11264743725548343
-0.09609611801438286	cosine	24.0	0.0	12.0	0.6048147367590064	0.0030976341623523166
-1.7705964003001824	cosine	24.0	8.0	12.0	0.2364037567692295	0.1423291682149232
-0.47458208362566573	cosine	24.0	20.0	4.0	0.5315095895586144	0.008075181454718987
1.667057125515112	cosine	24.0	8.0	4.0	0.33096525947692135	0.06708239491800405
-1.3148400900058475	cosine	24.0	20.0	0.0	0.31265269974036136	0.07853426938217861
-0.4165447808002015	cosine	24.0	4.0	8.0	0.17336275496410164	0.21634316011970334
0.08945042955185833	cosine	24.0	16.0	4.0	0.35668561398608073	0.053232974601062806
1.5413377439550897	cosine	24.0	0.0	4.0	0.14184225406153772	0.26045348007935765
-0.2888571875270765	cosine	24.0	20.0	0.0	0.34391796971439753	0.05979464037584733
0.54182744737741	cosine	24.0	0.0	4.0	0.33096525947692135	0.06708239491800405
-1.5270061994916362	cosine	24.0	0.0	20.0	0.5002443195845782	0.011787064559833655
0.9834113305641317	cosine	24.0	4.0	12.0	0.5002443195845782	0.011787064559833655
0.12147518746819941	cosine	24.0	0.0	4.0	0.3940062612820492	0.037277784955182205
-0.7864921384008664	cosine	24.0	20.0	0.0	0.46897904961054204	0.016897895516253123
-0.6722421498609483	cosine	24.0	20.0	16.0	0.38138503569823723	0.042167604419924586
0.3901602120119297	cosine	24.0	4.0	16.0	0.5117663157191593	0.010275152505006458
-1.2735894250222934	cosine	24.0	16.0	0.0	0.28138742976632525	0.10142035953841916
0.4531983128758779	cosine	24.0	0.0	4.0	0.4570472630871771	0.01929656018546278
1.534562435441958	cosine	24.0	4.0	0.0	0.42552676218461316	0.027061931661110435
0.915988383226675	cosine	24.0	20.0	16.0	0.4449492083146101	0.022018113736134944
-1.6290483130758908	cosine	24.0	4.0	0.0	0.2048832558666656	0.1768962477431396
1.062850873760988	cosine	24.0	16.0	12.0	0.41316712200642364	0.03074837886955296
-0.08493943644904195	cosine	24.0	20.0	16.0	0.41316712200642364	0.03074837886955296
-1.4795308171533874	cosine	24.0	16.0	12.0	0.4767312946227965	0.015480063791539503
-1.8953262698146707	cosine	24.0	4.0	16.0	0.38770175433269644	0.03965908586713749
-0.8293040150517886	cosine	24.0	0.0	16.0	0.6565706694547588	0.001481745846560898
1.1631794425965758	cosine	24.0	16.0	20.0	0.4767312946227965	0.015480063791539503
0.32548799589394284	cosine	24.0	0.0	8.0	0.5315095895586144	0.008075181454718987
0.2855103311991865	cosine	24.0	0.0	16.0	0.5315095895586144	0.008075181454718987
-0.3081549890841534	cosine	24.0	20.0	16.0	0.31782086308186436	0.07516173316558697
-0.9003477195840068	cosine	24.0	12.0	16.0	0.34960294939005077	0.05679866795607516
0.24049031548086014	cosine	24.0	8.0	0.0	0.12506107989614454	0.2856969100727392
0.13334260172662354	cosine	24.0	16.0	12.0	0.38138503569823723	0.042167604419924586
1.505881806014979	cosine	24.0	0.0	20.0	0.46897904961054204	0.016897895516253123
0.3153459443950467	cosine	24.0	20.0	16.0	0.2542566904654915	0.12492539106643724
-1.0091855947375155	cosine	24.0	8.0	12.0	0.11032175315897377	0.30878653769005726
-2.0223852025364084	cosine	24.0	0.0	4.0	0.33096525947692135	0.06708239491800405
0.9512849127032135	cosine	24.0	16.0	0.0	0.5002443195845782	0.011787064559833655
1.051983908845264	cosine	24.0	12.0	8.0	0.488567763989741	0.013512582066973257
-0.054053402110795505	cosine	24.0	8.0	4.0	0.33096525947692135	0.06708239491800405
-1.497602178031446	cosine	24.0	4.0	8.0	0.2364037567692295	0.1423291682149232
-0.41518745846480665	cosine	24.0	20.0	12.0	0.542782456065775	0.007014531725125648
1.573003150683	cosine	24.0	16.0	20.0	0.4449492083146101	0.022018113736134944
-0.4404802653665772	cosine	24.0	4.0	0.0	0.2994447585743574	0.08767317792776053
-0.06627159815923792	cosine	24.0	8.0	4.0	0.488567763989741	0.013512582066973257
0.41756440209890794	cosine	24.0	12.0	4.0	0.43771377963650593	0.02379564823412834
-1.2582212305397906	cosine	24.0	8.0	16.0	0.26363719294623356	0.11640217218244758
0.026860668445295277	cosine	24.0	0.0	12.0	0.542782456065775	0.007014531725125648
-0.11678585016895715	cosine	24.0	16.0	12.0	0.15891043154093218	0.2360104104586807
1.6835657133011512	cosine	24.0	0.0	4.0	0.3940062612820492	0.037277784955182205
0.41905832684125527	cosine	24.0	20.0	4.0	0.31265269974036136	0.07853426938217861
-1.1430493406533757	cosine	24.0	0.0	20.0	0.28138742976632525	0.10142035953841916
0.1394300994171787	cosine	24.0	4.0	20.0	0.5627748595326505	0.005432675743650132
-0.013294312403488424	cosine	24.0	0.0	4.0	0.33096525947692135	0.06708239491800405
1.5202052960573385	cosine	24.0	4.0	8.0	0.17336275496410164	0.21634316011970334
1.5676413948968624	cosine	24.0	12.0	0.0	0.41871789467931214	0.02904431653896035
-0.891206236971616	cosine	24.0	8.0	4.0	0.36248576037948527	0.05044712112711767
0.4315220951536401	cosine	24.0	4.0	12.0	0.6253053994807227	0.0023274023270582257
0.780026158063205	cosine	24.0	0.0	4.0	0.3940062612820492	0.037277784955182205
-1.6173007944142004	cosine	24.0	12.0	8.0	0.2364037567692295	0.1423291682149232
0.37365956597061317	cosine	24.0	12.0	16.0	0.34960294939005077	0.05679866795607516
-0.08587108475985156	cosine	24.0	8.0	0.0	0.40644850966246976	0.03292085287309089
0.05689684274166978	cosine	24.0	4.0	8.0	0.14184225406153772	0.26045348007935765
0.19950122699858083	cosine	24.0	0.0	20.0	0.40644850966246976	0.03292085287309089
0.26711194775515806	cosine	24.0	12.0	8.0	0.520088264892305	0.009291071757416634
0.9776557375681898	cosine	24.0	20.0	0.0	0.46897904961054204	0.016897895516253123
-0.7915116118772187	cosine	24.0	20.0	12.0	0.20160491225300214	0.18077354211323055
-0.6835861892958635	cosine	24.0	16.0	12.0	0.6674238124719151	0.0012612939717876347
-1.0957319962794316	cosine	24.0	12.0	8.0	0.2994447585743574	0.08767317792776053
-0.2684990762670305	cosine	24.0	0.0	8.0	0.37518323968843365	0.044753897420978433
0.6509086232122784	cosine	24.0	4.0	8.0	0.488567763989741	0.013512582066973257
-0.18697091549128947	cosine	24.0	4.0	16.0	0.44973403502592785	0.02090527421057417
-1.720941842256018	cosine	24.0	4.0	8.0	0.6146497675999968	0.002703128848699784
-1.4715889797273767	cosine	24.0	16.0	12.0	0.5402954672391693	0.0072373318982772135
-1.1794519717844067	cosine	24.0	4.0	8.0	0.3940062612820492	0.037277784955182205
-0.1485737764562464	cosine	24.0	20.0	16.0	0.31782086308186436	0.07516173316558697
1.320611625549575	cosine	24.0	20.0	0.0	0.21885688981825296	0.16096491949833142
2.5310322949775452	cosine	24.0	12.0	20.0	0.41871789467931214	0.02904431653896035
-0.49272020888257073	cosine	24.0	4.0	12.0	0.37518323968843365	0.044753897420978433
-0.06951133462045117	cosine	24.0	16.0	20.0	0.41316712200642364	0.03074837886955296
-0.8985441738430795	cosine	24.0	8.0	12.0	0.42552676218461316	0.027061931661110435
0.8430964874753877	cosine	24.0	20.0	0.0	0.40644850966246976	0.03292085287309089
-0.9593494875353974	cosine	24.0	20.0	0.0	0.2501221597922891	0.12881724171626302
-0.49193165825687074	cosine	24.0	8.0	12.0	0.42552676218461316	0.027061931661110435
-1.307542684743918	cosine	24.0	20.0	4.0	0.37518323968843365	0.044753897420978433
-0.7132905496439821	cosine	24.0	8.0	4.0	0.36248576037948527	0.05044712112711767
-1.7990734458400184	cosine	24.0	16.0	0.0	0.6878359394287951	0.0009259810947007011
-0.15259032096326205	cosine	24.0	0.0	4.0	0.17336275496410164	0.21634316011970334
1.6565915828214224	cosine	24.0	8.0	12.0	0.33096525947692135	0.06708239491800405
-0.7330126474618396	cosine	24.0	16.0	12.0	0.4767312946227965	0.015480063791539503
0.15072420315327528	cosine	24.0	4.0	8.0	0.3940062612820492	0.037277784955182205
-0.5182166476857677	cosine	24.0	0.0	20.0	0.34391796971439753	0.05979464037584733
3.4797210304796287	cosine	24.0	20.0	4.0	0.5315095895586144	0.008075181454718987
-0.7376134526607073	cosine	24.0	0.0	8.0	0.5002443195845782	0.011787064559833655
-0.749315173871315	cosine	24.0	12.0	16.0	0.4449492083146101	0.022018113736134944
0.4018194952580459	cosine	24.0	16.0	0.0	0.28138742976632525	0.10142035953841916
2.2212762285314143	cosine	24.0	12.0	16.0	0.34960294939005077	0.05679866795607516
-0.1272486431956878	cosine	24.0	0.0	20.0	0.46897904961054204	0.016897895516253123
-0.7299480755884662	cosine	24.0	8.0	0.0	0.5002443195845782	0.011787064559833655
-1.0515089089735976	cosine	24.0	16.0	20.0	0.22247460415730505	0.1569979267286259
2.0069536418337233	cosine	24.0	0.0	12.0	0.48075017537254355	0.014786104244078217
-0.8521070576314798	cosine	24.0	8.0	12.0	0.26792425767179345	0.11264743725548343
1.6122771995417517	cosine	24.0	16.0	12.0	0.2542566904654915	0.12492539106643724
1.5059751039781109	cosine	24.0	16.0	4.0	0.35668561398608073	0.053232974601062806
-1.2348080761932427	cosine	24.0	16.0	8.0	0.41871789467931214	0.02904431653896035
-1.2869633739800557	cosine	24.0	4.0	8.0	0.42552676218461316	0.027061931661110435
-0.877580715081756	cosine	24.0	4.0	8.0	0.17336275496410164	0.21634316011970334
1.6199166882131517	cosine	24.0	16.0	20.0	0.38138503569823723	0.042167604419924586
-2.141601103048188	cosine	24.0	8.0	20.0	0.49236596391733134	0.012928792206995913
0.7454719483592541	cosine	24.0	8.0	0.0	0.21885688981825296	0.16096491949833142
-1.8937851404374295	cosine	24.0	16.0	0.0	0.15632634987018068	0.23962792898088553
1.0017261195288771	cosine	24.0	20.0	16.0	0.41316712200642364	0.03074837886955296
0.8876484707056845	cosine	24.0	12.0	16.0	0.34960294939005077	0.05679866795607516
-0.39059935173479154	cosine	24.0	12.0	16.0	0.15891043154093218	0.2360104104586807
0.2698138707319838	cosine	24.0	0.0	20.0	0.34391796971439753	0.05979464037584733
1.3787440124627917	cosine	24.0	20.0	16.0	0.34960294939005077	0.05679866795607516
0.7848561026012697	cosine	24.0	8.0	4.0	0.36248576037948527	0.05044712112711767
0.39760196902595896	cosine	24.0	4.0	20.0	0.28138742976632525	0.10142035953841916
1.8663066666383776	cosine	24.0	8.0	4.0	0.26792425767179345	0.11264743725548343
1.0738280070842157	cosine	24.0	16.0	20.0	0.2860387767736779	0.0977376033412587
-0.2886643910722026	cosine	24.0	20.0	16.0	0.31782086308186436	0.07516173316558697
-0.33922640031318185	cosine	24.0	4.0	8.0	0.2994447585743574	0.08767317792776053
0.14703812869107422	cosine	24.0	8.0	4.0	0.42552676218461316	0.027061931661110435
-2.2715102458980234	cosine	24.0	0.0	4.0	0.488567763989741	0.013512582066973257
1.3777784371859043	cosine	24.0	4.0	8.0	0.26792425767179345	0.11264743725548343
0.11632311400587513	cosine	24.0	12.0	8.0	0.2994447585743574	0.08767317792776053
-0.5274742130649507	cosine	24.0	12.0	8.0	0.2994447585743574	0.08767317792776053
0.23378754970500068	cosine	24.0	4.0	20.0	0.40644850966246976	0.03292085287309089
-0.7414168185455049	cosine	24.0	4.0	12.0	0.18759161984421682	0.1979406704679717
0.9589603264990992	cosine	24.0	0.0	20.0	0.34391796971439753	0.05979464037584733
-1.739439132483919	cosine	24.0	4.0	0.0	0.17336275496410164	0.21634316011970334
0.7820623780717175	cosine	24.0	4.0	12.0	0.34391796971439753	0.05979464037584733
-1.3260011645050411	cosine	24.0	20.0	12.0	0.26363719294623356	0.11640217218244758
0.2244756012968534	cosine	24.0	20.0	4.0	0.34391796971439753	0.05979464037584733
1.3877078634334195	cosine	24.0	12.0	4.0	0.5002443195845782	0.011787064559833655
-0.1061441542110535	cosine	24.0	12.0	0.0	0.5117663157191593	0.010275152505006458
-0.9310110800184082	cosine	24.0	4.0	0.0	0.26792425767179345	0.11264743725548343
1.7256609501943938	cosine	24.0	8.0	12.0	0.2994447585743574	0.08767317792776053
0.8058478922646957	cosine	24.0	0.0	20.0	0.46897904961054204	0.016897895516253123
-0.18906646322848003	cosine	24.0	12.0	8.0	0.6146497675999968	0.002703128848699784
1.6493005749694576	cosine	24.0	8.0	4.0	0.36248576037948527	0.05044712112711767
-0.38316120405740245	cosine	24.0	4.0	12.0	0.40644850966246976	0.03292085287309089
-1.0106126115343617	cosine	24.0	16.0	12.0	0.38138503569823723	0.042167604419924586
-1.0113681536170123	cosine	24.0	12.0	16.0	0.15891043154093218	0.2360104104586807
0.45959070517812006	cosine	24.0	20.0	0.0	0.2501221597922891	0.12881724171626302
1.3302116610652426	cosine	24.0	4.0	8.0	0.26792425767179345	0.11264743725548343
0.09735232129655029	cosine	24.0	4.0	8.0	0.14184225406153772	0.26045348007935765
-0.24611635303426324	cosine	24.0	8.0	12.0	0.2364037567692295	0.1423291682149232
-1.687772324528215	cosine	24.0	4.0	8.0	0.42552676218461316	0.027061931661110435
-2.449268363119616	cosine	24.0	4.0	8.0	0.42552676218461316	0.027061931661110435
-0.45351611890829113	cosine	24.0	20.0	0.0	0.6878359394287951	0.0009259810947007011
0.17636367178318577	cosine	24.0	4.0	20.0	0.37518323968843365	0.044753897420978433
0.03361508972646918	cosine	24.0	16.0	20.0	0.31782086308186436	0.07516173316558697
0.04234301413402382	cosine	24.0	8.0	12.0	0.2048832558666656	0.1768962477431396
0.015546931635748355	cosine	24.0	8.0	16.0	0.35668561398608073	0.053232974601062806
-0.6038486854187541	cosine	24.0	20.0	4.0	0.5940401295066866	0.0035886947605967253
0.025164289852665087	cosine	24.0	16.0	20.0	0.12712834523274574	0.282525295751344
0.5282021229389247	cosine	24.0	20.0	8.0	0.24618298195866567	0.13260270265321483
-1.762710582766968	cosine	24.0	12.0	8.0	0.2364037567692295	0.1423291682149232
-0.188619730888604	cosine	24.0	20.0	12.0	0.29465333329284926	0.09117756893125428
0.6520796526534259	cosine	24.0	4.0	0.0	0.26792425767179345	0.11264743725548343
3.0745797455106887	cosine	24.0	4.0	8.0	0.26792425767179345	0.11264743725548343
-0.15719301839097702	cosine	24.0	4.0	12.0	0.5315095895586144	0.008075181454718987
1.1660910765170238	cosine	24.0	8.0	12.0	0.2994447585743574	0.08767317792776053
0.4563461249375466	cosine	24.0	0.0	12.0	0.35668561398608073	0.053232974601062806
1.1519134710581131	cosine	24.0	4.0	0.0	0.26792425767179345	0.11264743725548343
1.2412014632864496	cosine	24.0	12.0	20.0	0.325669473639465	0.07025277592236653
0.9689715610712532	cosine	24.0	16.0	20.0	0.38138503569823723	0.042167604419924586
-0.156370155664382	cosine	24.0	20.0	4.0	0.5002443195845782	0.011787064559833655
-2.0449573791034723	cosine	24.0	16.0	12.0	0.41316712200642364	0.03074837886955296
0.7011279614802263	cosine	24.0	4.0	0.0	0.14184225406153772	0.26045348007935765
-1.040177541373361	cosine	24.0	12.0	16.0	0.38138503569823723	0.042167604419924586
-0.07945921504934389	cosine	24.0	16.0	4.0	0.542782456065775	0.007014531725125648
1.2791489139526548	cosine	24.0	4.0	8.0	0.26792425767179345	0.11264743725548343
0.10461215233133155	cosine	24.0	16.0	0.0	0.5315095895586144	0.008075181454718987
-0.5030215111700228	cosine	24.0	20.0	4.0	0.5002443195845782	0.011787064559833655
-0.2661291517945994	cosine	24.0	16.0	4.0	0.29465333329284926	0.09117756893125428
0.16640501302509228	cosine	24.0	20.0	16.0	0.730987985088288	0.0004693265510989954
1.1828579389380611	cosine	24.0	0.0	12.0	0.6358308771056221	0.0020033371474573332
-0.2581466438760051	cosine	24.0	4.0	16.0	0.1395726315597707	0.26379925819755046
1.353644210484108	cosine	24.0	4.0	20.0	0.31265269974036136	0.07853426938217861
2.296944186320148	cosine	24.0	16.0	8.0	0.17058877190638644	0.22004281389555647
1.0879969605192559	cosine	24.0	20.0	8.0	0.5231388366621645	0.008951565507853972
-0.676344245356113	cosine	24.0	16.0	4.0	0.5117663157191593	0.010275152505006458
-1.657805061904473	cosine	24.0	20.0	16.0	0.41316712200642364	0.03074837886955296
0.7678118792537036	cosine	24.0	16.0	12.0	0.31782086308186436	0.07516173316558697
-1.1246241273765778	cosine	24.0	4.0	0.0	0.42552676218461316	0.027061931661110435
0.1729974358689205	cosine	24.0	8.0	16.0	0.35668561398608073	0.053232974601062806
-0.5368511034458059	cosine	24.0	16.0	20.0	0.19069251784911861	0.19405940885016393
0.14276948956280489	cosine	24.0	8.0	20.0	0.5231388366621645	0.008951565507853972
-0.27814799203184704	cosine	24.0	4.0	0.0	0.26792425767179345	0.11264743725548343
-0.690995936942273	cosine	24.0	8.0	12.0	0.5516087657948688	0.006271913590386279
-0.4028330609276486	cosine	24.0	20.0	12.0	0.542782456065775	0.007014531725125648
-1.8800650741815528	cosine	24.0	4.0	20.0	0.37518323968843365	0.044753897420978433
0.6265208497301876	cosine	24.0	4.0	0.0	0.42552676218461316	0.027061931661110435
-0.3322179693857321	cosine	24.0	12.0	20.0	0.6358308771056221	0.0020033371474573332
-0.5675643130125203	cosine	24.0	0.0	4.0	0.4570472630871771	0.01929656018546278
1.8588984431577267	cosine	24.0	20.0	0.0	0.43771377963650593	0.02379564823412834
-0.29554509974273596	cosine	24.0	20.0	16.0	0.6038596398555423	0.0031385812005819934
-0.2564123970918183	cosine	24.0	16.0	12.0	0.2542566904654915	0.12492539106643724
0.4712792229158378	cosine	24.0	8.0	16.0	0.26363719294623356	0.11640217218244758
-0.8222763445292584	cosine	24.0	20.0	16.0	0.38138503569823723	0.042167604419924586
0.6430565796526964	cosine	24.0	12.0	16.0	0.15891043154093218	0.2360104104586807
0.47236308421551065	cosine	24.0	16.0	0.0	0.2501221597922891	0.12881724171626302
1.2195737581200632	cosine	24.0	0.0	4.0	0.6146497675999968	0.002703128848699784
-1.8323629393055254	cosine	24.0	16.0	20.0	0.19069251784911861	0.19405940885016393
-0.1655780731661645	cosine	24.0	8.0	12.0	0.2364037567692295	0.1423291682149232
-1.1411023225947186	cosine	24.0	12.0	4.0	0.28138742976632525	0.10142035953841916
-0.188776544432073	cosine	24.0	12.0	16.0	0.508513380930983	0.01068384436354423
0.16456061189137466	cosine	24.0	4.0	0.0	0.4570472630871771	0.01929656018546278
0.5133370634728266	cosine	24.0	4.0	8.0	0.33096525947692135	0.06708239491800405
-0.05184837533170478	cosine	24.0	20.0	16.0	0.5720775535473558	0.004811332704071246
-0.552015540392434	cosine	24.0	0.0	4.0	0.33096525947692135	0.06708239491800405
-0.3679283572003729	cosine	24.0	4.0	20.0	0.37518323968843365	0.044753897420978433
-0.7606823539986116	cosine	24.0	12.0	8.0	0.2364037567692295	0.1423291682149232
-0.04741360536148215	cosine	24.0	20.0	0.0	0.34391796971439753	0.05979464037584733
1.914212769774645	cosine	24.0	8.0	12.0	0.5831292666974328	0.004156084107205838
0.40906525801704696	cosine	24.0	8.0	16.0	0.38770175433269644	0.03965908586713749
0.5859141855655874	cosine	24.0	12.0	4.0	0.31265269974036136	0.07853426938217861
0.9439075364160783	cosine	24.0	0.0	8.0	0.5002443195845782	0.011787064559833655
-1.0912436142691913	cosine	24.0	12.0	16.0	0.6038596398555423	0.0031385812005819934
-0.42168654382513343	cosine	24.0	12.0	16.0	0.6356417261637287	0.0020087796364305814
0.0761267951274074	cosine	24.0	12.0	16.0	0.22247460415730505	0.1569979267286259
-2.299761233013208	cosine	24.0	0.0	20.0	0.46897904961054204	0.016897895516253123
-1.0319948524652423	cosine	24.0	0.0	20.0	0.31265269974036136	0.07853426938217861
-2.1360809225134494	cosine	24.0	20.0	0.0	0.37518323968843365	0.044753897420978433
-1.9137452349346284	cosine	24.0	4.0	0.0	0.3940062612820492	0.037277784955182205
1.5418299265054192	cosine	24.0	16.0	12.0	0.34960294939005077	0.05679866795607516
-0.2566022224897475	cosine	24.0	16.0	20.0	0.22247460415730505	0.1569979267286259
0.3876296044409818	cosine	24.0	4.0	12.0	0.31265269974036136	0.07853426938217861
0.767412622237067	cosine	24.0	0.0	20.0	0.40644850966246976	0.03292085287309089
1.1100999609869495	cosine	24.0	16.0	20.0	0.31782086308186436	0.07516173316558697
-0.6541280516746392	cosine	24.0	8.0	16.0	0.5117663157191593	0.010275152505006458
-0.21952245383303043	cosine	24.0	8.0	0.0	0.6565706694547588	0.001481745846560898
1.4967975261490079	cosine	24.0	4.0	20.0	0.34391796971439753	0.05979464037584733
-0.41362344927879013	cosine	24.0	12.0	16.0	0.19069251784911861	0.19405940885016393
0.4920963396055929	cosine	24.0	0.0	8.0	0.34391796971439753	0.05979464037584733
1.989784004072477	cosine	24.0	8.0	12.0	0.5831292666974328	0.004156084107205838
-0.21370091511696965	cosine	24.0	8.0	0.0	0.5002443195845782	0.011787064559833655
0.2512628635643599	cosine	24.0	12.0	8.0	0.42552676218461316	0.027061931661110435
-1.1988253119441048	cosine	24.0	0.0	16.0	0.40644850966246976	0.03292085287309089
1.088464981596221	cosine	24.0	4.0	8.0	0.42552676218461316	0.027061931661110435
1.0185559409421365	cosine	24.0	12.0	16.0	0.4449492083146101	0.022018113736134944
-1.477428163701234	cosine	24.0	16.0	8.0	0.5117663157191593	0.010275152505006458
-1.0036825118520503	cosine	24.0	12.0	8.0	0.26792425767179345	0.11264743725548343
-1.0656723746588659	cosine	24.0	12.0	8.0	0.42552676218461316	0.027061931661110435
-1.0424938044197471	cosine	24.0	16.0	20.0	0.38138503569823723	0.042167604419924586
0.9295809309267583	cosine	24.0	4.0	8.0	0.5516087657948688	0.006271913590386279
-0.6296663087724187	cosine	24.0	20.0	16.0	0.5720775535473558	0.004811332704071246
0.7379286474009878	cosine	24.0	0.0	16.0	0.46897904961054204	0.016897895516253123
-0.6865625713205881	cosine	24.0	16.0	12.0	0.19069251784911861	0.19405940885016393
0.11695434172807598	cosine	24.0	12.0	20.0	0.41871789467931214	0.02904431653896035
-0.7146114421098496	cosine	24.0	20.0	0.0	0.18759161984421682	0.1979406704679717
0.4559437117939822	cosine	24.0	8.0	4.0	0.4570472630871771	0.01929656018546278
-0.03787141661969847	cosine	24.0	0.0	12.0	0.542782456065775	0.007014531725125648
0.9053620709992143	cosine	24.0	4.0	0.0	0.33096525947692135	0.06708239491800405
0.466731543526481	cosine	24.0	16.0	8.0	0.325669473639465	0.07025277592236653
-0.2618311825336002	cosine	24.0	0.0	12.0	0.6978631577988536	0.0007932410229537244
0.8436232310772203	cosine	24.0	4.0	8.0	0.4570472630871771	0.01929656018546278
0.5015935681763252	cosine	24.0	0.0	20.0	0.28138742976632525	0.10142035953841916
-0.9953266392406774	cosine	24.0	12.0	4.0	0.40644850966246976	0.03292085287309089
0.22861765064008527	cosine	24.0	4.0	0.0	0.36248576037948527	0.05044712112711767
0.17989179047324394	cosine	24.0	0.0	20.0	0.2501221597922891	0.12881724171626302
1.031723083697332	cosine	24.0	20.0	16.0	0.19069251784911861	0.19405940885016393
2.0357712127963214	cosine	24.0	0.0	16.0	0.31265269974036136	0.07853426938217861
-0.6413108746113723	cosine	24.0	0.0	20.0	0.18759161984421682	0.1979406704679717
0.4820760468147139	cosine	24.0	16.0	20.0	0.22247460415730505	0.1569979267286259
0.2697492094757128	cosine	24.0	4.0	8.0	0.17336275496410164	0.21634316011970334
1.0970201903408578	cosine	24.0	16.0	20.0	0.2860387767736779	0.0977376033412587
0.04335122733706384	cosine	24.0	16.0	12.0	0.508513380930983	0.01068384436354423
-0.4696046007798208	cosine	24.0	4.0	12.0	0.31265269974036136	0.07853426938217861
2.0119460760970727	cosine	24.0	4.0	0.0	0.2048832558666656	0.1768962477431396
-0.1640883673768313	cosine	24.0	12.0	20.0	0.325669473639465	0.07025277592236653
0.3931391796764756	cosine	24.0	4.0	16.0	0.542782456065775	0.007014531725125648
1.7064912144034208	cosine	24.0	16.0	12.0	0.38138503569823723	0.042167604419924586
0.1619008988805097	cosine	24.0	16.0	8.0	0.23262105259961785	0.14621780365458337
0.5604495377698446	cosine	24.0	16.0	12.0	0.508513380930983	0.01068384436354423
-0.8999738150786415	cosine	24.0	20.0	16.0	0.2542566904654915	0.12492539106643724
-0.8810482776057933	cosine	24.0	4.0	8.0	0.2364037567692295	0.1423291682149232
1.3142807303393194	cosine	24.0	16.0	20.0	0.508513380930983	0.01068384436354423
-0.12944108503581214	cosine	24.0	12.0	8.0	0.26792425767179345	0.11264743725548343
-0.5504936654101561	cosine	24.0	0.0	12.0	0.6048147367590064	0.0030976341623523166
-0.7080990567846578	cosine	24.0	12.0	8.0	0.4570472630871771	0.01929656018546278
1.0493094212446832	cosine	24.0	16.0	12.0	0.6992058987801015	0.0007768612113157386
-0.19421492115217245	cosine	24.0	16.0	12.0	0.4449492083146101	0.022018113736134944
0.23503933970283633	cosine	24.0	4.0	0.0	0.36248576037948527	0.05044712112711767
-0.00896486631668092	cosine	24.0	4.0	8.0	0.4570472630871771	0.01929656018546278
1.0785898918269359	cosine	24.0	20.0	12.0	0.26363719294623356	0.11640217218244758
0.7726602057066307	cosine	24.0	8.0	16.0	0.38770175433269644	0.03965908586713749
-0.41341546666124146	cosine	24.0	12.0	8.0	0.2994447585743574	0.08767317792776053
0.3073072883708727	cosine	24.0	8.0	12.0	0.33096525947692135	0.06708239491800405
0.6083023815079088	cosine	24.0	8.0	4.0	0.42552676218461316	0.027061931661110435
1.2723890578805148	cosine	24.0	16.0	12.0	0.2860387767736779	0.0977376033412587
-0.8704300712262997	cosine	24.0	16.0	20.0	0.34960294939005077	0.05679866795607516
1.5749933776226093	cosine	24.0	20.0	8.0	0.3385016001931653	0.06276288318311772
0.5665810221387619	cosine	24.0	20.0	0.0	0.37518323968843365	0.044753897420978433
-0.5157190402697227	cosine	24.0	8.0	4.0	0.488567763989741	0.013512582066973257
-0.8894661963982419	cosine	24.0	20.0	16.0	0.31782086308186436	0.07516173316558697
-1.6137478545070676	cosine	24.0	12.0	8.0	0.26792425767179345	0.11264743725548343
-0.3531901084217785	cosine	24.0	12.0	16.0	0.4449492083146101	0.022018113736134944
-0.03547611872019652	cosine	24.0	4.0	0.0	0.07880125225640984	0.3606815004067642
0.8280898295015355	cosine	24.0	12.0	8.0	0.5516087657948688	0.006271913590386279
1.060853561744413	cosine	24.0	20.0	8.0	0.40004734568283173	0.03510685701315916
2.232235524462148	cosine	24.0	12.0	4.0	0.43771377963650593	0.02379564823412834
-0.3740345816416897	cosine	24.0	16.0	4.0	0.108556491213155	0.31160584178390943
1.6705442150497671	cosine	24.0	0.0	4.0	0.33096525947692135	0.06708239491800405
0.9961375820120028	cosine	24.0	20.0	16.0	0.4767312946227965	0.015480063791539503
-0.7758194024838729	cosine	24.0	0.0	12.0	0.6978631577988536	0.0007932410229537244
0.4760070346719914	cosine	24.0	4.0	8.0	0.36248576037948527	0.05044712112711767
-0.8392647373690827	cosine	24.0	8.0	0.0	0.6565706694547588	0.001481745846560898
-1.0328792970865812	cosine	24.0	8.0	20.0	0.3385016001931653	0.06276288318311772
-1.2118718398510968	cosine	24.0	8.0	4.0	0.36248576037948527	0.05044712112711767
-0.2028851734848211	cosine	24.0	0.0	8.0	0.46897904961054204	0.016897895516253123
0.0899326069425847	cosine	24.0	12.0	4.0	0.5002443195845782	0.011787064559833655
0.1772419524620203	cosine	24.0	8.0	4.0	0.3940062612820492	0.037277784955182205
0.010869849636739143	cosine	24.0	20.0	0.0	0.46897904961054204	0.016897895516253123
-0.0833538658508964	cosine	24.0	8.0	12.0	0.2048832558666656	0.1768962477431396
